# This file was generated by Animated Java via MC-Build. It is not recommended to edit this file directly.
$data merge entity $(text_display_ammo_left) { transformation: [-1f,1.368136703841374e-15f,8.665293146946319e-16f,0.16562499999999997f,1.5801474953939527e-15f,0.7071067811865475f,0.7071067811865477f,0.8702167224389782f,3.546899863589409e-16f,0.7071067811865477f,-0.7071067811865475f,0.3321193487677502f,0f,0f,0f,1f], start_interpolation: 0, interpolation_duration: 1 }
$data merge entity $(text_display_ammo_right) { transformation: [-1f,1.368136703841374e-15f,8.665293146946319e-16f,-0.14687500000000003f,1.5801474953939527e-15f,0.7071067811865475f,0.7071067811865477f,0.8702167224389782f,3.546899863589409e-16f,0.7071067811865477f,-0.7071067811865475f,0.3321193487677502f,0f,0f,0f,1f], start_interpolation: 0, interpolation_duration: 1 }
$data merge entity $(text_display_health) { transformation: [-1f,1.368136703841374e-15f,8.665293146946319e-16f,0.009374999999999958f,1.5801474953939527e-15f,0.7071067811865475f,0.7071067811865477f,0.87905555720381f,3.546899863589409e-16f,0.7071067811865477f,-0.7071067811865475f,0.340958183532582f,0f,0f,0f,1f], start_interpolation: 0, interpolation_duration: 1 }
$data merge entity $(bone_barrel1) { transformation: [0.3447636089615838f,-1.2879011017187576f,0.015052704247804798f,1.477364298322012f,-1.28667530524544f,-0.34509206013669413f,-0.05617745704411343f,0.39670379742190914f,0.058159183153781546f,-4.535000864000876e-16f,-1.3320642954424768f,2.1621173331202885f,0f,0f,0f,1f], start_interpolation: 0, interpolation_duration: 1 }
$data merge entity $(bone_barrel2) { transformation: [0.3447636089615838f,-1.2879011017187576f,0.015052704247804798f,1.1151421134636115f,-1.28667530524544f,-0.34509206013669413f,-0.05617745704411343f,0.2996466555084639f,0.058159183153781546f,-4.535000864000876e-16f,-1.3320642954424768f,2.1621173331202885f,0f,0f,0f,1f], start_interpolation: 0, interpolation_duration: 1 }
$data merge entity $(bone_blaster_left) { transformation: [0.2585727067211879f,-0.9659258262890683f,0.011289528185853598f,1.281533638295526f,-0.9650064789340801f,-0.25881904510252063f,-0.04213309278308507f,0.403425741311812f,0.04361938736533616f,-3.4012506480006574e-16f,-0.9990482215818577f,1.9402133276353495f,0f,0f,0f,1f], start_interpolation: 0, interpolation_duration: 1 }
$data merge entity $(bone_left_hand) { transformation: [-0.9659258262890683f,0.011289528185853326f,0.2585727067211879f,1.2770749105724564f,-0.25881904510252063f,-0.04213309278308491f,-0.9650064789340801f,0.7656645410993893f,-1.1829179713786698e-16f,-0.9990482215818577f,0.04361938736533594f,1.612006494561557f,0f,0f,0f,1f], start_interpolation: 0, interpolation_duration: 1 }
$data merge entity $(bone_left_arm_low) { transformation: [-0.9659258262890683f,0.011289528185853326f,0.2585727067211879f,1.23607447170028f,-0.25881904510252063f,-0.04213309278308491f,-0.9650064789340801f,0.6771988055307069f,-1.1829179713786698e-16f,-0.9990482215818577f,0.04361938736533594f,0.614321378834866f,0f,0f,0f,1f], start_interpolation: 0, interpolation_duration: 1 }
$data merge entity $(bone_left_arm) { transformation: [-1.068984477386792f,-0.2025390896100246f,0.2025390896100248f,1f,-0.2864335274371965f,0.7558861729433582f,-0.755886172943358f,1.4375f,-1.309128418569941e-16f,-0.7825509499495952f,-0.7825509499495952f,-0.18117374999999988f,0f,0f,0f,1f], start_interpolation: 0, interpolation_duration: 1 }
execute on vehicle unless entity @s[tag=aj.transforms_only] at @s run function animated_java:mech_torso/animations/gatling_shooting_l/zzz/frames/zzz/0