# This file was generated by Animated Java via MC-Build. It is not recommended to edit this file directly.
$data merge entity $(text_display_ammo_left) { transformation: [-1f,1.368136703841374e-15f,8.665293146946319e-16f,0.16562499999999997f,1.5801474953939527e-15f,0.7071067811865475f,0.7071067811865477f,0.8702167224389782f,3.546899863589409e-16f,0.7071067811865477f,-0.7071067811865475f,0.3321193487677502f,0f,0f,0f,1f], start_interpolation: 0, interpolation_duration: 1 }
$data merge entity $(text_display_ammo_right) { transformation: [-1f,1.368136703841374e-15f,8.665293146946319e-16f,-0.14687500000000003f,1.5801474953939527e-15f,0.7071067811865475f,0.7071067811865477f,0.8702167224389782f,3.546899863589409e-16f,0.7071067811865477f,-0.7071067811865475f,0.3321193487677502f,0f,0f,0f,1f], start_interpolation: 0, interpolation_duration: 1 }
$data merge entity $(text_display_health) { transformation: [-1f,1.368136703841374e-15f,8.665293146946319e-16f,0.009374999999999958f,1.5801474953939527e-15f,0.7071067811865475f,0.7071067811865477f,0.87905555720381f,3.546899863589409e-16f,0.7071067811865477f,-0.7071067811865475f,0.340958183532582f,0f,0f,0f,1f], start_interpolation: 0, interpolation_duration: 1 }
$data merge entity $(bone_barrel1) { transformation: [0.17854330294765702f,-1.3146526537472334f,-0.132621516903085f,1.5826536412937227f,-0.9860317512953537f,-0.22164887272093253f,0.8697073878246264f,-0.9292844338592067f,-0.8795689013304961f,-0.018383552286594343f,-1.0018973852622668f,0.5931839896869042f,0f,0f,0f,1f], start_interpolation: 0, interpolation_duration: 1 }
$data merge entity $(bone_barrel2) { transformation: [0.17854330294765702f,-1.3146526537472334f,-0.132621516903085f,1.2129075824273132f,-0.9860317512953537f,-0.22164887272093253f,0.8697073878246264f,-0.991623179311969f,-0.8795689013304961f,-0.018383552286594343f,-1.0018973852622668f,0.5880136156062995f,0f,0f,0f,1f], start_interpolation: 0, interpolation_duration: 1 }
$data merge entity $(bone_blaster_left) { transformation: [0.13390747721074278f,-0.9859894903104252f,-0.09946613767731374f,1.3671131324574715f,-0.7395238134715153f,-0.1662366545406994f,0.6522805408684699f,-0.7680590772023738f,-0.6596766759978722f,-0.013787664214945757f,-0.7514230389467002f,0.46995699180163936f,0f,0f,0f,1f], start_interpolation: 0, interpolation_duration: 1 }
$data merge entity $(bone_sword_left) { transformation: [-2.626723658345671f,-0.2649825983023522f,0.3567359914841506f,1.1429949083352224f,-0.44286248246805976f,1.7377068877664128f,-1.9701271827391011f,0.4567309015034605f,-0.03673100387238545f,-2.001827294534225f,-1.7574105492310055f,1.4179583931102706f,0f,0f,0f,1f], start_interpolation: 0, interpolation_duration: 1 }
$data merge entity $(bone_rocket_left) { transformation: [-2.2720110634038155f,-0.22919936516337028f,0.3085623859941107f,1.3339717665820874f,-0.38305836114013403f,1.5030470607040698f,-1.7040813338982674f,0.0005712467762586937f,-0.03177085145703814f,-1.7315006646226192f,-1.5200899409837991f,0.060170743674402005f,0f,0f,0f,1f], start_interpolation: 0, interpolation_duration: 1 }
$data merge entity $(bone_drillhead_left1) { transformation: [0.13390747721074253f,-0.09946613767731399f,0.9859894903104252f,1.402447125221316f,-0.7395238134715152f,0.65228054086847f,0.16623665454069939f,-1.0635284086021946f,-0.6596766759978724f,-0.7514230389467f,0.013787664214945445f,1.0724983306328237f,0f,0f,0f,1f], start_interpolation: 0, interpolation_duration: 1 }
$data merge entity $(bone_drillhead_left2) { transformation: [-0.9621796823673946f,-0.09946613767731399f,-0.2536074649826724f,1.1699834942354734f,0.12942086857169827f,0.65228054086847f,-0.746846928615552f,-0.8448938663223207f,0.2397091938527327f,-0.7514230389467f,-0.6147380896955865f,1.2930576007448604f,0f,0f,0f,1f], start_interpolation: 0, interpolation_duration: 1 }
$data merge entity $(bone_drillhead_left3) { transformation: [0.8596913363706805f,-0.09946613767731399f,-0.5010362198731256f,1.5440961009011382f,0.4365861539383015f,0.65228054086847f,0.619614901526503f,-0.7817198530485556f,0.2651854753913855f,-0.7514230389467f,0.6041854683634413f,1.2983750361953603f,0f,0f,0f,1f], start_interpolation: 0, interpolation_duration: 1 }
$data merge entity $(bone_drill_left) { transformation: [0.2047184764919514f,-0.15206437005599005f,1.5073860735629838f,1.3149615708093871f,-1.1305880117892422f,0.9972100240659799f,0.25414349791036667f,-0.5275584687167538f,-1.0085172755142089f,-1.1487796121498426f,0.02107865573498976f,0.8615389185490876f,0f,0f,0f,1f], start_interpolation: 0, interpolation_duration: 1 }
$data merge entity $(bone_left_hand) { transformation: [-0.9859894903104252f,-0.09946613767731399f,0.13390747721074275f,1.3753356180950729f,-0.16623665454069955f,0.65228054086847f,-0.7395238134715152f,-0.2793487853160066f,-0.01378766421494559f,-0.7514230389467f,-0.6596766759978724f,0.47711205539761903f,0f,0f,0f,1f], start_interpolation: 0, interpolation_duration: 1 }
$data merge entity $(bone_left_arm_low) { transformation: [-0.9859894903104252f,-0.09946613767731399f,0.13390747721074275f,1.218429745936193f,-0.16623665454069955f,0.65228054086847f,-0.7395238134715152f,0.3394318454726848f,-0.01378766421494559f,-0.7514230389467f,-0.6596766759978724f,-0.2957876086874486f,0f,0f,0f,1f], start_interpolation: 0, interpolation_duration: 1 }
$data merge entity $(bone_left_arm) { transformation: [-1.0911888173211874f,-0.1845646889891375f,-0.0038495539428671554f,1f,-0.18397313586637407f,1.0853109170787876f,0.11413184079441592f,1.4375f,-0.015258727558639032f,0.11317273250201296f,-1.1007865744027527f,-0.18117374999999988f,0f,0f,0f,1f], start_interpolation: 0, interpolation_duration: 1 }