# This file was generated by Animated Java via MC-Build. It is not recommended to edit this file directly.
$data merge entity $(text_display_ammo_left) { transformation: [-1f,1.368136703841374e-15f,8.665293146946319e-16f,0.10312499999999997f,1.5801474953939527e-15f,0.7071067811865475f,0.7071067811865477f,0.9327167224389782f,3.546899863589409e-16f,0.7071067811865477f,-0.7071067811865475f,0.3321193487677502f,0f,0f,0f,1f], start_interpolation: 0, interpolation_duration: 1 }
$data merge entity $(text_display_ammo_right) { transformation: [-1f,1.368136703841374e-15f,8.665293146946319e-16f,-0.20937500000000003f,1.5801474953939527e-15f,0.7071067811865475f,0.7071067811865477f,0.9327167224389782f,3.546899863589409e-16f,0.7071067811865477f,-0.7071067811865475f,0.3321193487677502f,0f,0f,0f,1f], start_interpolation: 0, interpolation_duration: 1 }
$data merge entity $(text_display_health) { transformation: [-1f,1.368136703841374e-15f,8.665293146946319e-16f,-0.05312500000000004f,1.5801474953939527e-15f,0.7071067811865475f,0.7071067811865477f,0.94155555720381f,3.546899863589409e-16f,0.7071067811865477f,-0.7071067811865475f,0.340958183532582f,0f,0f,0f,1f], start_interpolation: 0, interpolation_duration: 1 }
$data merge entity $(bone_barrel1) { transformation: [0.13325425544672714f,-1.3017280094932444f,-0.2559790430560122f,1.6875986106364416f,-0.6010711031927068f,-0.28858615191747045f,1.1546468462720305f,-0.9976835047634407f,-1.1826811109042952f,-2.961207552192413e-16f,-0.6156648176467122f,-0.21397151209426063f,0f,0f,0f,1f], start_interpolation: 0, interpolation_duration: 1 }
$data merge entity $(bone_barrel2) { transformation: [0.13325425544672714f,-1.3017280094932444f,-0.2559790430560122f,1.3214876079664666f,-0.6010711031927068f,-0.28858615191747045f,1.1546468462720305f,-1.0788483599902292f,-1.1826811109042952f,-2.961207552192413e-16f,-0.6156648176467122f,-0.21397151209426074f,0f,0f,0f,1f], start_interpolation: 0, interpolation_duration: 1 }
$data merge entity $(bone_blaster_left) { transformation: [0.09994069158504536f,-0.9762960071199334f,-0.19198428229200917f,1.4558640407893715f,-0.45080332739453016f,-0.21643961393810285f,0.8659851347040229f,-0.8183105630594671f,-0.8870108331782215f,-2.22090566414431e-16f,-0.4617486132350342f,-0.25593168974622543f,0f,0f,0f,1f], start_interpolation: 0, interpolation_duration: 1 }
$data merge entity $(bone_sword_left) { transformation: [-2.600899750607847f,-0.511455407266224f,0.2662468328493207f,1.2747441797182733f,-0.5766055927791136f,2.307026254799695f,-1.2009618530065187f,-0.021210189265748913f,-3.185183554485049e-16f,-1.2301206235077702f,-2.363039731777053f,1.0785617411962347f,0f,0f,0f,1f], start_interpolation: 0, interpolation_duration: 1 }
$data merge entity $(bone_rocket_left) { transformation: [-2.24967441451643f,-0.4423885017575168f,0.23029287755791683f,1.356953084996841f,-0.49874081038267365f,1.9954855767999462f,-1.0387840411332983f,0.04111561968109001f,-2.755056570861242e-16f,-1.0640052131296782f,-2.0439349974262573f,-0.36279119316067954f,0f,0f,0f,1f], start_interpolation: 0, interpolation_duration: 1 }
$data merge entity $(bone_drillhead_left1) { transformation: [0.0999406915850451f,-0.19198428229200942f,0.9762960071199334f,1.5572193490140074f,-0.45080332739453005f,0.865985134704023f,0.21643961393810293f,-1.3030833401451267f,-0.8870108331782216f,-0.46174861323503397f,-7.739419200330428e-17f,0.19830298301039612f,0f,0f,0f,1f], start_interpolation: 0, interpolation_duration: 1 }
$data merge entity $(bone_drillhead_left2) { transformation: [-0.9402255455393059f,-0.19198428229200942f,-0.2812791475885421f,1.338087107998564f,-0.02744916469311584f,0.865985134704023f,-0.4993158217293992f,-1.1916559239905338f,0.33944435018566f,-0.46174861323503397f,-0.8194911538891424f,0.4983892811282325f,0f,0f,0f,1f], start_interpolation: 0, interpolation_duration: 1 }
$data merge entity $(bone_drillhead_left3) { transformation: [0.8637342517618941f,-0.19198428229200942f,-0.46594546642943446f,1.7085259745002899f,0.372479093991f,0.865985134704023f,0.33366011300618287f,-1.1094701196977117f,0.3394443501856599f,-0.46174861323503397f,0.8194911538891424f,0.49850459253654567f,0f,0f,0f,1f], start_interpolation: 0, interpolation_duration: 1 }
$data merge entity $(bone_drill_left) { transformation: [0.15278987064062968f,-0.2935066106828864f,1.4925666239549926f,1.4310529401772498f,-0.6891905687721143f,1.3239227646883234f,0.33089405416981393f,-0.7343097504121823f,-1.3560669664048783f,-0.7059237810520417f,-1.183206599531916e-16f,0.19818834524512152f,0f,0f,0f,1f], start_interpolation: 0, interpolation_duration: 1 }
$data merge entity $(bone_left_hand) { transformation: [-0.9762960071199334f,-0.19198428229200942f,0.09994069158504532f,1.4466989329187803f,-0.21643961393810304f,0.865985134704023f,-0.45080332739453f,-0.3637017397087634f,-1.195617780139768e-16f,-0.46174861323503397f,-0.8870108331782216f,-0.07647870946952373f,0f,0f,0f,1f], start_interpolation: 0, interpolation_duration: 1 }
$data merge entity $(bone_left_arm_low) { transformation: [-0.9762960071199334f,-0.19198428229200942f,0.09994069158504532f,1.1968192967938076f,-0.21643961393810304f,0.865985134704023f,-0.45080332739453f,0.4746683151430491f,-1.195617780139768e-16f,-0.46174861323503397f,-0.8870108331782216f,-0.5659464112413771f,0f,0f,0f,1f], start_interpolation: 0, interpolation_duration: 1 }
$data merge entity $(bone_left_arm) { transformation: [-1.0804610960195888f,-0.225086883391286f,-0.08192492567817558f,0.9375f,-0.239532458180884f,1.0153013189758624f,0.3695394589184289f,1.5f,-1.3231832228436305e-16f,0.3785116975010148f,-1.039952341883477f,-0.18117374999999988f,0f,0f,0f,1f], start_interpolation: 0, interpolation_duration: 1 }