# This file was generated by Animated Java via MC-Build. It is not recommended to edit this file directly.
$data merge entity $(bone_barrel1) { transformation: [0.1371353719777782f,-1.3024597730716223f,-0.2501403747109032f,1.6819549142732537f,-0.6224187963553695f,-0.2852639104135919f,1.1441141206789016f,-0.9992838933188679f,-1.1711389795723761f,-0.0009048334326662901f,-0.637346412542198f,-0.29746819993292806f,0f,0f,0f,1f], start_interpolation: 0, interpolation_duration: 1 }
$data merge entity $(bone_barrel2) { transformation: [0.1371353719777782f,-1.3024597730716223f,-0.2501403747109032f,1.3156381030968598f,-0.6224187963553695f,-0.2852639104135919f,1.1441141206789016f,-1.0795143681226906f,-1.1711389795723761f,-0.0009048334326662901f,-0.637346412542198f,-0.29772268433586546f,0f,0f,0f,1f], start_interpolation: 0, interpolation_duration: 1 }
$data merge entity $(bone_blaster_left) { transformation: [0.10285152898333368f,-0.976844829803717f,-0.18760528103317745f,1.4508829054947165f,-0.4668140972665272f,-0.21394793281019397f,0.8580855905091764f,-0.8201059761685099f,-0.8783542346792823f,-0.0006786250744997178f,-0.4780098094066486f,-0.34369828051948154f,0f,0f,0f,1f], start_interpolation: 0, interpolation_duration: 1 }
$data merge entity $(bone_sword_left) { transformation: [-2.602361840763876f,-0.49978953626096867f,0.274001444368835f,1.2656930872193226f,-0.5699676338231098f,2.2859814872533213f,-1.243615317799396f,0.0011404259240946901f,-0.0018078899986788998f,-1.2734412360667662f,-2.339978134973618f,0.975507998067062f,0f,0f,0f,1f], start_interpolation: 0, interpolation_duration: 1 }
$data merge entity $(bone_rocket_left) { transformation: [-2.2509390641112352f,-0.4322979892272133f,0.23700030683345452f,1.354698716476798f,-0.4929992409798384f,1.9772826933180057f,-1.0756775847666458f,0.037522073720433646f,-0.0015637526488045304f,-1.101475812937447f,-2.023987637181228f,-0.46632953286746387f,0f,0f,0f,1f], start_interpolation: 0, interpolation_duration: 1 }
$data merge entity $(bone_drillhead_left1) { transformation: [0.10285152898333341f,-0.1876052810331777f,0.976844829803717f,1.548885737596095f,-0.46681409726652706f,0.8580855905091765f,0.21394793281019406f,-1.2969472297217979f,-0.8783542346792824f,-0.4780098094066484f,0.0006786250744994166f,0.11957760451319176f,0f,0f,0f,1f], start_interpolation: 0, interpolation_duration: 1 }
$data merge entity $(bone_drillhead_left2) { transformation: [-0.9418465208304652f,-0.1876052810331777f,-0.2787999098421853f,1.3286645478577663f,-0.019020095128072817f,0.8580855905091765f,-0.5131543192274981f,-1.1796302075226157f,0.3355046455429005f,-0.4780098094066484f,-0.8117531982876031f,0.41660645552594766f,0f,0f,0f,1f], start_interpolation: 0, interpolation_duration: 1 }
$data merge entity $(bone_drillhead_left3) { transformation: [0.863127368559786f,-0.1876052810331777f,-0.4688447548725716f,1.6993112846599072f,0.3763041371648038f,0.8580855905091765f,0.3494056606770567f,-1.098387780889891f,0.3367585811760584f,-0.4780098094066484f,0.811233801142006f,0.41697814331613076f,0f,0f,0f,1f], start_interpolation: 0, interpolation_duration: 1 }
$data merge entity $(bone_drill_left) { transformation: [0.1572399746221688f,-0.2868119698387943f,1.4934056670467506f,1.424199704025588f,-0.7136679204774268f,1.3118458987340444f,0.32708475856486074f,-0.7279506448519566f,-1.3428327117297916f,-0.730783985840685f,0.0010374856897805284f,0.10873086872802828f,0f,0f,0f,1f], start_interpolation: 0, interpolation_duration: 1 }
$data merge entity $(bone_left_hand) { transformation: [-0.976844829803717f,-0.1876052810331777f,0.10285152898333363f,1.4420731364319286f,-0.21394793281019417f,0.8580855905091765f,-0.466814097266527f,-0.3623448404549967f,-0.0006786250744996116f,-0.4780098094066484f,-0.8783542346792824f,-0.17242748849668454f,0f,0f,0f,1f], start_interpolation: 0, interpolation_duration: 1 }
$data merge entity $(bone_left_arm_low) { transformation: [-0.976844829803717f,-0.1876052810331777f,0.10285152898333363f,1.1966291638167477f,-0.21394793281019417f,0.8580855905091765f,-0.466814097266527f,0.46778106371396366f,-0.0006786250744996116f,-0.4780098094066484f,-0.8783542346792824f,-0.6779282818042167f,0f,0f,0f,1f], start_interpolation: 0, interpolation_duration: 1 }
$data merge entity $(bone_left_arm) { transformation: [-1.0810684748822665f,-0.22371479541886058f,-0.07755399061592878f,0.9386875f,-0.23677492921143384f,1.020278379783839f,0.3574096237884658f,1.49825f,-0.0007510304113024524f,0.3657262590933136f,-1.044516978271277f,-0.3061737499999999f,0f,0f,0f,1f], start_interpolation: 0, interpolation_duration: 1 }