# This file was generated by Animated Java via MC-Build. It is not recommended to edit this file directly.
$data merge entity $(bone_barrel1) { transformation: [0.14259617789289852f,-1.30353082803628f,-0.2413534507463355f,1.6747559042996827f,-0.653823976570609f,-0.28032139482600926f,1.127702044443466f,-1.0025661481423793f,-1.153238186798161f,-0.0022524963102286528f,-0.6691893517896411f,-0.23588127302720172f,0f,0f,0f,1f], start_interpolation: 0, interpolation_duration: 1 }
$data merge entity $(bone_barrel2) { transformation: [0.14259617789289852f,-1.30353082803628f,-0.2413534507463355f,1.308137858914479f,-0.653823976570609f,-0.28032139482600926f,1.127702044443466f,-1.0814065404371944f,-1.153238186798161f,-0.0022524963102286528f,-0.6691893517896411f,-0.23651478761445355f,0f,0f,0f,1f], start_interpolation: 0, interpolation_duration: 1 }
$data merge entity $(bone_blaster_left) { transformation: [0.10694713341967392f,-0.9776481210272102f,-0.18101508805975167f,1.4447043096328847f,-0.4903679824279568f,-0.210241046119507f,0.8457765333325997f,-0.823818164772153f,-0.8649286400986208f,-0.00168937223267149f,-0.5018920138422309f,-0.2884325985924876f,0f,0f,0f,1f], start_interpolation: 0, interpolation_duration: 1 }
$data merge entity $(bone_sword_left) { transformation: [-2.6045018474090047f,-0.48223294365376873f,0.28491233254145987f,1.2538345293973892f,-0.5600923085129297f,2.2531895639971573f,-1.3063640063072273f,0.032875434926964264f,-0.004500569280827799f,-1.337064582989705f,-2.304211702106998f,1.0072104581297336f,0f,0f,0f,1f], start_interpolation: 0, interpolation_duration: 1 }
$data merge entity $(bone_rocket_left) { transformation: [-2.2527900843957793f,-0.4171122377635994f,0.246437789364593f,1.3527079934802535f,-0.4844574789683857f,1.948918989282532f,-1.1299526943888212f,0.030601997650922474f,-0.003892812692788591f,-1.1565074671582554f,-1.993051101122985f,-0.4344413588949156f,0f,0f,0f,1f], start_interpolation: 0, interpolation_duration: 1 }
$data merge entity $(bone_drillhead_left1) { transformation: [0.10694713341967366f,-0.18101508805975192f,0.9776481210272102f,1.5377116284989574f,-0.4903679824279567f,0.8457765333325998f,0.21024104611950709f,-1.2885444888471476f,-0.8649286400986209f,-0.5018920138422307f,0.0016893722326711863f,0.18799763154835505f,0f,0f,0f,1f], start_interpolation: 0, interpolation_duration: 1 }
$data merge entity $(bone_drillhead_left2) { transformation: [-0.9441559851138049f,-0.18101508805975192f,-0.27532347097278326f,1.3159523659024117f,-0.006581696766099571f,0.8457765333325998f,-0.5334967075170837f,-1.1625552640470371f,0.3294330843152519f,-0.5018920138422307f,-0.7997363624344779f,0.4802925838282564f,0f,0f,0f,1f], start_interpolation: 0, interpolation_duration: 1 }
$data merge entity $(bone_drillhead_left3) { transformation: [0.862302192916509f,-0.18101508805975192f,-0.47293600622716386f,1.6869033761183883f,0.38189310204104865f,0.8457765333325998f,0.3725851772110035f,-1.0827163396631976f,0.3325546371723675f,-0.5018920138422307f,0.798443372905396f,0.4810460505100104f,0f,0f,0f,1f], start_interpolation: 0, interpolation_duration: 1 }
$data merge entity $(bone_drill_left) { transformation: [0.16350135686896977f,-0.27673684712414237f,1.494633743020388f,1.4153301513326406f,-0.7496772276957651f,1.2930277454484342f,0.3214176501131689f,-0.7195753288170844f,-1.3223075900129055f,-0.767295229343744f,0.00258272142007397f,0.16119760879545936f,0f,0f,0f,1f], start_interpolation: 0, interpolation_duration: 1 }
$data merge entity $(bone_left_hand) { transformation: [-0.9776481210272102f,-0.18101508805975192f,0.10694713341967388f,1.4365313416713998f,-0.2102410461195072f,0.8457765333325998f,-0.49036798242795665f,-0.36163827011363014f,-0.0016893722326713784f,-0.5018920138422307f,-0.8649286400986209f,-0.12943731196763641f,0f,0f,0f,1f], start_interpolation: 0, interpolation_duration: 1 }
$data merge entity $(bone_left_arm_low) { transformation: [-0.9776481210272102f,-0.18101508805975192f,0.10694713341967388f,1.197755343966812f,-0.2102410461195072f,0.8457765333325998f,-0.49036798242795665f,0.45567419838562695f,-0.0016893722326713784f,-0.5018920138422307f,-0.8649286400986209f,-0.6584639315774911f,0f,0f,0f,1f], start_interpolation: 0, interpolation_duration: 1 }
$data merge entity $(bone_left_arm) { transformation: [-1.0819574725934409f,-0.221539356660758f,-0.07113592259596255f,0.9420000000000001f,-0.23267253933435628f,1.0274015800150957f,0.3392365861109551f,1.4935f,-0.0018696183952260574f,0.34660970177831213f,-1.0510138903431456f,-0.3061737499999999f,0f,0f,0f,1f], start_interpolation: 0, interpolation_duration: 1 }