# This file was generated by Animated Java via MC-Build. It is not recommended to edit this file directly.
$data merge entity $(text_display_ammo_left) { transformation: [-1f,1.368136703841374e-15f,8.665293146946319e-16f,0.11268749999999997f,1.5801474953939527e-15f,0.7071067811865475f,0.7071067811865477f,0.9192167224389782f,3.546899863589409e-16f,0.7071067811865477f,-0.7071067811865475f,0.3321193487677502f,0f,0f,0f,1f], start_interpolation: 0, interpolation_duration: 1 }
$data merge entity $(text_display_ammo_right) { transformation: [-1f,1.368136703841374e-15f,8.665293146946319e-16f,-0.19981250000000003f,1.5801474953939527e-15f,0.7071067811865475f,0.7071067811865477f,0.9192167224389782f,3.546899863589409e-16f,0.7071067811865477f,-0.7071067811865475f,0.3321193487677502f,0f,0f,0f,1f], start_interpolation: 0, interpolation_duration: 1 }
$data merge entity $(text_display_health) { transformation: [-1f,1.368136703841374e-15f,8.665293146946319e-16f,-0.043562500000000046f,1.5801474953939527e-15f,0.7071067811865475f,0.7071067811865477f,0.92805555720381f,3.546899863589409e-16f,0.7071067811865477f,-0.7071067811865475f,0.340958183532582f,0f,0f,0f,1f], start_interpolation: 0, interpolation_duration: 1 }
$data merge entity $(bone_barrel1) { transformation: [0.1490862588824928f,-1.3048830407956584f,-0.22985063635777886f,1.6656536457276185f,-0.693707054705612f,-0.27393810425830634f,1.105217722923772f,-1.0054742478009664f,-1.1288585329623304f,-0.003992825693525444f,-0.7095352335711691f,-0.03170517234752367f,0f,0f,0f,1f], start_interpolation: 0, interpolation_duration: 1 }
$data merge entity $(bone_barrel2) { transformation: [0.1490862588824928f,-1.3048830407956584f,-0.22985063635777886f,1.2986552905038395f,-0.693707054705612f,-0.27393810425830634f,1.105217722923772f,-1.082519339623615f,-1.1288585329623304f,-0.003992825693525444f,-0.7095352335711691f,-0.032828154573827706f,0f,0f,0f,1f], start_interpolation: 0, interpolation_duration: 1 }
$data merge entity $(bone_blaster_left) { transformation: [0.11181469416186961f,-0.9786622805967439f,-0.17238797726833416f,1.4369778658509573f,-0.520280291029209f,-0.20545357819372975f,0.828913292192829f,-0.8275271905520444f,-0.8466438997217479f,-0.002994619270144083f,-0.5321514251783769f,-0.09235541637487957f,0f,0f,0f,1f], start_interpolation: 0, interpolation_duration: 1 }
$data merge entity $(bone_sword_left) { transformation: [-2.607203617519955f,-0.4592499035284109f,0.297879749624105f,1.2394437951781199f,-0.547338262564376f,2.208265074544153f,-1.3860518421825454f,0.07404897160569102f,-0.007977810475594914f,-1.4176771173274125f,-2.2555002699805566f,1.171443160122746f,0f,0f,0f,1f], start_interpolation: 0, interpolation_duration: 1 }
$data merge entity $(bone_rocket_left) { transformation: [-2.2551270076436243f,-0.3972328259078605f,0.2576540872731811f,1.350609905321132f,-0.47342573856957854f,1.9100611000140137f,-1.1988794900006052f,0.02181140753652344f,-0.006900487458854417f,-1.226234090011168f,-1.950917657677617f,-0.2683673915829485f,0f,0f,0f,1f], start_interpolation: 0, interpolation_duration: 1 }
$data merge entity $(bone_drillhead_left1) { transformation: [0.11181469416186934f,-0.1723879772683344f,0.9786622805967439f,1.5235319296223857f,-0.5202802910292088f,0.8289132921928292f,0.20545357819372984f,-1.276068516507661f,-0.846643899721748f,-0.5321514251783767f,0.002994619270143777f,0.4005195726411968f,0f,0f,0f,1f], start_interpolation: 0, interpolation_duration: 1 }
$data merge entity $(bone_drillhead_left2) { transformation: [-0.9469556812348665f,-0.1723879772683344f,-0.27121453329484824f,1.2999334050211329f,0.00928829178857124f,0.8289132921928292f,-0.5592999925457677f,-1.139050842345244f,0.32122992608513373f,-0.5321514251783767f,-0.7833429614593866f,0.6863808173118777f,0f,0f,0f,1f], start_interpolation: 0, interpolation_duration: 1 }
$data merge entity $(bone_drillhead_left3) { transformation: [0.8613764193334326f,-0.1723879772683344f,-0.47782114803516895f,1.671268601499774f,0.3889170033373597f,0.8289132921928292f,0.4020526315560358f,-1.0610246161127177f,0.3267632609878332f,-0.5321514251783767f,0.7810509790975361f,0.6876271780710752f,0f,0f,0f,1f], start_interpolation: 0, interpolation_duration: 1 }
$data merge entity $(bone_drill_left) { transformation: [0.17094291009759258f,-0.26354767341603985f,1.4961841956636552f,1.4043001340457937f,-0.7954073271103642f,1.2672471310513966f,0.31409854321612274f,-0.7077705587384777f,-1.2943537798823985f,-0.8135559812995886f,0.004578190161050186f,0.3531636611069617f,0f,0f,0f,1f], start_interpolation: 0, interpolation_duration: 1 }
$data merge entity $(bone_left_hand) { transformation: [-0.9786622805967439f,-0.1723879772683344f,0.11181469416186957f,1.4298154755701824f,-0.20545357819372995f,0.8289132921928292f,-0.5202802910292088f,-0.3601277203705656f,-0.002994619270143965f,-0.5321514251783767f,-0.846643899721748f,0.0506235647388491f,0f,0f,0f,1f], start_interpolation: 0, interpolation_duration: 1 }
$data merge entity $(bone_left_arm_low) { transformation: [-0.9786622805967439f,-0.1723879772683344f,0.11181469416186957f,1.1997553149571099f,-0.20545357819372995f,0.8289132921928292f,-0.5202802910292088f,0.43968596409049265f,-0.002994619270143965f,-0.5321514251783767f,-0.846643899721748f,-0.5081726460102162f,0f,0f,0f,1f], start_interpolation: 0, interpolation_duration: 1 }
$data merge entity $(bone_left_arm) { transformation: [-1.083079837073113f,-0.21849548387829157f,-0.06300609958169258f,0.9470625f,-0.22737427650779482f,1.0360963851259655f,0.3155585486807352f,1.4865000000000002f,-0.003314127677655917f,0.3217700775207761f,-1.058879130167385f,-0.18117374999999988f,0f,0f,0f,1f], start_interpolation: 0, interpolation_duration: 1 }