# This file was generated by Animated Java via MC-Build. It is not recommended to edit this file directly.
$data merge entity $(bone_blaster_left) { transformation: [-0.9798424091672316f,-0.1619150263045266f,0.11701443267460582f,1.574778612734997f,-0.19972002729878238f,0.8073153153712038f,-0.5552962202850542f,-0.3250823386148589f,-0.004556741503423162f,-0.567472911973689f,-0.8233794570445468f,-0.008478297502167602f,0f,0f,0f,1f], start_interpolation: 0, interpolation_duration: 1 }
$data merge entity $(bone_barrel_left) { transformation: [-2.248871424299375f,-0.3716169788266282f,0.26856401744865865f,1.5585493034451119f,-0.45838459128774695f,1.8528983091072506f,-1.274480253290788f,-1.5079707061811616f,-0.010458340707743704f,-1.302427414716826f,-1.8897676962934835f,0.21068326229334977f,0f,0f,0f,1f], start_interpolation: 0, interpolation_duration: 1 }
$data merge entity $(bone_sword_left) { transformation: [-2.6103475370712816f,-0.4313494559681969f,0.3117321043427292f,1.2228427465980813f,-0.5320638058586091f,2.15072702038913f,-1.4793359701566984f,0.12470892102576725f,-0.012139379607625303f,-1.5117752653553196f,-2.19352267024043f,1.0908520660940644f,0f,0f,0f,1f], start_interpolation: 0, interpolation_duration: 1 }
$data merge entity $(bone_rocket_left) { transformation: [-2.2578463724996767f,-0.3731000530029834f,0.26963582089594446f,1.3480341251925165f,-0.4602139435211258f,1.8602929810146696f,-1.2795665352951742f,0.012663051037492323f,-0.010500078561272769f,-1.3076252301434583f,-1.8973095090452379f,-0.34438796041420616f,0f,0f,0f,1f], start_interpolation: 0, interpolation_duration: 1 }
$data merge entity $(bone_drillhead_left1) { transformation: [0.1170144326746056f,-0.1619150263045266f,0.9798424091672316f,1.5062034572471843f,-0.5552962202850542f,0.8073153153712038f,0.19972002729878227f,-1.2575945308263958f,-0.8233794570445468f,-0.567472911973689f,0.004556741503422979f,0.37895997298234596f,0f,0f,0f,1f], start_interpolation: 0, interpolation_duration: 1 }
$data merge entity $(bone_drillhead_left2) { transformation: [-0.9500358316483267f,-0.1619150263045266f,-0.2668622169605069f,1.2806217866173475f,0.027985418104105153f,0.8073153153712038f,-0.5894563579609879f,-1.1076422057682178f,0.31088379655075404f,-0.567472911973689f,-0.7624472173326435f,0.6566540574114255f,0f,0f,0f,1f], start_interpolation: 0, interpolation_duration: 1 }
$data merge entity $(bone_drillhead_left3) { transformation: [0.8604768621839832f,-0.1619150263045266f,-0.48307669567348305f,1.6524041024905716f,0.39701990901198597f,0.8073153153712038f,0.43659726684349304f,-1.0317870018511603f,0.3193035569706685f,-0.567472911973689f,0.7589596383747828f,0.6584901352165344f,0f,0f,0f,1f], start_interpolation: 0, interpolation_duration: 1 }
$data merge entity $(bone_drill_left) { transformation: [0.17889229850111402f,-0.24753656925408607f,1.4979883826145801f,1.3909859799774815f,-0.8489398694263174f,1.2342280270974546f,0.3053330595511929f,-0.6910423079212689f,-1.2587869739017623f,-0.8675556616369823f,0.006966371092782861f,0.3070928463447372f,0f,0f,0f,1f], start_interpolation: 0, interpolation_duration: 1 }
$data merge entity $(bone_left_hand) { transformation: [-0.9798424091672316f,-0.1619150263045266f,0.11701443267460582f,1.421678236302617f,-0.19972002729878238f,0.8073153153712038f,-0.5552962202850542f,-0.3562885928802937f,-0.004556741503423162f,-0.567472911973689f,-0.8233794570445468f,-0.00919028836207747f,0f,0f,0f,1f], start_interpolation: 0, interpolation_duration: 1 }
$data merge entity $(bone_left_arm_low) { transformation: [-0.9798424091672316f,-0.1619150263045266f,0.11701443267460582f,1.2021797604462199f,-0.19972002729878238f,0.8073153153712038f,-0.5552962202850542f,0.42119121390082825f,-0.004556741503423162f,-0.567472911973689f,-0.8233794570445468f,-0.6026786047123724f,0f,0f,0f,1f], start_interpolation: 0, interpolation_duration: 1 }
$data merge entity $(bone_left_arm) { transformation: [-1.0843858784779885f,-0.21451145026796298f,-0.0535171261885789f,0.9535f,-0.2210289891780699f,1.0457522442398663f,0.28691533271024694f,1.4780000000000002f,-0.005042919240846311f,0.29182025273316153f,-1.0675146310914487f,-0.3061737499999999f,0f,0f,0f,1f], start_interpolation: 0, interpolation_duration: 1 }