# This file was generated by Animated Java via MC-Build. It is not recommended to edit this file directly.
$data merge entity $(bone_barrel_left) { transformation: [-2.2518583377370915f,-0.34385805749395265f,0.2802573041173441f,1.538060506595985f,-0.44336318077205283f,1.7921396153791036f,-1.3635663468915697f,-1.4896098451253021f,-0.014546826125446244f,-1.391993437030512f,-1.8247715348953555f,0.33927084462859725f,0f,0f,0f,1f], start_interpolation: 0, interpolation_duration: 1 }
$data merge entity $(bone_blaster_left) { transformation: [-0.9811438194778269f,-0.1498203515887561f,0.12210924514664272f,1.5652215593795509f,-0.19317513775563155f,0.7808425058556536f,-0.5941113929240512f,-0.31845076845552645f,-0.006338111197679837f,-0.6064971915012345f,-0.7950603656626085f,0.06510161907366722f,0f,0f,0f,1f], start_interpolation: 0, interpolation_duration: 1 }
$data merge entity $(bone_sword_left) { transformation: [-2.613814557040206f,-0.3991286579494397f,0.32530493101750496f,1.2044022731692934f,-0.5146279037793273f,2.0802021763205776f,-1.582741466133664f,0.18479751200211414f,-0.016885034572660308f,-1.6157378321902114f,-2.118079242042863f,1.1380642886770485f,0f,0f,0f,1f], start_interpolation: 0, interpolation_duration: 1 }
$data merge entity $(bone_rocket_left) { transformation: [-2.260845206313584f,-0.3452303494893592f,0.28137577392403523f,1.3446394896134275f,-0.44513258454425375f,1.7992918073816975f,-1.3690081597043404f,0.004654907140229703f,-0.014604880583137327f,-1.3975486985975003f,-1.832053956569673f,-0.28882857940550055f,0f,0f,0f,1f], start_interpolation: 0, interpolation_duration: 1 }
$data merge entity $(bone_drillhead_left1) { transformation: [0.1221092451466425f,-0.1498203515887561f,0.9811438194778269f,1.485660802978548f,-0.5941113929240512f,0.7808425058556536f,0.19317513775563142f,-1.231265310435667f,-0.7950603656626085f,-0.6064971915012345f,0.00633811119767966f,0.49501981129151396f,0f,0f,0f,1f], start_interpolation: 0, interpolation_duration: 1 }
$data merge entity $(bone_drillhead_left2) { transformation: [-0.9531878783217406f,-0.1498203515887561f,-0.2626532521601827f,1.2581084622699845f,0.0488860310889043f,0.7808425058556536f,-0.622812280718226f,-1.0669389965199048f,0.2984007784588936f,-0.6064971915012345f,-0.7369654890944632f,0.7627950701081536f,0f,0f,0f,1f], start_interpolation: 0, interpolation_duration: 1 }
$data merge entity $(bone_drillhead_left3) { transformation: [0.8597295082092858f,-0.1498203515887561f,-0.4882817168029551f,1.6303839310796537f,0.4058271430138567f,0.7808425058556536f,0.47496243119037784f,-0.9935621804242167f,0.3101120808795273f,-0.6064971915012345f,0.7321145087987839f,0.7653034004817323f,0f,0f,0f,1f], start_interpolation: 0, interpolation_duration: 1 }
$data merge entity $(bone_drill_left) { transformation: [0.18668127540526494f,-0.22904616503579475f,1.499977985746724f,1.3753239977386618f,-0.9082807156056679f,1.1937562525156966f,0.29532719696613885f,-0.6679565334178003f,-1.2154925936019767f,-0.927216191560208f,0.00968973873044832f,0.39536850230677606f,0f,0f,0f,1f], start_interpolation: 0, interpolation_duration: 1 }
$data merge entity $(bone_left_hand) { transformation: [-0.9811438194778269f,-0.1498203515887561f,0.12210924514664272f,1.4119178375861403f,-0.19317513775563155f,0.7808425058556536f,-0.5941113929240512f,-0.3486343837298439f,-0.006338111197679837f,-0.6064971915012345f,-0.7950603656626085f,0.06411128919902975f,0f,0f,0f,1f], start_interpolation: 0, interpolation_duration: 1 }
$data merge entity $(bone_left_arm_low) { transformation: [-0.9811438194778269f,-0.1498203515887561f,0.12210924514664272f,1.2045919111908525f,-0.19317513775563155f,0.7808425058556536f,-0.5941113929240512f,0.40156869498720615f,-0.006338111197679837f,-0.6064971915012345f,-0.7950603656626085f,-0.5676276706790162f,0f,0f,0f,1f], start_interpolation: 0, interpolation_duration: 1 }
$data merge entity $(bone_left_arm) { transformation: [-1.0858261416771642f,-0.2095278654400947f,-0.04303071215572087f,0.9609375f,-0.2137857980991872f,1.055754783310204f,0.25386895947071997f,1.46875f,-0.007014350690156957f,0.25739442429036813f,-1.0763228547989927f,-0.3061737499999999f,0f,0f,0f,1f], start_interpolation: 0, interpolation_duration: 1 }