# This file was generated by Animated Java via MC-Build. It is not recommended to edit this file directly.
$data merge entity $(bone_barrel1) { transformation: [0.16892310246370365f,-1.3100311306905734f,-0.18182739027272984f,1.623890103490649f,-0.8471982875488542f,-0.24793892574067342f,0.9992793045263305f,-0.99052730490619f,-1.0156268137490774f,-0.01106813000986942f,-0.8638040573357819f,0.1598684138738917f,0f,0f,0f,1f], start_interpolation: 0, interpolation_duration: 1 }
$data merge entity $(bone_barrel2) { transformation: [0.16892310246370365f,-1.3100311306905734f,-0.18182739027272984f,1.2554438479839252f,-0.8471982875488542f,-0.24793892574067342f,0.9992793045263305f,-1.0602601277707544f,-1.0156268137490774f,-0.01106813000986942f,-0.8638040573357819f,0.15675550230861593f,0f,0f,0f,1f], start_interpolation: 0, interpolation_duration: 1 }
$data merge entity $(bone_blaster_left) { transformation: [0.12669232684777776f,-0.9825233480179303f,-0.1363705427045474f,1.401391803174499f,-0.6353987156616407f,-0.1859541943055051f,0.749459478394748f,-0.8186516877960459f,-0.7617201103118082f,-0.008301097507402067f,-0.6478530430018365f,0.06718886820301806f,0f,0f,0f,1f], start_interpolation: 0, interpolation_duration: 1 }
$data merge entity $(bone_sword_left) { transformation: [-2.617489687748254f,-0.3632977170078124f,0.33751448218494423f,1.1845354032145532f,-0.4953909614159242f,1.9965962743183983f,-1.6927328894605345f,0.2540766910160588f,-0.02211452497943158f,-1.7259118194539707f,-2.029259190342656f,1.185792128654481f,0f,0f,0f,1f], start_interpolation: 0, interpolation_duration: 1 }
$data merge entity $(bone_rocket_left) { transformation: [-2.264024047605705f,-0.3142380165224351f,0.2919365480821695f,1.3401353618713325f,-0.42849339764811856f,1.7269760410424089f,-1.464146348255005f,-0.0007929969886698585f,-0.019128180939609343f,-1.4928447976626844f,-1.7552281589743277f,-0.22805764658673822f,0f,0f,0f,1f], start_interpolation: 0, interpolation_duration: 1 }
$data merge entity $(bone_drillhead_left1) { transformation: [0.1266923268477775f,-0.13637054270454765f,0.9825233480179303f,1.4619549050864924f,-0.6353987156616406f,0.7494594783947481f,0.18595419430550514f,-1.1954517687046329f,-0.7617201103118083f,-0.6478530430018363f,0.008301097507401753f,0.6203258237186015f,0f,0f,0f,1f], start_interpolation: 0, interpolation_duration: 1 }
$data merge entity $(bone_drillhead_left2) { transformation: [-0.9562162659406571f,-0.13637054270454765f,-0.2589469594974494f,1.232590190444652f,0.07135728732628333f,0.7494594783947481f,-0.6581934577232642f,-1.0157867792209938f,0.2838284522311687f,-0.6478530430018363f,-0.7069143119058491f,0.8764490629463553f,0f,0f,0f,1f], start_interpolation: 0, interpolation_duration: 1 }
$data merge entity $(bone_drillhead_left3) { transformation: [0.8592501569558025f,-0.13637054270454765f,-0.4930438548992331f,1.6053885203850102f,0.4149558355332495f,0.7494594783947481f,0.5158702790442331f,-0.9451445556869627f,0.29916688040010664f,-0.6478530430018363f,0.7005609269327896f,0.8796979068807638f,0f,0f,0f,1f], start_interpolation: 0, interpolation_duration: 1 }
$data merge entity $(bone_drill_left) { transformation: [0.19368791553498602f,-0.20848402436048544f,1.5020870164512803f,1.357336743529897f,-0.9714009982465593f,1.1457777101420656f,0.2842877795061421f,-0.6372593180850532f,-1.1645218306286234f,-0.9904412413451903f,0.012690762833593966f,0.49033505257654203f,0f,0f,0f,1f], start_interpolation: 0, interpolation_duration: 1 }
$data merge entity $(bone_left_hand) { transformation: [-0.9825233480179303f,-0.13637054270454765f,0.12669232684777773f,1.4004023627956204f,-0.18595419430550528f,0.7494594783947481f,-0.6353987156616406f,-0.3358103164571914f,-0.008301097507401923f,-0.6478530430018363f,-0.7617201103118083f,0.14347638180866795f,0f,0f,0f,1f], start_interpolation: 0, interpolation_duration: 1 }
$data merge entity $(bone_left_arm_low) { transformation: [-0.9825233480179303f,-0.13637054270454765f,0.12669232684777773f,1.2065832460539452f,-0.18595419430550528f,0.7494594783947481f,-0.6353987156616406f,0.3821708149290364f,-0.008301097507401923f,-0.6478530430018363f,-0.7617201103118083f,-0.5286992332346251f,0f,0f,0f,1f], start_interpolation: 0, interpolation_duration: 1 }
$data merge entity $(bone_left_arm) { transformation: [-1.0873528578652467f,-0.20351308061986098f,-0.03190872988575932f,0.969f,-0.2057944221051026f,1.0655155559009546f,0.21701897266721729f,1.4595000000000002f,-0.009186776188372915f,0.21915976976562443f,-1.0847380222862897f,-0.3061737499999999f,0f,0f,0f,1f], start_interpolation: 0, interpolation_duration: 1 }