# This file was generated by Animated Java via MC-Build. It is not recommended to edit this file directly.
$data merge entity $(bone_blaster_left) { transformation: [-0.9853581986839208f,-0.10668696990217688f,0.13299289732715333f,1.525954112257803f,-0.17002917671044046f,0.6726307488539355f,-0.7201791129735463f,-0.2637677979198191f,-0.012621384771432539f,-0.7322470663302695f,-0.6809221207283292f,0.31415930449680973f,0f,0f,0f,1f], start_interpolation: 0, interpolation_duration: 1 }
$data merge entity $(bone_barrel_left) { transformation: [-2.261530910468253f,-0.24486108757224098f,0.30523676423437046f,1.4564570239303596f,-0.39024005618029733f,1.5437789342965011f,-1.6529088886038008f,-1.3724209850310438f,-0.02896779245520246f,-1.6806064807878116f,-1.5628087589929145f,0.7763046661719377f,0f,0f,0f,1f], start_interpolation: 0, interpolation_duration: 1 }
$data merge entity $(bone_sword_left) { transformation: [-2.625041866940235f,-0.2842192443562778f,0.354299506469574f,1.1422754329753064f,-0.4529659448334878f,1.791920825433079f,-1.9185919656186545f,0.41810478318182176f,-0.033623979064693575f,-1.9507415766453773f,-1.8140094408561045f,1.2746481038344653f,0f,0f,0f,1f], start_interpolation: 0, interpolation_duration: 1 }
$data merge entity $(bone_rocket_left) { transformation: [-2.2705563810022813f,-0.2458382957636408f,0.30645492376018f,1.3269604648452993f,-0.3917974525934747f,1.5499399516931913f,-1.6595054292040083f,0.0009693230852957369f,-0.029083399080798465f,-1.6873135588124526f,-1.5690457219012357f,-0.09649395258438193f,0f,0f,0f,1f], start_interpolation: 0, interpolation_duration: 1 }
$data merge entity $(bone_drillhead_left1) { transformation: [0.1329928973271531f,-0.10668696990217688f,0.9853581986839208f,1.4059326185210954f,-0.7201791129735463f,0.6726307488539355f,0.1700291767104403f,-1.090754161804525f,-0.6809221207283292f,-0.7322470663302695f,0.012621384771432388f,0.8851920084633491f,0f,0f,0f,1f], start_interpolation: 0, interpolation_duration: 1 }
$data merge entity $(bone_drillhead_left2) { transformation: [-0.9612464503855974f,-0.10668696990217688f,-0.2542108417715132f,1.1738982329416077f,0.11851413857784196f,0.6726307488539355f,-0.7304260911641549f,-0.8793840603500187f,0.24891697527135712f,-0.7322470663302695f,-0.6339200054206151f,1.1131602487102477f,0f,0f,0f,1f], start_interpolation: 0, interpolation_duration: 1 }
$data merge entity $(bone_drillhead_left3) { transformation: [0.8594580935269315f,-0.10668696990217688f,-0.49994967339137675f,1.5477714172623238f,0.43268709116288306f,0.6726307488539355f,0.6002913932726315f,-0.8147735035719683f,0.2722382533959092f,-0.7322470663302695f,0.6242600157295506f,1.1180379057072696f,0f,0f,0f,1f], start_interpolation: 0, interpolation_duration: 1 }
$data merge entity $(bone_drill_left) { transformation: [0.20332026181194554f,-0.16310361747420166f,1.5064209515048876f,1.3149611485554888f,-1.1010137288841528f,1.0283215322644528f,0.25994152634629497f,-0.5494690380154141f,-1.0409974264976236f,-1.119463281343992f,0.019295641404400012f,0.6898564544666814f,0f,0f,0f,1f], start_interpolation: 0, interpolation_duration: 1 }
$data merge entity $(bone_left_hand) { transformation: [-0.9853581986839208f,-0.10668696990217688f,0.13299289732715333f,1.3719918937134405f,-0.17002917671044046f,0.6726307488539355f,-0.7201791129735463f,-0.2903348567808254f,-0.012621384771432539f,-0.7322470663302695f,-0.6809221207283292f,0.3121872131262734f,0f,0f,0f,1f], start_interpolation: 0, interpolation_duration: 1 }
$data merge entity $(bone_left_arm_low) { transformation: [-0.9853581986839208f,-0.10668696990217688f,0.13299289732715333f,1.2078760644349922f,-0.17002917671044046f,0.6726307488539355f,-0.7201791129735463f,0.3491634712482843f,-0.012621384771432539f,-0.7322470663302695f,-0.6809221207283292f,-0.44212750602497086f,0f,0f,0f,1f], start_interpolation: 0, interpolation_duration: 1 }
$data merge entity $(bone_left_arm) { transformation: [-1.0904901705606695f,-0.18846620043242285f,-0.009146460471429245f,0.9855f,-0.18817029802858032f,1.0822484636768885f,0.13454434340721216f,1.4440000000000002f,-0.013968012901799892f,0.13412953700661315f,-1.0984471495943693f,-0.3061737499999999f,0f,0f,0f,1f], start_interpolation: 0, interpolation_duration: 1 }