# This file was generated by Animated Java via MC-Build. It is not recommended to edit this file directly.
$data merge entity $(text_display_ammo_left) { transformation: [-1f,1.368136703841374e-15f,8.665293146946319e-16f,0.15881249999999997f,1.5801474953939527e-15f,0.7071067811865475f,0.7071067811865477f,0.8719667224389782f,3.546899863589409e-16f,0.7071067811865477f,-0.7071067811865475f,0.3321193487677502f,0f,0f,0f,1f], start_interpolation: 0, interpolation_duration: 1 }
$data merge entity $(text_display_ammo_right) { transformation: [-1f,1.368136703841374e-15f,8.665293146946319e-16f,-0.15368750000000003f,1.5801474953939527e-15f,0.7071067811865475f,0.7071067811865477f,0.8719667224389782f,3.546899863589409e-16f,0.7071067811865477f,-0.7071067811865475f,0.3321193487677502f,0f,0f,0f,1f], start_interpolation: 0, interpolation_duration: 1 }
$data merge entity $(text_display_health) { transformation: [-1f,1.368136703841374e-15f,8.665293146946319e-16f,0.002562499999999952f,1.5801474953939527e-15f,0.7071067811865475f,0.7071067811865477f,0.88080555720381f,3.546899863589409e-16f,0.7071067811865477f,-0.7071067811865475f,0.340958183532582f,0f,0f,0f,1f], start_interpolation: 0, interpolation_duration: 1 }
$data merge entity $(bone_barrel1) { transformation: [0.17900147858033066f,-1.3156584275045873f,-0.12156952981726066f,1.5583704845344715f,-1.014987754754662f,-0.21546650430319197f,0.837348088311683f,-0.9030912787700973f,-0.8458936730712217f,-0.01987122133380241f,-1.0304595121588025f,0.6610407397667049f,0f,0f,0f,1f], start_interpolation: 0, interpolation_duration: 1 }
$data merge entity $(bone_barrel2) { transformation: [0.17900147858033066f,-1.3156584275045873f,-0.12156952981726066f,1.1883415517988063f,-1.014987754754662f,-0.21546650430319197f,0.837348088311683f,-0.9636912331053701f,-0.8458936730712217f,-0.01987122133380241f,-1.0304595121588025f,0.6554519587665729f,0f,0f,0f,1f], start_interpolation: 0, interpolation_duration: 1 }
$data merge entity $(bone_blaster_left) { transformation: [0.134251108935248f,-0.9867438206284405f,-0.0911771473629455f,1.3444825813817824f,-0.7612408160659966f,-0.161599878227394f,0.6280110662337622f,-0.7448659946278471f,-0.6344202548034162f,-0.014903416000351808f,-0.772844634119102f,0.5312218508122146f,0f,0f,0f,1f], start_interpolation: 0, interpolation_duration: 1 }
$data merge entity $(bone_sword_left) { transformation: [-2.6287332307721627f,-0.24290032747034335f,0.35765144300709917f,1.1207268983949592f,-0.430509886258559f,1.6730518343149448f,-2.0279823273059248f,0.5112056625656718f,-0.03970342055671011f,-2.0588954594506035f,-1.6901262224419504f,1.4374577547198588f,0f,0f,0f,1f], start_interpolation: 0, interpolation_duration: 1 }
$data merge entity $(bone_rocket_left) { transformation: [-2.2737492632982708f,-0.21009908277317713f,0.3093542150019093f,1.3180402122091013f,-0.3723738587332758f,1.4471230215384052f,-1.7541237234404687f,0.010198731611853584f,-0.034341873182286944f,-1.7808623481960735f,-1.4618916853840114f,0.0964877314623726f,0f,0f,0f,1f], start_interpolation: 0, interpolation_duration: 1 }
$data merge entity $(bone_drillhead_left1) { transformation: [0.13425110893524775f,-0.09117714736294574f,0.9867438206284405f,1.3743725822548156f,-0.7612408160659965f,0.6280110662337625f,0.16159987822739397f,-1.0207725172425952f,-0.6344202548034165f,-0.7728446341191019f,0.014903416000351496f,1.1432585004251412f,0f,0f,0f,1f], start_interpolation: 0, interpolation_duration: 1 }
$data merge entity $(bone_drillhead_left2) { transformation: [-0.9630080948767648f,-0.09117714736294574f,-0.2535786603809156f,1.1416495091235244f,0.1420154283979319f,0.6280110662337625f,-0.765136405345403f,-0.7939106993178255f,0.22901315966288033f,-0.7728446341191019f,-0.5918311788124512f,1.355061430625841f,0f,0f,0f,1f], start_interpolation: 0, interpolation_duration: 1 }
$data merge entity $(bone_drillhead_left3) { transformation: [0.8602567445444445f,-0.09117714736294574f,-0.5016423639053527f,1.516048298927497f,0.44061306829914315f,0.6280110662337625f,0.6414532132057237f,-0.7324932702178958f,0.25655108167733226f,-0.7728446341191019f,0.5804245980344925f,1.360798950572489f,0f,0f,0f,1f], start_interpolation: 0, interpolation_duration: 1 }
$data merge entity $(bone_drill_left) { transformation: [0.20524382253371348f,-0.13939211676468632f,1.5085392978391214f,1.2910785199407966f,-1.163789082989449f,0.9601067197847848f,0.24705476916671362f,-0.49150533248429995f,-0.9699051219865099f,-1.181529062883051f,0.022784423108174037f,0.9144360396405015f,0f,0f,0f,1f], start_interpolation: 0, interpolation_duration: 1 }
$data merge entity $(bone_left_hand) { transformation: [-0.9867438206284405f,-0.09117714736294574f,0.13425110893524797f,1.3552380915821212f,-0.16159987822739413f,0.6280110662337625f,-0.7612408160659965f,-0.25622925050090284f,-0.014903416000351636f,-0.7728446341191019f,-0.6344202548034165f,0.522561314447137f,0f,0f,0f,1f], start_interpolation: 0, interpolation_duration: 1 }
$data merge entity $(bone_left_arm_low) { transformation: [-0.9867438206284405f,-0.09117714736294574f,0.13425110893524797f,1.2065848025841244f,-0.16159987822739413f,0.6280110662337625f,-0.7612408160659965f,0.33789304784158514f,-0.014903416000351636f,-0.7728446341191019f,-0.6344202548034165f,-0.27104041613459345f,0f,0f,0f,1f], start_interpolation: 0, interpolation_duration: 1 }
$data merge entity $(bone_left_arm) { transformation: [-1.0920236302838748f,-0.17959094356078317f,0.00186075968429333f,0.9931875f,-0.17884164256830076f,1.0884036584015613f,0.09036106349306493f,1.4392500000000001f,-0.01649352355099582f,0.08886252248880375f,-1.102997458887294f,-0.18117374999999988f,0f,0f,0f,1f], start_interpolation: 0, interpolation_duration: 1 }