# This file was generated by Animated Java via MC-Build. It is not recommended to edit this file directly.
$data merge entity $(bone_barrel1) { transformation: [0.17274943487744124f,-1.3113327223653974f,-0.16835053246443132f,1.621446034068247f,-0.8869559968955574f,-0.24085479455020203f,0.9659584904595877f,-0.9872276825399307f,-0.9804307574216092f,-0.013161951744054295f,-0.9035264637550771f,0.3706820835399079f,0f,0f,0f,1f], start_interpolation: 0, interpolation_duration: 1 }
$data merge entity $(bone_barrel2) { transformation: [0.17274943487744124f,-1.3113327223653974f,-0.16835053246443132f,1.252633705902979f,-0.8869559968955574f,-0.24085479455020203f,0.9659584904595877f,-1.054968093507175f,-0.9804307574216092f,-0.013161951744054295f,-0.9035264637550771f,0.36698028461189264f,0f,0f,0f,1f], start_interpolation: 0, interpolation_duration: 1 }
$data merge entity $(bone_blaster_left) { transformation: [0.12956207615808094f,-0.9834995417740482f,-0.1262628993483235f,1.4007886537095173f,-0.6652169976716681f,-0.18064109591265154f,0.7244688678446908f,-0.8178422693013918f,-0.735323068066207f,-0.009871463808040722f,-0.6776448478163078f,0.26941450797121747f,0f,0f,0f,1f], start_interpolation: 0, interpolation_duration: 1 }
$data merge entity $(bone_sword_left) { transformation: [-2.6200903150972503f,-0.3363704665707363f,0.34515963305214187f,1.1805481578528936f,-0.48123661049760663f,1.9300200799335359f,-1.7721702339522112f,0.2987394901742604f,-0.026298056705370804f,-1.805278627416955f,-1.9589361939433323f,1.3435585511964092f,0f,0f,0f,1f], start_interpolation: 0, interpolation_duration: 1 }
$data merge entity $(bone_rocket_left) { transformation: [-2.266273486403706f,-0.29094702026338704f,0.29854929826488347f,1.3469646276479572f,-0.4162504493731671f,1.6693902916922103f,-1.5328564788235852f,-0.01174475827489846f,-0.022746768808658765f,-1.5614939169508988f,-1.6944015755142323f,-0.05788576877965562f,0f,0f,0f,1f], start_interpolation: 0, interpolation_duration: 1 }
$data merge entity $(bone_drillhead_left1) { transformation: [0.12956207615808069f,-0.12626289934832374f,0.9834995417740482f,1.4542859588213268f,-0.665216997671668f,0.7244688678446909f,0.18064109591265157f,-1.173195878401355f,-0.7353230680662071f,-0.6776448478163077f,0.009871463808040408f,0.8372776364523449f,0f,0f,0f,1f], start_interpolation: 0, interpolation_duration: 1 }
$data merge entity $(bone_drillhead_left2) { transformation: [-0.9582163568877939f,-0.12626289934832374f,-0.2566692300234665f,1.2237650722006304f,0.08767691269248681f,0.7244688678446909f,-0.6837087234375072f,-0.9824344743640067f,0.2722759122166302f,-0.6776448478163077f,-0.6831275780223013f,1.0841723549108688f,0f,0f,0f,1f], start_interpolation: 0, interpolation_duration: 1 }
$data merge entity $(bone_drillhead_left3) { transformation: [0.859053836870751f,-0.12626289934832374f,-0.49606873072770513f,1.5969334421336108f,0.42145813518070097f,0.7244688678446909f,0.5454520142174175f,-0.9138044097143634f,0.29051599895297914f,-0.6776448478163077f,0.6755722867172439f,1.0880136368336892f,0f,0f,0f,1f], start_interpolation: 0, interpolation_duration: 1 }
$data merge entity $(bone_drill_left) { transformation: [0.19807520382505295f,-0.1930314044477555f,1.5035794267533495f,1.3541198933199439f,-1.0169873492991834f,1.107571929367331f,0.27616508590386457f,-0.6199003004615814f,-1.1241658894595694f,-1.0359871139178303f,0.015091547340161136f,0.684791128876934f,0f,0f,0f,1f], start_interpolation: 0, interpolation_duration: 1 }
$data merge entity $(bone_left_hand) { transformation: [-0.9834995417740482f,-0.12626289934832374f,0.1295620761580809f,1.4019984475622391f,-0.1806410959126517f,0.7244688678446909f,-0.665216997671668f,-0.33240312984276466f,-0.00987146380804057f,-0.6776448478163077f,-0.7353230680662071f,0.3268943468826362f,0f,0f,0f,1f], start_interpolation: 0, interpolation_duration: 1 }
$data merge entity $(bone_left_arm_low) { transformation: [-0.9834995417740482f,-0.12626289934832374f,0.1295620761580809f,1.2183156417329775f,-0.1806410959126517f,0.7244688678446909f,-0.665216997671668f,0.3599876383301459f,-0.00987146380804057f,-0.6776448478163077f,-0.7353230680662071f,-0.3743463132987431f,0f,0f,0f,1f], start_interpolation: 0, interpolation_duration: 1 }
$data merge entity $(bone_left_arm) { transformation: [-1.088433205800679f,-0.19879304438521905f,-0.023800431688131264f,0.9855f,-0.1999144471068055f,1.0719266522014865f,0.18915455234310757f,1.444f,-0.01092469141281962f,0.19033275161725977f,-1.0901495646531099f,-0.18117374999999988f,0f,0f,0f,1f], start_interpolation: 0, interpolation_duration: 1 }