# This file was generated by Animated Java via MC-Build. It is not recommended to edit this file directly.
$data merge entity $(text_display_ammo_left) { transformation: [-1f,1.368136703841374e-15f,8.665293146946319e-16f,0.16562499999999997f,1.5801474953939527e-15f,0.7071067811865475f,0.7071067811865477f,0.8702167224389782f,3.546899863589409e-16f,0.7071067811865477f,-0.7071067811865475f,0.3321193487677502f,0f,0f,0f,1f], start_interpolation: 0, interpolation_duration: 1 }
$data merge entity $(text_display_ammo_right) { transformation: [-1f,1.368136703841374e-15f,8.665293146946319e-16f,-0.14687500000000003f,1.5801474953939527e-15f,0.7071067811865475f,0.7071067811865477f,0.8702167224389782f,3.546899863589409e-16f,0.7071067811865477f,-0.7071067811865475f,0.3321193487677502f,0f,0f,0f,1f], start_interpolation: 0, interpolation_duration: 1 }
$data merge entity $(text_display_health) { transformation: [-1f,1.368136703841374e-15f,8.665293146946319e-16f,0.009374999999999958f,1.5801474953939527e-15f,0.7071067811865475f,0.7071067811865477f,0.87905555720381f,3.546899863589409e-16f,0.7071067811865477f,-0.7071067811865475f,0.340958183532582f,0f,0f,0f,1f], start_interpolation: 0, interpolation_duration: 1 }
$data merge entity $(bone_barrel1) { transformation: [0.17880516982412592f,-1.3174258331214297f,-0.10097357697066167f,1.5319672049788502f,-1.066667137721882f,-0.20405882231618647f,0.7735366779390077f,-0.8530872001747878f,-0.7797613136890997f,-0.022955370548429f,-1.0813062112161433f,0.7865600629128517f,0f,0f,0f,1f], start_interpolation: 0, interpolation_duration: 1 }
$data merge entity $(bone_barrel2) { transformation: [0.17880516982412592f,-1.3174258331214297f,-0.10097357697066167f,1.161441189413448f,-1.066667137721882f,-0.20405882231618647f,0.7735366779390077f,-0.9104787439512152f,-0.7797613136890997f,-0.022955370548429f,-1.0813062112161433f,0.7801038649461061f,0f,0f,0f,1f], start_interpolation: 0, interpolation_duration: 1 }
$data merge entity $(bone_blaster_left) { transformation: [0.13410387736809445f,-0.9880693748410723f,-0.07573018272799625f,1.3212266597170836f,-0.8000003532914115f,-0.15304411673713986f,0.5801525084542558f,-0.7011597133126567f,-0.5848209852668248f,-0.01721652791132175f,-0.8109796584121076f,0.6446351500016277f,0f,0f,0f,1f], start_interpolation: 0, interpolation_duration: 1 }
$data merge entity $(bone_sword_left) { transformation: [-2.6322645712630672f,-0.2017488670795479f,0.3572592109960097f,1.0993765064260321f,-0.40771692412004995f,1.5455543232267135f,-2.1312396078520623f,0.6102487412694747f,-0.04586566248794304f,-2.1604890073600114f,-1.5579913710984432f,1.4692784073804293f,0f,0f,0f,1f], start_interpolation: 0, interpolation_duration: 1 }
$data merge entity $(bone_rocket_left) { transformation: [-2.2768037317949816f,-0.17450471296345152f,0.30901494997652873f,1.3074993237830328f,-0.35265885674519f,1.3368427661988118f,-1.8434371474211133f,0.0259767203068145f,-0.03967196635697203f,-1.8687367098889183f,-1.3476003159208292f,0.1641147431747258f,0f,0f,0f,1f], start_interpolation: 0, interpolation_duration: 1 }
$data merge entity $(bone_drillhead_left1) { transformation: [0.1341038773680942f,-0.0757301827279965f,0.9880693748410723f,1.3411092134009595f,-0.8000003532914114f,0.580152508454256f,0.15304411673713983f,-0.93920098297099f,-0.584820985266825f,-0.8109796584121075f,0.01721652791132144f,1.2727654866686486f,0f,0f,0f,1f], start_interpolation: 0, interpolation_duration: 1 }
$data merge entity $(bone_drillhead_left2) { transformation: [-0.9641764042015787f,-0.0757301827279965f,-0.25422195224822425f,1.1081843329280978f,0.16475255406613026f,0.580152508454256f,-0.7976714003039856f,-0.697602293339927f,0.20789530420286306f,-0.8109796584121075f,-0.5468926184656183f,1.4673493186451587f,0f,0f,0f,1f], start_interpolation: 0, interpolation_duration: 1 }
$data merge entity $(bone_drillhead_left3) { transformation: [0.8615377400321999f,-0.0757301827279965f,-0.5020136073097958f,1.4830861184473292f,0.44754120811555337f,0.580152508454256f,0.6805365045114814f,-0.6394262771135292f,0.2397072997192214f,-0.8109796584121075f,0.5337156584765906f,1.4739580923272146f,0f,0f,0f,1f], start_interpolation: 0, interpolation_duration: 1 }
$data merge entity $(bone_drill_left) { transformation: [0.20501873411634483f,-0.1157767135597175f,1.5105658122994783f,1.265838017721581f,-1.2230448734471568f,0.8869402974176208f,0.23397467465670505f,-0.4242447391207048f,-0.8940774900562589f,-1.239830094586913f,0.026320721127021073f,1.0108958888553792f,0f,0f,0f,1f], start_interpolation: 0, interpolation_duration: 1 }
$data merge entity $(bone_left_hand) { transformation: [-0.9880693748410723f,-0.0757301827279965f,0.13410387736809443f,1.336982922811525f,-0.15304411673714f,0.580152508454256f,-0.8000003532914114f,-0.2140995118396003f,-0.01721652791132157f,-0.8109796584121075f,-0.584820985266825f,0.6061558839599561f,0f,0f,0f,1f], start_interpolation: 0, interpolation_duration: 1 }
$data merge entity $(bone_left_arm_low) { transformation: [-0.9880693748410723f,-0.0757301827279965f,0.13410387736809443f,1.2036891503237146f,-0.15304411673714f,0.580152508454256f,-0.8000003532914114f,0.3314877282782278f,-0.01721652791132157f,-0.8109796584121075f,-0.584820985266825f,-0.2241754632361972f,0f,0f,0f,1f], start_interpolation: 0, interpolation_duration: 1 }
$data merge entity $(bone_left_arm) { transformation: [-1.0934906133985949f,-0.17000001138474552f,0.012257775996450228f,1f,-0.1693730312356452f,1.0927202103131979f,0.04524706396174215f,1.4375f,-0.019053431009713434f,0.04283125770153413f,-1.1057008766680485f,-0.18117374999999988f,0f,0f,0f,1f], start_interpolation: 0, interpolation_duration: 1 }