# This file was generated by Animated Java via MC-Build. It is not recommended to edit this file directly.
$data merge entity $(bone_barrel1) { transformation: [0.17676188837064732f,-1.3190826165552698f,-0.08095716953502681f,1.5051294174114174f,-1.1141476377892492f,-0.19266869620319915f,0.706633987641249f,-0.7927775178854783f,-0.7107798912504886f,-0.026030789132095486f,-1.127781947891028f,0.90785003348942f,0f,0f,0f,1f], start_interpolation: 0, interpolation_duration: 1 }
$data merge entity $(bone_barrel2) { transformation: [0.17676188837064732f,-1.3190826165552698f,-0.08095716953502681f,1.1341374315052477f,-1.1141476377892492f,-0.19266869620319915f,0.706633987641249f,-0.8469655886926282f,-0.7107798912504886f,-0.026030789132095486f,-1.127781947891028f,0.9005288740460181f,0f,0f,0f,1f], start_interpolation: 0, interpolation_duration: 1 }
$data merge entity $(bone_blaster_left) { transformation: [0.1325714162779855f,-0.9893119624164525f,-0.06071787715127011f,1.2975490395651332f,-0.835610728341937f,-0.14450152215239936f,0.5299754907309367f,-0.6478688714480068f,-0.5330849184378664f,-0.019523091849071614f,-0.8458364609182711f,0.7543961625471008f,0f,0f,0f,1f], start_interpolation: 0, interpolation_duration: 1 }
$data merge entity $(bone_sword_left) { transformation: [-2.63557488462228f,-0.1617553594283799f,0.35317666058300684f,1.0797200075795659f,-0.3849590392542296f,1.4118803227892682f,-2.2261073681547896f,0.7137076577171202f,-0.052010460302032324f,-2.253349213981885f,-1.4201639884895347f,1.4944677774979478f,0f,0f,0f,1f], start_interpolation: 0, interpolation_duration: 1 }
$data merge entity $(bone_rocket_left) { transformation: [-2.279667020649737f,-0.13991192602940203f,0.3054837069103707f,1.2965951957237953f,-0.3329741951971309f,1.2212200942369655f,-1.9254939714358201f,0.04850378683231166f,-0.044986971066977646f,-1.949057080143526f,-1.2283851342504999f,0.2301062568581676f,0f,0f,0f,1f], start_interpolation: 0, interpolation_duration: 1 }
$data merge entity $(bone_drillhead_left1) { transformation: [0.13257141627798527f,-0.06071787715127036f,0.9893119624164525f,1.3079481066439111f,-0.8356107283419368f,0.529975490730937f,0.14450152215239928f,-0.8470889941248005f,-0.5330849184378667f,-0.845836460918271f,0.01952309184907131f,1.3961203119816559f,0f,0f,0f,1f], start_interpolation: 0, interpolation_duration: 1 }
$data merge entity $(bone_drillhead_left2) { transformation: [-0.9647379579598965f,-0.06071787715127036f,-0.2561132793621066f,1.075305807205633f,0.18627238290965703f,0.529975490730937f,-0.8273019875412247f,-0.591821331097744f,0.18596578135917186f,-0.845836460918271f,-0.4999774090343752f,1.5727633847758695f,0f,0f,0f,1f], start_interpolation: 0, interpolation_duration: 1 }
$data merge entity $(bone_drillhead_left3) { transformation: [0.8632721887303754f,-0.06071787715127036f,-0.501073315552635f,1.4506792871405807f,0.45327638037631307f,0.529975490730937f,0.7167053105827043f,-0.5368821410030398f,0.2220397513005617f,-0.845836460918271f,0.4850350814360122f,1.580240649805802f,0f,0f,0f,1f], start_interpolation: 0, interpolation_duration: 1 }
$data merge entity $(bone_drill_left) { transformation: [0.2026758993009554f,-0.09282581947736336f,1.5124654869154024f,1.2408476465966798f,-1.2774862077139315f,0.8102294009300313f,0.22091470978316635f,-0.34848877779721676f,-0.8149831108511187f,-1.293119363066016f,0.029847008568941066f,1.1023232310264195f,0f,0f,0f,1f], start_interpolation: 0, interpolation_duration: 1 }
$data merge entity $(bone_left_hand) { transformation: [-0.9893119624164525f,-0.06071787715127036f,0.1325714162779855f,1.3186684207820565f,-0.14450152215239948f,0.529975490730937f,-0.8356107283419368f,-0.16425828801178577f,-0.019523091849071427f,-0.845836460918271f,-0.5330849184378667f,0.6863422947196698f,0f,0f,0f,1f], start_interpolation: 0, interpolation_duration: 1 }
$data merge entity $(bone_left_arm_low) { transformation: [-0.9893119624164525f,-0.06071787715127036f,0.1325714162779855f,1.2002614027384448f,-0.14450152215239948f,0.529975490730937f,-0.8356107283419368f,0.3305730223239407f,-0.019523091849071427f,-0.845836460918271f,-0.5330849184378667f,-0.17737326314035146f,0f,0f,0f,1f], start_interpolation: 0, interpolation_duration: 1 }
$data merge entity $(bone_left_arm) { transformation: [-1.0948657778198405f,-0.1598881925794082f,0.02183284147044087f,1.0068125f,-0.15991899164051462f,1.0950789443559923f,0.000016579344002126083f,1.4392500000000001f,-0.021606091864664896f,-0.0031384766820404153f,-1.1064787866436845f,-0.18117374999999988f,0f,0f,0f,1f], start_interpolation: 0, interpolation_duration: 1 }