# This file was generated by Animated Java via MC-Build. It is not recommended to edit this file directly.
$data merge entity $(bone_barrel1) { transformation: [0.1730291905480069f,-1.3206051071668892f,-0.061974413436575455f,1.4795326590126454f,-1.156582173828654f,-0.18148328370916897f,0.6380903311394868f,-0.7240584493371578f,-0.6404345026447779f,-0.029047313759508687f,-1.1690926734708715f,0.8977021903757851f,0f,0f,0f,1f], start_interpolation: 0, interpolation_duration: 1 }
$data merge entity $(bone_barrel2) { transformation: [0.1730291905480069f,-1.3206051071668892f,-0.061974413436575455f,1.1081124726219578f,-1.156582173828654f,-0.18148328370916897f,0.6380903311394868f,-0.7751006228803615f,-0.6404345026447779f,-0.029047313759508687f,-1.1690926734708715f,0.8895326333809233f,0f,0f,0f,1f], start_interpolation: 0, interpolation_duration: 1 }
$data merge entity $(bone_blaster_left) { transformation: [0.1297718929110052f,-0.9904538303751671f,-0.0464808100774316f,1.2750460368805157f,-0.8674366303714905f,-0.13611246278187675f,0.4785677483546152f,-0.5867200041708316f,-0.4803258769835835f,-0.02178548531963152f,-0.8768195051031539f,0.7335084254679307f,0f,0f,0f,1f], start_interpolation: 0, interpolation_duration: 1 }
$data merge entity $(bone_sword_left) { transformation: [-2.6386168760545803f,-0.12382712461876554f,0.3457185950230752f,1.0631322461185602f,-0.36261017961995445f,1.274927612391199f,-2.310893109413452f,0.8189818579217462f,-0.05803758585662164f,-2.335889541204215f,-1.2796113520349879f,1.3878332281458023f,0f,0f,0f,1f], start_interpolation: 0, interpolation_duration: 1 }
$data merge entity $(bone_rocket_left) { transformation: [-2.2822982217534418f,-0.10710551762438003f,0.29903277804698675f,1.2866100579840942f,-0.3136433241394911f,1.1027614690980267f,-1.998830251613803f,0.07675762384634072f,-0.050200193971885416f,-2.020451166853132f,-1.106812716839669f,0.16828333334762863f,0f,0f,0f,1f], start_interpolation: 0, interpolation_duration: 1 }
$data merge entity $(bone_drillhead_left1) { transformation: [0.12977189291100497f,-0.04648081007743185f,0.9904538303751671f,1.2766861323688654f,-0.8674366303714904f,0.4785677483546153f,0.13611246278187666f,-0.7469805710384467f,-0.4803258769835837f,-0.8768195051031538f,0.021785485319631218f,1.3861343080660915f,0f,0f,0f,1f], start_interpolation: 0, interpolation_duration: 1 }
$data merge entity $(bone_drillhead_left2) { transformation: [-0.964721575184721f,-0.04648081007743185f,-0.25913667565139537f,1.044774194840386f,0.20620210858588958f,0.4785677483546153f,-0.8534949329958127f,-0.4793534109293309f,0.1636855912652173f,-0.8768195051031538f,-0.45210019097852294f,1.5444989216801264f,0f,0f,0f,1f], start_interpolation: 0, interpolation_duration: 1 }
$data merge entity $(bone_drillhead_left3) { transformation: [0.8653984683773245f,-0.04648081007743185f,-0.4989238671628435f,1.4205813162283008f,0.45770514555364983f,0.4785677483546153f,0.7493189641057444f,-0.427593280586535f,0.2039399192504821f,-0.8768195051031538f,0.43542630238281144f,1.5528277847530985f,0f,0f,0f,1f], start_interpolation: 0, interpolation_duration: 1 }
$data merge entity $(bone_drill_left) { transformation: [0.198395972813431f,-0.0710601142174324f,1.5142111808358034f,1.217696481796902f,-1.3261418191270158f,0.7316369659265062f,0.2080894703767731f,-0.26639015367782604f,-0.7343248024976697f,-1.3404864088406874f,0.033305767961364356f,1.0621367091477922f,0f,0f,0f,1f], start_interpolation: 0, interpolation_duration: 1 }
$data merge entity $(bone_left_hand) { transformation: [-0.9904538303751671f,-0.04648081007743185f,0.1297718929110052f,1.3017397197158724f,-0.13611246278187686f,0.4785677483546153f,-0.8674366303714904f,-0.1083114609327488f,-0.021785485319631325f,-0.8768195051031538f,-0.4803258769835837f,0.6367134532106795f,0f,0f,0f,1f], start_interpolation: 0, interpolation_duration: 1 }
$data merge entity $(bone_left_arm_low) { transformation: [-0.9904538303751671f,-0.04648081007743185f,0.1297718929110052f,1.1974109168934615f,-0.13611246278187686f,0.4785677483546153f,-0.8674366303714904f,0.33464186379889016f,-0.021785485319631325f,-0.8768195051031538f,-0.4803258769835837f,-0.25647782838068817f,0f,0f,0f,1f], start_interpolation: 0, interpolation_duration: 1 }
$data merge entity $(bone_left_arm) { transformation: [-1.0961294764288536f,-0.14948657653977213f,0.030428816478034967f,1.0145f,-0.1506348685713369f,1.0954911268629584f,-0.044500627737701436f,1.4440000000000002f,-0.02410986952123829f,-0.04821755834726888f,-1.1053803688290853f,-0.3061737499999999f,0f,0f,0f,1f], start_interpolation: 0, interpolation_duration: 1 }