# This file was generated by Animated Java via MC-Build. It is not recommended to edit this file directly.
$data merge entity $(text_display_ammo_left) { transformation: [-1f,1.368136703841374e-15f,8.665293146946319e-16f,0.19662499999999997f,1.5801474953939527e-15f,0.7071067811865475f,0.7071067811865477f,0.8922167224389782f,3.546899863589409e-16f,0.7071067811865477f,-0.7071067811865475f,0.3321193487677502f,0f,0f,0f,1f], start_interpolation: 0, interpolation_duration: 1 }
$data merge entity $(text_display_ammo_right) { transformation: [-1f,1.368136703841374e-15f,8.665293146946319e-16f,-0.11587500000000003f,1.5801474953939527e-15f,0.7071067811865475f,0.7071067811865477f,0.8922167224389782f,3.546899863589409e-16f,0.7071067811865477f,-0.7071067811865475f,0.3321193487677502f,0f,0f,0f,1f], start_interpolation: 0, interpolation_duration: 1 }
$data merge entity $(text_display_health) { transformation: [-1f,1.368136703841374e-15f,8.665293146946319e-16f,0.04037499999999995f,1.5801474953939527e-15f,0.7071067811865475f,0.7071067811865477f,0.90105555720381f,3.546899863589409e-16f,0.7071067811865477f,-0.7071067811865475f,0.340958183532582f,0f,0f,0f,1f], start_interpolation: 0, interpolation_duration: 1 }
$data merge entity $(bone_barrel1) { transformation: [0.16168037083956713f,-1.3231855372103842f,-0.0285879271760702f,1.4336752266625772f,-1.2244683680092792f,-0.16047899541986693f,0.5026942266940219f,-0.5720208086038323f,-0.5023091191762803f,-0.034703082342561066f,-1.2346088541096947f,1.225902484452448f,0f,0f,0f,1f], start_interpolation: 0, interpolation_duration: 1 }
$data merge entity $(bone_barrel2) { transformation: [0.16168037083956713f,-1.3231855372103842f,-0.0285879271760702f,1.0615292943221566f,-1.2244683680092792f,-0.16047899541986693f,0.5026942266940219f,-0.6171555260656698f,-0.5023091191762803f,-0.034703082342561066f,-1.2346088541096947f,1.2161422425436026f,0f,0f,0f,1f], start_interpolation: 0, interpolation_duration: 1 }
$data merge entity $(bone_blaster_left) { transformation: [0.12126027812967535f,-0.9923891529077883f,-0.02144094538205265f,1.2348831941979392f,-0.9183512760069594f,-0.1203592465649002f,0.3770206700205164f,-0.45058769221332384f,-0.3767318393822102f,-0.0260273117569208f,-0.925956640582271f,1.0432225850146724f,0f,0f,0f,1f], start_interpolation: 0, interpolation_duration: 1 }
$data merge entity $(bone_sword_left) { transformation: [-2.643772668822072f,-0.05711971481014906f,0.3230432418508981f,1.038974515500125f,-0.32064285021247835f,1.004401287600374f,-2.44653218626088f,1.0236139154747532f,-0.06933801650717139f,-2.4667932450821315f,-1.0036318288197787f,1.5304551133887982f,0f,0f,0f,1f], start_interpolation: 0, interpolation_duration: 1 }
$data merge entity $(bone_rocket_left) { transformation: [-2.2867577765951324f,-0.04940627217286483f,0.2794195031179362f,1.2695423000467452f,-0.27734326021295297f,0.8687670019168723f,-2.1161526361928216f,0.14436883789184565f,-0.05997461518962658f,-2.133677642925791f,-0.8681014508008303f,0.4071084695505057f,0f,0f,0f,1f], start_interpolation: 0, interpolation_duration: 1 }
$data merge entity $(bone_drillhead_left1) { transformation: [0.12126027812967513f,-0.0214409453820529f,0.9923891529077883f,1.2217437900530588f,-0.9183512760069593f,0.37702067002051665f,0.12035924656490007f,-0.5359778501065111f,-0.37673183938221044f,-0.9259566405822709f,0.026027311756920513f,1.7096627990148952f,0f,0f,0f,1f], start_interpolation: 0, interpolation_duration: 1 }
$data merge entity $(bone_drillhead_left2) { transformation: [-0.9632523261019289f,-0.0214409453820529f,-0.2677409982060035f,0.9923440687478099f,0.2402403739694126f,0.37702067002051665f,-0.8945054371507855f,-0.24813537541943256f,0.12012293275748877f,-0.9259566405822709f,-0.3580150566489284f,1.8321751333837213f,0f,0f,0f,1f], start_interpolation: 0, interpolation_duration: 1 }
$data merge entity $(bone_drillhead_left3) { transformation: [0.8704437272135098f,-0.0214409453820529f,-0.49180077634726926f,1.3688866475231898f,0.46263526286899376f,0.37702067002051665f,0.8023864579661213f,-0.20234612499167498f,0.16821513399450727f,-0.9259566405822709f,0.33809461465217916f,1.8421000743665852f,0f,0f,0f,1f], start_interpolation: 0, interpolation_duration: 1 }
$data merge entity $(bone_drill_left) { transformation: [0.18538337003115388f,-0.03277903343853662f,1.5171699124066718f,1.1779840948300997f,-1.4039804051621845f,0.5763912425226618f,0.18400586809433814f,-0.09417674082364358f,-0.57594967667832f,-1.4156075277206457f,0.0397906951952521f,1.3324118995478393f,0f,0f,0f,1f], start_interpolation: 0, interpolation_duration: 1 }
$data merge entity $(bone_left_hand) { transformation: [-0.9923891529077883f,-0.0214409453820529f,0.12126027812967535f,1.2726840053546669f,-0.12035924656490028f,0.37702067002051665f,-0.9183512760069593f,0.013255457632022294f,-0.026027311756920597f,-0.9259566405822709f,-0.37673183938221044f,0.8936325298030293f,0f,0f,0f,1f], start_interpolation: 0, interpolation_duration: 1 }
$data merge entity $(bone_left_arm_low) { transformation: [-0.9923891529077883f,-0.0214409453820529f,0.12126027812967535f,1.1930081216074295f,-0.12035924656490028f,0.37702067002051665f,-0.9183512760069593f,0.3540551973670152f,-0.026027311756920597f,-0.9259566405822709f,-0.37673183938221044f,-0.04572368774474314f,0f,0f,0f,1f], start_interpolation: 0, interpolation_duration: 1 }
$data merge entity $(bone_left_arm) { transformation: [-1.098271286586324f,-0.1288644137153278f,0.04434097959961175f,1.031f,-0.1332008760777702f,1.0911571929096353f,-0.12808390026739325f,1.4595000000000002f,-0.028804274095398777f,-0.1324459201840429f,-1.0983625861046376f,-0.18117374999999988f,0f,0f,0f,1f], start_interpolation: 0, interpolation_duration: 1 }