# This file was generated by Animated Java via MC-Build. It is not recommended to edit this file directly.
$data merge entity $(bone_barrel_left) { transformation: [-2.280965827515876f,-0.005039553968529797f,0.25459377457296023f,1.2112621627813942f,-0.2453879097679575f,0.6565492285314702f,-2.1854922506623393f,-0.6383586780296063f,-0.06803058793823416f,-2.1992194540020833f,-0.6530345516848621f,1.7645501318597505f,0f,0f,0f,1f], start_interpolation: 0, interpolation_duration: 1 }
$data merge entity $(bone_blaster_left) { transformation: [-0.9938260709402643f,-0.0021957541228444927f,0.1109275411395594f,1.4058621454974032f,-0.10691650847155706f,0.28606116422222083f,-0.9522278459171833f,0.14833001328119474f,-0.029641203344130684f,-0.9582088441397624f,-0.28452980525184407f,0.8752966136849101f,0f,0f,0f,1f], start_interpolation: 0, interpolation_duration: 1 }
$data merge entity $(bone_sword_left) { transformation: [-2.6476006879116265f,-0.005849595111373666f,0.29551633109360803f,1.0251708797413719f,-0.28483074619947085f,0.7620807677776005f,-2.536781005869263f,1.2022947611544061f,-0.07896559836692578f,-2.552714674215794f,-0.7580011534648332f,1.4034355630769186f,0f,0f,0f,1f], start_interpolation: 0, interpolation_duration: 1 }
$data merge entity $(bone_rocket_left) { transformation: [-2.2900688602314925f,-0.005059666161397501f,0.2556098246299898f,1.2564119161727871f,-0.24636722043701179f,0.6591694296035941f,-2.1942142609693387f,0.21514065057380038f,-0.06830208901036501f,-2.2079962477607187f,-0.6556407261468835f,0.3737776407642682f,0f,0f,0f,1f], start_interpolation: 0, interpolation_duration: 1 }
$data merge entity $(bone_drillhead_left1) { transformation: [0.11092754113955917f,-0.0021957541228444927f,0.9938260709402643f,1.1790221812239126f,-0.9522278459171833f,0.28606116422222083f,0.10691650847155686f,-0.3353238982411211f,-0.28452980525184407f,-0.9582088441397624f,0.02964120334413062f,1.7349549635466097f,0f,0f,0f,1f], start_interpolation: 0, interpolation_duration: 1 }
$data merge entity $(bone_drillhead_left2) { transformation: [-0.9606256980049267f,-0.0021957541228444927f,-0.27783708715068917f,0.9528453908646735f,0.2656238466047626f,0.28606116422222083f,-0.9206589935685836f,-0.03346886872255636f,0.08149994139529887f,-0.9582088441397624f,-0.27421446089676466f,1.8255882637102108f,0f,0f,0f,1f], start_interpolation: 0, interpolation_duration: 1 }
$data merge entity $(bone_drillhead_left3) { transformation: [0.8757254336307142f,-0.0021957541228444927f,-0.4828044568519741f,1.3299345460548424f,0.4631797943336446f,0.28606116422222083f,0.8388286406918104f,0.007223989100038318f,0.13626974357259364f,-0.9582088441397624f,0.2515280660264377f,1.8368724960393115f,0f,0f,0f,1f], start_interpolation: 0, interpolation_duration: 1 }
$data merge entity $(bone_drill_left) { transformation: [0.16958662575167258f,-0.003356880796672826f,1.519366680478027f,1.147987370598768f,-1.455771088739022f,0.4373318573609041f,0.16345453728240367f,0.06857790380659429f,-0.434990707472131f,-1.4649148712187745f,0.04531563222902501f,1.316240804399405f,0f,0f,0f,1f], start_interpolation: 0, interpolation_duration: 1 }
$data merge entity $(bone_left_hand) { transformation: [-0.9938260709402643f,-0.0021957541228444927f,0.1109275411395594f,1.250576821912987f,-0.10691650847155706f,0.28606116422222083f,-0.9522278459171833f,0.13162430883251394f,-0.029641203344130684f,-0.9582088441397624f,-0.28452980525184407f,0.8706651756623897f,0f,0f,0f,1f], start_interpolation: 0, interpolation_duration: 1 }
$data merge entity $(bone_left_arm_low) { transformation: [-0.9938260709402643f,-0.0021957541228444927f,0.1109275411395594f,1.1897334240169872f,-0.10691650847155706f,0.28606116422222083f,-0.9522278459171833f,0.38124607109035047f,-0.029641203344130684f,-0.9582088441397624f,-0.28452980525184407f,-0.09828780010050098f,0f,0f,0f,1f], start_interpolation: 0, interpolation_duration: 1 }
$data merge entity $(bone_left_arm) { transformation: [-1.0998615153908435f,-0.1103510422002925f,0.053844897450868644f,1.0465f,-0.11832387624583947f,1.0821944858006578f,-0.19906414480472684f,1.4780000000000002f,-0.03280374683392992f,-0.2035920453308214f,-1.08731144195474f,-0.3061737499999999f,0f,0f,0f,1f], start_interpolation: 0, interpolation_duration: 1 }