# This file was generated by Animated Java via MC-Build. It is not recommended to edit this file directly.
$data merge entity $(text_display_ammo_left) { transformation: [-1f,1.368136703841374e-15f,8.665293146946319e-16f,0.2185625f,1.5801474953939527e-15f,0.7071067811865475f,0.7071067811865477f,0.9192167224389782f,3.546899863589409e-16f,0.7071067811865477f,-0.7071067811865475f,0.3321193487677502f,0f,0f,0f,1f], start_interpolation: 0, interpolation_duration: 1 }
$data merge entity $(text_display_ammo_right) { transformation: [-1f,1.368136703841374e-15f,8.665293146946319e-16f,-0.09393750000000002f,1.5801474953939527e-15f,0.7071067811865475f,0.7071067811865477f,0.9192167224389782f,3.546899863589409e-16f,0.7071067811865477f,-0.7071067811865475f,0.3321193487677502f,0f,0f,0f,1f], start_interpolation: 0, interpolation_duration: 1 }
$data merge entity $(text_display_health) { transformation: [-1f,1.368136703841374e-15f,8.665293146946319e-16f,0.06231249999999997f,1.5801474953939527e-15f,0.7071067811865475f,0.7071067811865477f,0.92805555720381f,3.546899863589409e-16f,0.7071067811865477f,-0.7071067811865475f,0.340958183532582f,0f,0f,0f,1f], start_interpolation: 0, interpolation_duration: 1 }
$data merge entity $(bone_barrel1) { transformation: [0.14128468965930654f,-1.325809713097975f,0.0067096125608314145f,1.3825966962191218f,-1.2846103428828288f,-0.1352214042499321f,0.33055894567976063f,-0.3547126101771065f,-0.3280132332759029f,-0.04149161681013985f,-1.2916901882061913f,1.4464680606451068f,0f,0f,0f,1f], start_interpolation: 0, interpolation_duration: 1 }
$data merge entity $(bone_barrel2) { transformation: [0.14128468965930654f,-1.325809713097975f,0.0067096125608314145f,1.0097127144103162f,-1.2846103428828288f,-0.1352214042499321f,0.33055894567976063f,-0.3927436301223999f,-0.3280132332759029f,-0.04149161681013985f,-1.2916901882061913f,1.434798543417255f,0f,0f,0f,1f], start_interpolation: 0, interpolation_duration: 1 }
$data merge entity $(bone_blaster_left) { transformation: [0.10596351724447992f,-0.9943572848234813f,0.005032209420623561f,1.1902605444714285f,-0.9634577571621217f,-0.10141605318744908f,0.24791920925982047f,-0.25501484911683464f,-0.24600992495692722f,-0.031118712607604893f,-0.9687676411546435f,1.2447172719061643f,0f,0f,0f,1f], start_interpolation: 0, interpolation_duration: 1 }
$data merge entity $(bone_sword_left) { transformation: [-2.6490158673718542f,0.013406049119995846f,0.28229193150929466f,1.02110545814842f,-0.27017726746726856f,0.6604687562299432f,-2.566698032204822f,1.275633571131401f,-0.08290175445776823f,-2.580843819805293f,-0.655382330564961f,1.5231918624305303f,0f,0f,0f,1f], start_interpolation: 0, interpolation_duration: 1 }
$data merge entity $(bone_rocket_left) { transformation: [-2.2912929339478594f,0.011595697103649131f,0.24417124712033436f,1.2512350583185121f,-0.23369254653626192f,0.571279097601029f,-2.2200912939806234f,0.2469879009670635f,-0.07170670683427068f,-2.232326835327623f,-0.5668795425327585f,0.5347235805291941f,0f,0f,0f,1f], start_interpolation: 0, interpolation_duration: 1 }
$data merge entity $(bone_drillhead_left1) { transformation: [0.1059635172444797f,0.005032209420623317f,0.9943572848234813f,1.1625935031889356f,-0.9634577571621217f,0.24791920925982067f,0.10141605318744892f,-0.24864460624300183f,-0.24600992495692744f,-0.9687676411546435f,0.031118712607604623f,1.9161341592983194f,0f,0f,0f,1f], start_interpolation: 0, interpolation_duration: 1 }
$data merge entity $(bone_drillhead_left2) { transformation: [-0.9592168259365054f,0.005032209420623317f,-0.2826265339783995f,0.9379952657098647f,0.27500310564161184f,0.24791920925982067f,-0.9289291456120073f,0.05805373546473548f,0.06539398082212833f,-0.9687676411546435f,-0.23919215021380383f,1.993455264802736f,0f,0f,0f,1f], start_interpolation: 0, interpolation_duration: 1 }
$data merge entity $(bone_drillhead_left3) { transformation: [0.8781158609673155f,0.005032209420623317f,-0.4784215835285626f,1.3152866333390747f,0.4623955372575321f,0.24791920925982067f,0.8513086589506204f,0.09666092604494456f,0.12289386413466202f,-0.9687676411546435f,0.21537491871088196f,2.0052951248967634f,0f,0f,0f,1f], start_interpolation: 0, interpolation_duration: 1 }
$data merge entity $(bone_drill_left) { transformation: [0.1619975991324123f,0.007693269020049955f,1.5201788031400978f,1.1366291308633716f,-1.4729394378789695f,0.37902023001213064f,0.15504541144992667f,0.13856475574730187f,-0.37610130582791085f,-1.4810572172886087f,0.04757445639419924f,1.4816043748242484f,0f,0f,0f,1f], start_interpolation: 0, interpolation_duration: 1 }
$data merge entity $(bone_left_hand) { transformation: [-0.9943572848234813f,0.005032209420623317f,0.10596351724447992f,1.2420962337804204f,-0.10141605318744913f,0.24791920925982067f,-0.9634577571621217f,0.18324440615978577f,-0.031118712607604678f,-0.9687676411546435f,-0.24600992495692744f,1.0344830214163239f,0f,0f,0f,1f], start_interpolation: 0, interpolation_duration: 1 }
$data merge entity $(bone_left_arm_low) { transformation: [-0.9943572848234813f,0.005032209420623317f,0.10596351724447992f,1.1882924728134663f,-0.10141605318744913f,0.24791920925982067f,-0.9634577571621217f,0.39471705718407457f,-0.031118712607604678f,-0.9687676411546435f,-0.24600992495692744f,0.056082650568801046f,0f,0f,0f,1f], start_interpolation: 0, interpolation_duration: 1 }
$data merge entity $(bone_left_arm) { transformation: [-1.100449406696652f,-0.10258445767352706f,0.05709212624209201f,1.0529375f,-0.11223655446890637f,1.0771352945846266f,-0.22793527926818508f,1.4865000000000002f,-0.03443889771701256f,-0.232439163520147f,-1.081461037726334f,-0.18117374999999988f,0f,0f,0f,1f], start_interpolation: 0, interpolation_duration: 1 }