# This file was generated by Animated Java via MC-Build. It is not recommended to edit this file directly.
$data merge entity $(bone_barrel1) { transformation: [0.13548243483945316f,-1.3263562785477834f,0.01418837498185098f,1.3708786772694816f,-1.295310070006942f,-0.12922467965604473f,0.288531770320325f,-0.2986942140768395f,-0.28564682768475047f,-0.04310199882192125f,-1.3016627386957693f,1.369725910102464f,0f,0f,0f,1f], start_interpolation: 0, interpolation_duration: 1 }
$data merge entity $(bone_barrel2) { transformation: [0.13548243483945316f,-1.3263562785477834f,0.01418837498185098f,0.9978409739279174f,-1.295310070006942f,-0.12922467965604473f,0.288531770320325f,-0.3350386552301021f,-0.28564682768475047f,-0.04310199882192125f,-1.3016627386957693f,1.3576034729337987f,0f,0f,0f,1f], start_interpolation: 0, interpolation_duration: 1 }
$data merge entity $(bone_blaster_left) { transformation: [0.10161182612958988f,-0.9947672089108377f,0.010641281236388238f,1.1799859036943219f,-0.9714825525052067f,-0.09691850974203357f,0.2163988277402438f,-0.20452668369462973f,-0.2142351207635629f,-0.03232649911644094f,-0.9762470540218272f,1.1639866459722874f,0f,0f,0f,1f], start_interpolation: 0, interpolation_duration: 1 }
$data merge entity $(bone_sword_left) { transformation: [-2.650107924953569f,0.028348887542330715f,0.2706988160474904f,1.0182332231137097f,-0.2581955943474151f,0.5764969363766842f,-2.5880764748639087f,1.3352380172787228f,-0.0861193560936554f,-2.6007693371884257f,-0.5707327164116358f,1.3920367789836647f,0f,0f,0f,1f], start_interpolation: 0, interpolation_duration: 1 }
$data merge entity $(bone_rocket_left) { transformation: [-2.292237520143536f,0.02452065558046986f,0.23414366522954422f,1.2468714395916816f,-0.22332887778873176f,0.4986468269338838f,-2.2385827931093822f,0.2738886380376764f,-0.07448980375089342f,-2.2495616121168323f,-0.49366100686450837f,0.4384104616571747f,0f,0f,0f,1f], start_interpolation: 0, interpolation_duration: 1 }
$data merge entity $(bone_drillhead_left1) { transformation: [0.10161182612958966f,0.010641281236387995f,0.9947672089108377f,1.1494343461803296f,-0.9714825525052067f,0.216398827740244f,0.09691850974203339f,-0.17627436510661149f,-0.21423512076356313f,-0.9762470540218272f,0.03232649911644068f,1.8347139308435971f,0f,0f,0f,1f], start_interpolation: 0, interpolation_duration: 1 }
$data merge entity $(bone_drillhead_left2) { transformation: [-0.9579302263182584f,0.010641281236387995f,-0.2868038434880163f,0.9262305254352934f,0.2822292502033307f,0.216398827740244f,-0.9346219544191727f,0.13399258666790959f,0.05211844045552612f,-0.9762470540218272f,-0.21029825885676634f,1.9010559799736249f,0f,0f,0f,1f], start_interpolation: 0, interpolation_duration: 1 }
$data merge entity $(bone_drillhead_left3) { transformation: [0.8801599015339462f,0.010641281236387995f,-0.47455801633246325f,1.3036780029420805f,0.4613113051476515f,0.216398827740244f,0.8604437384835912f,0.17089424447693827f,0.1118500222383736f,-0.9762470540218272f,0.18555662758031322f,1.9133499994046859f,0f,0f,0f,1f], start_interpolation: 0, interpolation_duration: 1 }
$data merge entity $(bone_drill_left) { transformation: [0.1553447101843082f,0.01626844839446333f,1.5208054973052703f,1.1275390740763225f,-1.4852077884671193f,0.33083170000960194f,0.14816954266888174f,0.1968027808217786f,-0.3275238130635728f,-1.4924917841934455f,0.04942092695108472f,1.3877738761565068f,0f,0f,0f,1f], start_interpolation: 0, interpolation_duration: 1 }
$data merge entity $(bone_left_hand) { transformation: [-0.9947672089108377f,0.010641281236387995f,0.10161182612958988f,1.2352000598403883f,-0.09691850974203362f,0.216398827740244f,-0.9714825525052067f,0.2264068836991298f,-0.03232649911644073f,-0.9762470540218272f,-0.21423512076356313f,0.939923683715811f,0f,0f,0f,1f], start_interpolation: 0, interpolation_duration: 1 }
$data merge entity $(bone_left_arm_low) { transformation: [-0.9947672089108377f,0.010641281236387995f,0.10161182612958988f,1.1868437600863986f,-0.09691850974203362f,0.216398827740244f,-0.9714825525052067f,0.406389474814709f,-0.03232649911644073f,-0.9762470540218272f,-0.21423512076356313f,-0.04503862402465508f,0f,0f,0f,1f], start_interpolation: 0, interpolation_duration: 1 }
$data merge entity $(bone_left_arm) { transformation: [-1.1009030672929054f,-0.0961665927521009f,0.05946765000865624f,1.058f,-0.10725914937353512f,1.0724006445888188f,-0.25144444892496576f,1.4935f,-0.03577554800092011f,-0.25589220866991164f,-1.076109318908305f,-0.3061737499999999f,0f,0f,0f,1f], start_interpolation: 0, interpolation_duration: 1 }