# This file was generated by Animated Java via MC-Build. It is not recommended to edit this file directly.
$data merge entity $(bone_blaster_left) { transformation: [-0.9950585349978999f,0.014640329971505765f,0.09820474869454505f,1.3852262306544536f,-0.09356537220738517f,0.1927257913665546f,-0.9767815981404587f,0.2732437188243988f,-0.03322699281498088f,-0.98114342992269f,-0.19040361569049183f,0.9670394655149811f,0f,0f,0f,1f], start_interpolation: 0, interpolation_duration: 1 }
$data merge entity $(bone_barrel_left) { transformation: [-2.2837944999378506f,0.03360154592942686f,0.22539323773234524f,1.1661522482694648f,-0.21474523851234045f,0.4423318697729034f,-2.2418464472327666f,-0.4212480164398379f,-0.07626046184357181f,-2.2518574436551377f,-0.43700216116747664f,1.9247491761201072f,0f,0f,0f,1f], start_interpolation: 0, interpolation_duration: 1 }
$data merge entity $(bone_sword_left) { transformation: [-2.6508840317302638f,0.03900254666003999f,0.26162219708512163f,1.016014703744077f,-0.2492626738867975f,0.5134308232804176f,-2.602193388556759f,1.3789308692891211f,-0.08851831483042846f,-2.613813519246493f,-0.5072444350408953f,1.3863687551442365f,0f,0f,0f,1f], start_interpolation: 0, interpolation_duration: 1 }
$data merge entity $(bone_rocket_left) { transformation: [-2.2929088215107085f,0.033735645251828365f,0.22629275231174198f,1.2432062963401938f,-0.21560225833618837f,0.444097157719408f,-2.2507933596794008f,0.2939381752164935f,-0.0765648072531767f,-2.2608443086634673f,-0.43874617895236173f,0.4593758069456396f,0f,0f,0f,1f], start_interpolation: 0, interpolation_duration: 1 }
$data merge entity $(bone_drillhead_left1) { transformation: [0.09820474869454483f,0.014640329971505765f,0.9950585349978999f,1.1394593548693737f,-0.9767815981404587f,0.1927257913665546f,0.09356537220738495f,-0.12198443341046733f,-0.19040361569049183f,-0.98114342992269f,0.03322699281498084f,1.8658071242884984f,0f,0f,0f,1f], start_interpolation: 0, interpolation_duration: 1 }
$data merge entity $(bone_drillhead_left2) { transformation: [-0.9568955444402052f,0.014640329971505765f,-0.2900630582628697f,0.9173528891797326f,0.28735500231324523f,0.1927257913665546f,-0.9382344440424739f,0.19071174309116434f,0.0421665705985005f,-0.98114342992269f,-0.18862542311019737f,1.9239157599765178f,0f,0f,0f,1f], start_interpolation: 0, interpolation_duration: 1 }
$data merge entity $(bone_drillhead_left3) { transformation: [0.8817328838302463f,0.014640329971505765f,-0.4715217728914787f,1.2949113521978493f,0.46024126698165196f,0.1927257913665546f,0.8666226084687954f,0.22634175431286901f,0.10356204777582127f,-0.98114342992269f,0.16319458379498325f,1.9365483702689792f,0f,0f,0f,1f], start_interpolation: 0, interpolation_duration: 1 }
$data merge entity $(bone_drill_left) { transformation: [0.1501359517466089f,0.02238221576222536f,1.5212508782051872f,1.1205470737643348f,-1.4933089981374565f,0.2946402337725586f,0.1430432478430829f,0.24028312671446656f,-0.29109007902054224f,-1.4999773901927205f,0.05079760659508712f,1.4099278499813497f,0f,0f,0f,1f], start_interpolation: 0, interpolation_duration: 1 }
$data merge entity $(bone_left_hand) { transformation: [-0.9950585349978999f,0.014640329971505765f,0.09820474869454505f,1.2297483345610318f,-0.09356537220738517f,0.1927257913665546f,-0.9767815981404587f,0.25862412941699486f,-0.03322699281498088f,-0.98114342992269f,-0.19040361569049183f,0.9618477478876404f,0f,0f,0f,1f], start_interpolation: 0, interpolation_duration: 1 }
$data merge entity $(bone_left_arm_low) { transformation: [-0.9950585349978999f,0.014640329971505765f,0.09820474869454505f,1.1852664044918735f,-0.09356537220738517f,0.1927257913665546f,-0.9767815981404587f,0.4149776600786985f,-0.03322699281498088f,-0.98114342992269f,-0.19040361569049183f,-0.02732248207631388f,0f,0f,0f,1f], start_interpolation: 0, interpolation_duration: 1 }
$data merge entity $(bone_left_arm) { transformation: [-1.101225476174055f,-0.09134734836113255f,0.061074471808142745f,1.0613125f,-0.10354825162390864f,1.0685218332137798f,-0.2689067311636564f,1.49825f,-0.03677211912421459f,-0.27329239364988034f,-1.071788718620541f,-0.3061737499999999f,0f,0f,0f,1f], start_interpolation: 0, interpolation_duration: 1 }