# This file was generated by Animated Java via MC-Build. It is not recommended to edit this file directly.
$data merge entity $(bone_barrel1) { transformation: [0.16709642512524803f,-1.3093645696617604f,-0.18820463916336708f,1.6412322293231072f,-0.8279468767680958f,-0.25146947953683735f,1.0144184776950809f,-1.0067500052414502f,-1.0316785021207409f,-0.010261693511451f,-0.8445779677957265f,0.24406249095339977f,0f,0f,0f,1f], start_interpolation: 0, interpolation_duration: 1 }
$data merge entity $(bone_barrel2) { transformation: [0.16709642512524803f,-1.3093645696617604f,-0.18820463916336708f,1.272973444105737f,-0.8279468767680958f,-0.25146947953683735f,1.0144184776950809f,-1.0774757963611856f,-1.0316785021207409f,-0.010261693511451f,-0.8445779677957265f,0.24117638965330418f,0f,0f,0f,1f], start_interpolation: 0, interpolation_duration: 1 }
$data merge entity $(bone_blaster_left) { transformation: [0.12532231884393602f,-0.9820234272463203f,-0.14115347937252531f,1.4178707294413475f,-0.6209601575760718f,-0.18860210965262802f,0.7608138582713108f,-0.8338463213613659f,-0.7737588765905558f,-0.0076962701335882506f,-0.6334334758467949f,0.15546127167513718f,0f,0f,0f,1f], start_interpolation: 0, interpolation_duration: 1 }
$data merge entity $(bone_sword_left) { transformation: [-2.616157874649848f,-0.3760396914665778f,0.3338647146456563f,1.2026346474268055f,-0.5024451358832348f,2.026844891104589f,-1.6542678728569378f,0.21756586501675457f,-0.020503235622268516f,-1.6874973956071937f,-2.061331045582943f,1.2944309686116655f,0f,0f,0f,1f], start_interpolation: 0, interpolation_duration: 1 }
$data merge entity $(bone_rocket_left) { transformation: [-2.2628720824629878f,-0.32525931556466353f,0.28877964491812036f,1.3530975149194582f,-0.43459497684621523f,1.7531398865510646f,-1.430875645035153f,-0.010892541906342035f,-0.017734479994255637f,-1.4596178551570047f,-1.782969032932767f,-0.1244801539606098f,0f,0f,0f,1f], start_interpolation: 0, interpolation_duration: 1 }
$data merge entity $(bone_drillhead_left1) { transformation: [0.12532231884393577f,-0.14115347937252556f,0.9820234272463203f,1.4817796914738302f,-0.6209601575760716f,0.7608138582713109f,0.18860210965262805f,-1.2205471217652415f,-0.7737588765905559f,-0.6334334758467947f,0.007696270133587938f,0.7013411278540417f,0f,0f,0f,1f], start_interpolation: 0, interpolation_duration: 1 }
$data merge entity $(bone_drillhead_left2) { transformation: [-0.9552301200066117f,-0.14115347937252556f,-0.26002137045478513f,1.252973362081852f,0.06338553556666565f,0.7608138582713109f,-0.6458672827626808f,-1.0462694968859658f,0.2889942762635301f,-0.6334334758467947f,-0.7178052242520716f,0.9616520333843597f,0f,0f,0f,1f], start_interpolation: 0, interpolation_duration: 1 }
$data merge entity $(bone_drillhead_left3) { transformation: [0.8593125697523126f,-0.14115347937252556f,-0.49158682114831675f,1.6255821770611663f,0.4118767933596906f,0.7608138582713109f,0.5015174774163513f,-0.9746244088157023f,0.30321512916972965f,-0.6334334758467947f,0.711914754109811f,0.9646729428794935f,0f,0f,0f,1f], start_interpolation: 0, interpolation_duration: 1 }
$data merge entity $(bone_drill_left) { transformation: [0.19159343987783609f,-0.21579620384606368f,1.5013227348677387f,1.3750580392473801f,-0.9493272524364852f,1.1631363476002456f,0.2883359268316984f,-0.6603693466226517f,-1.1829267617255568f,-0.9683965289725739f,0.011766099468359131f,0.5820401579475242f,0f,0f,0f,1f], start_interpolation: 0, interpolation_duration: 1 }
$data merge entity $(bone_left_hand) { transformation: [-0.9820234272463203f,-0.14115347937252556f,0.125322318843936f,1.415841609677975f,-0.1886021096526282f,0.7608138582713109f,-0.6209601575760716f,-0.352489461193493f,-0.00769627013358811f,-0.6334334758467947f,-0.7737588765905559f,0.24059651374969726f,0f,0f,0f,1f], start_interpolation: 0, interpolation_duration: 1 }
$data merge entity $(bone_left_arm_low) { transformation: [-0.9820234272463203f,-0.14115347937252556f,0.125322318843936f,1.2172279885664272f,-0.1886021096526282f,0.7608138582713109f,-0.6209601575760716f,0.3771317603002764f,-0.00769627013358811f,-0.6334334758467947f,-0.7737588765905559f,-0.4174979438739015f,0f,0f,0f,1f], start_interpolation: 0, interpolation_duration: 1 }
$data merge entity $(bone_left_arm) { transformation: [-1.0867995984635106f,-0.20582274154441207f,-0.035715688103725614f,0.9773125f,-0.20872485457359066f,1.0621923274219651f,0.23011599940719096f,1.451f,-0.00851741726193285f,0.2327153565261198f,-1.0819163530394276f,-0.18117374999999988f,0f,0f,0f,1f], start_interpolation: 0, interpolation_duration: 1 }