# This file was generated by Animated Java via MC-Build. It is not recommended to edit this file directly.
$data merge entity $(text_display_ammo_left) { transformation: [-1f,1.368136703841374e-15f,8.665293146946319e-16f,0.22812499999999997f,1.5801474953939527e-15f,0.7071067811865475f,0.7071067811865477f,0.9327167224389782f,3.546899863589409e-16f,0.7071067811865477f,-0.7071067811865475f,0.3321193487677502f,0f,0f,0f,1f], start_interpolation: 0, interpolation_duration: 1 }
$data merge entity $(text_display_ammo_right) { transformation: [-1f,1.368136703841374e-15f,8.665293146946319e-16f,-0.08437500000000003f,1.5801474953939527e-15f,0.7071067811865475f,0.7071067811865477f,0.9327167224389782f,3.546899863589409e-16f,0.7071067811865477f,-0.7071067811865475f,0.3321193487677502f,0f,0f,0f,1f], start_interpolation: 0, interpolation_duration: 1 }
$data merge entity $(text_display_health) { transformation: [-1f,1.368136703841374e-15f,8.665293146946319e-16f,0.07187499999999995f,1.5801474953939527e-15f,0.7071067811865475f,0.7071067811865477f,0.94155555720381f,3.546899863589409e-16f,0.7071067811865477f,-0.7071067811865475f,0.340958183532582f,0f,0f,0f,1f], start_interpolation: 0, interpolation_duration: 1 }
$data merge entity $(bone_barrel1) { transformation: [0.12805009094376937f,-1.3269760962130845f,0.022702248041828056f,1.3555207997544287f,-1.3063415535019343f,-0.12199713674399261f,0.2374157155670155f,-0.23129898565876086f,-0.23420652762299954f,-0.04504349545858825f,-1.3118293195814108f,1.550694999007283f,0f,0f,0f,1f], start_interpolation: 0, interpolation_duration: 1 }
$data merge entity $(bone_barrel2) { transformation: [0.12805009094376937f,-1.3269760962130845f,0.022702248041828056f,0.9823087726944987f,-1.3063415535019343f,-0.12199713674399261f,0.2374157155670155f,-0.2656106803680088f,-0.23420652762299954f,-0.04504349545858825f,-1.3118293195814108f,1.538026515909555f,0f,0f,0f,1f], start_interpolation: 0, interpolation_duration: 1 }
$data merge entity $(bone_blaster_left) { transformation: [0.09603756820782704f,-0.9952320721598135f,0.017026686031371044f,1.1663129494948874f,-0.9797561651264508f,-0.09149785255799446f,0.17806178667526162f,-0.1439662593438628f,-0.17565489571724965f,-0.03378262159394119f,-0.9838719896860582f,1.3404341992825166f,0f,0f,0f,1f], start_interpolation: 0, interpolation_duration: 1 }
$data merge entity $(bone_sword_left) { transformation: [-2.651346343117231f,0.04535991454406334f,0.25584872352144794f,1.0139555475053283f,-0.24375470161070434f,0.4743652060225868f,-2.6101177787781795f,1.4045651494970177f,-0.08999853675296914f,-2.621082534336494f,-0.46795313217738005f,1.5074187048432037f,0f,0f,0f,1f], start_interpolation: 0, interpolation_duration: 1 }
$data merge entity $(bone_rocket_left) { transformation: [-2.2933087023975274f,0.03923451458311009f,0.22129892824910824f,1.2401151211494554f,-0.21083808228422918f,0.41030695891928354f,-2.2576476407517903f,0.30531524498376744f,-0.07784514010190255f,-2.2671317164202978f,-0.4047607711163202f,0.5971206291427319f,0f,0f,0f,1f], start_interpolation: 0, interpolation_duration: 1 }
$data merge entity $(bone_drillhead_left1) { transformation: [0.09603756820782682f,0.0170266860313708f,0.9952320721598135f,1.1325857276422842f,-0.9797561651264508f,0.17806178667526182f,0.09149785255799428f,-0.0893589389781228f,-0.17565489571724988f,-0.9838719896860582f,0.03378262159394093f,2.009379037749447f,0f,0f,0f,1f], start_interpolation: 0, interpolation_duration: 1 }
$data merge entity $(bone_drillhead_left2) { transformation: [-0.9562265278050153f,0.0170266860313708f,-0.2921316817545703f,0.9111795039140329f,0.2904034589043815f,0.17806178667526182f,-0.9401913800830046f,0.22473602672990012f,0.036009145759593256f,-0.9838719896860582f,-0.175212012524432f,2.062392536527379f,0f,0f,0f,1f], start_interpolation: 0, interpolation_duration: 1 }
$data merge entity $(bone_drillhead_left3) { transformation: [0.8827225553294802f,0.0170266860313708f,-0.469585968993306f,1.2888040966909364f,0.45946944539851436f,0.17806178667526182f,0.8701619555411484f,0.2595819120675504f,0.09843129105002495f,-0.9838719896860582f,0.14935591335271134f,2.075234060742812f,0f,0f,0f,1f], start_interpolation: 0, interpolation_duration: 1 }
$data merge entity $(bone_drill_left) { transformation: [0.1468227544796201f,0.02603048983264235f,1.5215161827583137f,1.115489543182985f,-1.4978565322578792f,0.2722218239704848f,0.13988241260402967f,0.2661299503504325f,-0.2685421560365501f,-1.5041488271386565f,0.05164705488201719f,1.5481234228468586f,0f,0f,0f,1f], start_interpolation: 0, interpolation_duration: 1 }
$data merge entity $(bone_left_hand) { transformation: [-0.9952320721598135f,0.0170266860313708f,0.09603756820782704f,1.2255994301207809f,-0.0914978525579945f,0.17806178667526182f,-0.9797561651264508f,0.2775191119665397f,-0.03378262159394097f,-0.9838719896860582f,-0.17565489571724988f,1.100035054968089f,0f,0f,0f,1f], start_interpolation: 0, interpolation_duration: 1 }
$data merge entity $(bone_left_arm_low) { transformation: [-0.9952320721598135f,0.0170266860313708f,0.09603756820782704f,1.183425285648658f,-0.0914978525579945f,0.17806178667526182f,-0.9797561651264508f,0.4192449026967253f,-0.03378262159394097f,-0.9838719896860582f,-0.17565489571724988f,0.10856243594124548f,0f,0f,0f,1f], start_interpolation: 0, interpolation_duration: 1 }
$data merge entity $(bone_left_arm) { transformation: [-1.1014175287388448f,-0.08836267596158334f,0.06199551127099802f,1.0625f,-0.10126013968845927f,1.0659819921298348f,-0.27964397919356393f,1.5f,-0.037387030252721845f,-0.28398311302935764f,-1.0689844620091844f,-0.18117374999999986f,0f,0f,0f,1f], start_interpolation: 0, interpolation_duration: 1 }