# This file was generated by Animated Java via MC-Build. It is not recommended to edit this file directly.
$data merge entity $(bone_barrel1) { transformation: [0.12689454614968718f,-1.3270653785440596f,0.02393810779811175f,1.3513805176331226f,-1.3078235552443822f,-0.12091146861406041f,0.22968618348371014f,-0.2237209921116397f,-0.22643564269607913f,-0.04533955894227673f,-1.313182775507473f,1.4339031229057915f,0f,0f,0f,1f], start_interpolation: 0, interpolation_duration: 1 }
$data merge entity $(bone_barrel2) { transformation: [0.12689454614968718f,-1.3270653785440596f,0.02393810779811175f,0.9781433799176058f,-1.3078235552443822f,-0.12091146861406041f,0.22968618348371014f,-0.25772734265934416f,-0.22643564269607913f,-0.04533955894227673f,-1.313182775507473f,1.4211513719532762f,0f,0f,0f,1f], start_interpolation: 0, interpolation_duration: 1 }
$data merge entity $(bone_blaster_left) { transformation: [0.0951709096122654f,-0.9952990339080449f,0.017953580848583818f,1.1624211866744256f,-0.9808676664332868f,-0.09068360146054533f,0.17226463761278266f,-0.1374321371447877f,-0.1698267320220594f,-0.034004669206707555f,-0.984887081630605f,1.2229888646431522f,0f,0f,0f,1f], start_interpolation: 0, interpolation_duration: 1 }
$data merge entity $(bone_sword_left) { transformation: [-2.651524732451004f,0.04782920713703433f,0.25353990313437297f,1.011517369282333f,-0.24158549733163015f,0.45892132072460484f,-2.613078871982154f,1.412206979374151f,-0.09059008232568f,-2.6237867883395443f,-0.4524266223988146f,1.3807633038149518f,0f,0f,0f,1f], start_interpolation: 0, interpolation_duration: 1 }
$data merge entity $(bone_rocket_left) { transformation: [-2.293463002047069f,0.04137035406214558f,0.2193018908195408f,1.2372447176683674f,-0.20896180721236132f,0.3969486149048798f,-2.2602088681187515f,0.30740214077738187f,-0.07835680339828184f,-2.2694707881356124f,-0.3913309602259102f,0.47710710550110036f,0f,0f,0f,1f], start_interpolation: 0, interpolation_duration: 1 }
$data merge entity $(bone_drillhead_left1) { transformation: [0.09517090961226518f,0.017953580848583575f,0.9952990339080449f,1.1282430142530324f,-0.9808676664332868f,0.17226463761278285f,0.09068360146054515f,-0.07886389223471207f,-0.1698267320220596f,-0.984887081630605f,0.0340046692067073f,1.8915756541185769f,0f,0f,0f,1f], start_interpolation: 0, interpolation_duration: 1 }
$data merge entity $(bone_drillhead_left2) { transformation: [-0.9559567365076292f,0.017953580848583575f,-0.29295799504433506f,0.9071172806983302f,0.2915810819628179f,0.17226463761278285f,-0.9409066729859712f,0.23576166921671624f,0.0335736588276544f,-0.984887081630605f,-0.16991246531692225f,1.942575266692347f,0f,0f,0f,1f], start_interpolation: 0, interpolation_duration: 1 }
$data merge entity $(bone_drillhead_left3) { transformation: [0.8831160758041706f,0.017953580848583575f,-0.46881090600684205f,1.284767394525111f,0.45914252861043453f,0.17226463761278285f,0.8715004492536726f,0.2702987345240509f,0.09640609460744179f,-0.984887081630605f,0.1438864182599978f,1.9555002883804855f,0f,0f,0f,1f], start_interpolation: 0, interpolation_duration: 1 }
$data merge entity $(bone_drill_left) { transformation: [0.14549780212432475f,0.0274475316498775f,1.5216185542417193f,1.1118589222287356f,-1.499555801476402f,0.26335911108254284f,0.13863758111572266f,0.27392784325450403f,-0.2596320278101232f,-1.5057007052018945f,0.05198652247517232f,1.428228133204385f,0f,0f,0f,1f], start_interpolation: 0, interpolation_duration: 1 }
$data merge entity $(bone_left_hand) { transformation: [-0.9952990339080449f,0.017953580848583575f,0.0951709096122654f,1.222319745393309f,-0.09068360146054537f,0.17226463761278285f,-0.9808676664332868f,0.2825740511230709f,-0.03400466920670733f,-0.984887081630605f,-0.1698267320220596f,0.9801648170677816f,0f,0f,0f,1f], start_interpolation: 0, interpolation_duration: 1 }
$data merge entity $(bone_left_arm_low) { transformation: [-0.9952990339080449f,0.017953580848583575f,0.0951709096122654f,1.181041227548023f,-0.09068360146054537f,0.17226463761278285f,-0.9808676664332868f,0.41851884906852943f,-0.03400466920670733f,-0.984887081630605f,-0.1698267320220596f,-0.012154641763931995f,0f,0f,0f,1f], start_interpolation: 0, interpolation_duration: 1 }
$data merge entity $(bone_left_arm) { transformation: [-1.1014916349150021f,-0.08718352957220088f,0.062347324863515234f,1.0613125f,-0.10035901274871038f,1.0649496759578154f,-0.28387010193304296f,1.49825f,-0.037632769050492634f,-0.28818951816939004f,-1.067849500091148f,-0.3061737499999999f,0f,0f,0f,1f], start_interpolation: 0, interpolation_duration: 1 }