# This file was generated by Animated Java via MC-Build. It is not recommended to edit this file directly.
$data merge entity $(text_display_ammo_left) { transformation: [-1f,1.368136703841374e-15f,8.665293146946319e-16f,0.22693749999999996f,1.5801474953939527e-15f,0.7071067811865475f,0.7071067811865477f,0.9309667224389782f,3.546899863589409e-16f,0.7071067811865477f,-0.7071067811865475f,0.3321193487677502f,0f,0f,0f,1f], start_interpolation: 0, interpolation_duration: 1 }
$data merge entity $(text_display_ammo_right) { transformation: [-1f,1.368136703841374e-15f,8.665293146946319e-16f,-0.08556250000000004f,1.5801474953939527e-15f,0.7071067811865475f,0.7071067811865477f,0.9309667224389782f,3.546899863589409e-16f,0.7071067811865477f,-0.7071067811865475f,0.3321193487677502f,0f,0f,0f,1f], start_interpolation: 0, interpolation_duration: 1 }
$data merge entity $(text_display_health) { transformation: [-1f,1.368136703841374e-15f,8.665293146946319e-16f,0.07068749999999996f,1.5801474953939527e-15f,0.7071067811865475f,0.7071067811865477f,0.93980555720381f,3.546899863589409e-16f,0.7071067811865477f,-0.7071067811865475f,0.340958183532582f,0f,0f,0f,1f], start_interpolation: 0, interpolation_duration: 1 }
$data merge entity $(bone_barrel1) { transformation: [0.1268945461496872f,-1.3270653785440598f,0.023938107798111757f,1.3513805176331226f,-1.3078235552443824f,-0.12091146861406044f,0.2296861834837102f,-0.2237209921116397f,-0.2264356426960792f,-0.04533955894227674f,-1.3131827755074732f,1.5589031229057917f,0f,0f,0f,1f], start_interpolation: 0, interpolation_duration: 1 }
$data merge entity $(bone_barrel2) { transformation: [0.1268945461496872f,-1.3270653785440598f,0.023938107798111757f,0.9781433799176058f,-1.3078235552443824f,-0.12091146861406044f,0.2296861834837102f,-0.2577273426593442f,-0.2264356426960792f,-0.04533955894227674f,-1.3131827755074732f,1.5461513719532765f,0f,0f,0f,1f], start_interpolation: 0, interpolation_duration: 1 }
$data merge entity $(bone_blaster_left) { transformation: [0.0951709096122654f,-0.9952990339080449f,0.017953580848583818f,1.1624211866744256f,-0.9808676664332868f,-0.09068360146054533f,0.17226463761278266f,-0.1374321371447877f,-0.1698267320220594f,-0.034004669206707555f,-0.984887081630605f,1.3479888646431524f,0f,0f,0f,1f], start_interpolation: 0, interpolation_duration: 1 }
$data merge entity $(bone_sword_left) { transformation: [-2.651524732451004f,0.04782920713703433f,0.25353990313437297f,1.011517369282333f,-0.24158549733163015f,0.45892132072460484f,-2.613078871982154f,1.4122069793741505f,-0.09059008232568f,-2.6237867883395443f,-0.4524266223988146f,1.5057633038149518f,0f,0f,0f,1f], start_interpolation: 0, interpolation_duration: 1 }
$data merge entity $(bone_rocket_left) { transformation: [-2.293463002047069f,0.04137035406214558f,0.2193018908195408f,1.2372447176683674f,-0.20896180721236132f,0.3969486149048798f,-2.2602088681187515f,0.30740214077738187f,-0.07835680339828184f,-2.2694707881356124f,-0.3913309602259102f,0.6021071055011005f,0f,0f,0f,1f], start_interpolation: 0, interpolation_duration: 1 }
$data merge entity $(bone_drillhead_left1) { transformation: [0.09517090961226518f,0.017953580848583575f,0.9952990339080449f,1.1282430142530324f,-0.9808676664332868f,0.17226463761278285f,0.09068360146054515f,-0.07886389223471213f,-0.1698267320220596f,-0.984887081630605f,0.0340046692067073f,2.0165756541185766f,0f,0f,0f,1f], start_interpolation: 0, interpolation_duration: 1 }
$data merge entity $(bone_drillhead_left2) { transformation: [-0.9559567365076292f,0.017953580848583575f,-0.29295799504433506f,0.9071172806983303f,0.2915810819628179f,0.17226463761278285f,-0.9409066729859712f,0.23576166921671618f,0.0335736588276544f,-0.984887081630605f,-0.16991246531692225f,2.067575266692347f,0f,0f,0f,1f], start_interpolation: 0, interpolation_duration: 1 }
$data merge entity $(bone_drillhead_left3) { transformation: [0.8831160758041706f,0.017953580848583575f,-0.46881090600684205f,1.284767394525111f,0.45914252861043453f,0.17226463761278285f,0.8715004492536726f,0.27029873452405084f,0.09640609460744179f,-0.984887081630605f,0.1438864182599978f,2.0805002883804855f,0f,0f,0f,1f], start_interpolation: 0, interpolation_duration: 1 }
$data merge entity $(bone_drill_left) { transformation: [0.14549780212432475f,0.0274475316498775f,1.5216185542417193f,1.1118589222287356f,-1.499555801476402f,0.26335911108254284f,0.13863758111572266f,0.273927843254504f,-0.2596320278101232f,-1.5057007052018945f,0.05198652247517232f,1.553228133204385f,0f,0f,0f,1f], start_interpolation: 0, interpolation_duration: 1 }
$data merge entity $(bone_left_hand) { transformation: [-0.9952990339080449f,0.017953580848583575f,0.0951709096122654f,1.222319745393309f,-0.09068360146054537f,0.17226463761278285f,-0.9808676664332868f,0.2825740511230709f,-0.03400466920670733f,-0.984887081630605f,-0.1698267320220596f,1.1051648170677817f,0f,0f,0f,1f], start_interpolation: 0, interpolation_duration: 1 }
$data merge entity $(bone_left_arm_low) { transformation: [-0.9952990339080449f,0.017953580848583575f,0.0951709096122654f,1.181041227548023f,-0.09068360146054537f,0.17226463761278285f,-0.9808676664332868f,0.41851884906852943f,-0.03400466920670733f,-0.984887081630605f,-0.1698267320220596f,0.11284535823606806f,0f,0f,0f,1f], start_interpolation: 0, interpolation_duration: 1 }
$data merge entity $(bone_left_arm) { transformation: [-1.1014916349150021f,-0.08718352957220088f,0.062347324863515234f,1.0613125f,-0.10035901274871038f,1.0649496759578154f,-0.28387010193304296f,1.49825f,-0.037632769050492634f,-0.28818951816939004f,-1.067849500091148f,-0.18117374999999986f,0f,0f,0f,1f], start_interpolation: 0, interpolation_duration: 1 }