# This file was generated by Animated Java via MC-Build. It is not recommended to edit this file directly.
$data merge entity $(bone_blaster_left) { transformation: [-0.9950784725725482f,0.014932740348236016f,0.09795839263879613f,1.381280064175139f,-0.09332644035991156f,0.19100320632026543f,-0.9771427483766771f,0.2704640613229195f,-0.03330178602466019f,-0.9814758216283631f,-0.1886695593001093f,0.9686094728873882f,0f,0f,0f,1f], start_interpolation: 0, interpolation_duration: 1 }
$data merge entity $(bone_barrel_left) { transformation: [-2.283840259379856f,0.034272667463098955f,0.22482781712103722f,1.1617693386799584f,-0.2141968574674792f,0.438378303107201f,-2.2426753360811285f,-0.4222843175906985f,-0.07643212241919681f,-2.252620327769531f,-0.4330222662088891f,1.927481098706422f,0f,0f,0f,1f], start_interpolation: 0, interpolation_duration: 1 }
$data merge entity $(bone_sword_left) { transformation: [-2.6509371463927764f,0.03978154203681758f,0.2609658926453971f,1.0122986493648887f,-0.24862614789675513f,0.508841773458826f,-2.6031555102416397f,1.3769938695988635f,-0.08871756755601928f,-2.614699026816005f,-0.5026248250041908f,1.3859136525557623f,0f,0f,0f,1f], start_interpolation: 0, interpolation_duration: 1 }
$data merge entity $(bone_rocket_left) { transformation: [-2.2929547635725904f,0.03440944514271366f,0.22572507518161167f,1.239387822549721f,-0.2150516887751592f,0.44012781289242536f,-2.251625556513447f,0.2903119864032737f,-0.07673715290343854f,-2.261610237347388f,-0.4347504007597618f,0.46087631055059664f,0f,0f,0f,1f], start_interpolation: 0, interpolation_duration: 1 }
$data merge entity $(bone_drillhead_left1) { transformation: [0.09795839263879591f,0.014932740348236016f,0.9950784725725482f,1.1351799905409359f,-0.9771427483766771f,0.19100320632026543f,0.09332644035991133f,-0.12311644378182035f,-0.1886695593001093f,-0.9814758216283631f,0.03330178602466015f,1.8680087689556655f,0f,0f,0f,1f], start_interpolation: 0, interpolation_duration: 1 }
$data merge entity $(bone_drillhead_left2) { transformation: [-0.9568196879763528f,0.014932740348236016f,-0.2902982913599858f,0.9131530854675523f,0.28771395276878675f,0.19100320632026543f,-0.9384766680943852f,0.18974726832600292f,0.04143387603152077f,-0.9814758216283631f,-0.18705198602510023f,1.925516555481092f,0f,0f,0f,1f], start_interpolation: 0, interpolation_duration: 1 }
$data merge entity $(bone_drillhead_left3) { transformation: [0.8818455801283897f,0.014932740348236016f,-0.47130179935336153f,1.2907191457498906f,0.46015872895010146f,0.19100320632026543f,0.8670477030396917f,0.22528666470370884f,0.10296755304002861f,-0.9814758216283631f,0.16156390246549077f,1.9381773203491606f,0f,0f,0f,1f], start_interpolation: 0, interpolation_duration: 1 }
$data merge entity $(bone_drill_left) { transformation: [0.1497593212741513f,0.022829254330060108f,1.5212813588773049f,1.1164850810608447f,-1.4938611265748178f,0.2920067364231227f,0.14267796754045106f,0.2383579770906396f,-0.28843904421812f,-1.5004855524328087f,0.050911950859174736f,1.411491391791628f,0f,0f,0f,1f], start_interpolation: 0, interpolation_duration: 1 }
$data merge entity $(bone_left_hand) { transformation: [-0.9950784725725482f,0.014932740348236016f,0.09795839263879613f,1.2257990528356784f,-0.09332644035991156f,0.19100320632026543f,-0.9771427483766771f,0.25588180501668334f,-0.03330178602466019f,-0.9814758216283631f,-0.1886695593001093f,0.9634060688210351f,0f,0f,0f,1f], start_interpolation: 0, interpolation_duration: 1 }
$data merge entity $(bone_left_arm_low) { transformation: [-0.9950784725725482f,0.014932740348236016f,0.09795839263879613f,1.1816005884180925f,-0.09332644035991156f,0.19100320632026543f,-0.9771427483766771f,0.41051639792768313f,-0.03330178602466019f,-0.9814758216283631f,-0.1886695593001093f,-0.02604703816199777f,0f,0f,0f,1f], start_interpolation: 0, interpolation_duration: 1 }
$data merge entity $(bone_left_arm) { transformation: [-1.1012475409716158f,-0.09099916848311762f,0.061196269276634546f,1.058f,-0.10328382714207869f,1.0682304485398024f,-0.2701631699498765f,1.4935f,-0.03685489233307296f,-0.27454478447397573f,-1.0714657515587158f,-0.3061737499999999f,0f,0f,0f,1f], start_interpolation: 0, interpolation_duration: 1 }