# This file was generated by Animated Java via MC-Build. It is not recommended to edit this file directly.
$data merge entity $(bone_barrel1) { transformation: [0.13793901797052882f,-1.3261319865723435f,0.01116061328032883f,1.3727105306008986f,-1.2910536433577176f,-0.13171540419433933f,0.305956402202115f,-0.3261341667826303f,-0.303201410075657f,-0.04245920707442323f,-1.2977071697576932f,1.4749593352919876f,0f,0f,0f,1f], start_interpolation: 0, interpolation_duration: 1 }
$data merge entity $(bone_barrel2) { transformation: [0.13793901797052882f,-1.3261319865723435f,0.01116061328032883f,0.999735909377427f,-1.2910536433577176f,-0.13171540419433933f,0.305956402202115f,-0.36317912421228826f,-0.303201410075657f,-0.04245920707442323f,-1.2977071697576932f,1.463017683302306f,0f,0f,0f,1f], start_interpolation: 0, interpolation_duration: 1 }
$data merge entity $(bone_blaster_left) { transformation: [0.10345426347789663f,-0.9945989899292578f,0.008370459960246622f,1.1812284437056921f,-0.9682902325182883f,-0.0987865531457545f,0.22946730165158627f,-0.22966540340271674f,-0.22740105755674275f,-0.031844405305817426f,-0.9732803773182699f,1.2708402335975724f,0f,0f,0f,1f], start_interpolation: 0, interpolation_duration: 1 }
$data merge entity $(bone_sword_left) { transformation: [-2.649659781456056f,0.02229930990632777f,0.2756071581945181f,1.0163529955211743f,-0.2631721522636922f,0.6113119825194062f,-2.579571980123292f,1.3065300669919708f,-0.08483503488095351f,-2.5928659670607748f,-0.6058074083822785f,1.5197693209495264f,0f,0f,0f,1f], start_interpolation: 0, interpolation_duration: 1 }
$data merge entity $(bone_rocket_left) { transformation: [-2.291849893915285f,0.019288012521787582f,0.23838918516674293f,1.2456963085997868f,-0.2276334016420603f,0.5287604514706181f,-2.2312267447949927f,0.2585704366249686f,-0.07337891719267028f,-2.242725512586093f,-0.5239992146731557f,0.5516147104588016f,0f,0f,0f,1f], start_interpolation: 0, interpolation_duration: 1 }
$data merge entity $(bone_drillhead_left1) { transformation: [0.10345426347789641f,0.00837045996024638f,0.9945989899292578f,1.1518306349451735f,-0.9682902325182883f,0.22946730165158646f,0.09878655314575435f,-0.21046201258401298f,-0.22740105755674297f,-0.9732803773182699f,0.03184440530581716f,1.9419390940228551f,0f,0f,0f,1f], start_interpolation: 0, interpolation_duration: 1 }
$data merge entity $(bone_drillhead_left2) { transformation: [-0.9584798824925645f,0.00837045996024638f,-0.28503727871472134f,0.9280354271984819f,0.27928175516698855f,0.22946730165158646f,-0.932387504583575f,0.09837034626371233f,0.05760222294222746f,-0.9732803773182699f,-0.22227750907215113f,2.0128268472639563f,0f,0f,0f,1f], start_interpolation: 0, interpolation_duration: 1 }
$data merge entity $(bone_drillhead_left3) { transformation: [0.879299417211517f,0.00837045996024638f,-0.4761958318712382f,1.3054188351266744f,0.4618155042443904f,0.22946730165158646f,0.8567795501249078f,0.13598041113552184f,0.11644301151630405f,-0.9732803773182699f,0.19790485642404074f,2.024939649578211f,0f,0f,0f,1f], start_interpolation: 0, interpolation_duration: 1 }
$data merge entity $(bone_drill_left) { transformation: [0.15816143838226854f,0.012796804527216116f,1.5205483232150447f,1.1282663045014267f,-1.4803273523793852f,0.35081085371282933f,0.1510254175430588f,0.1685106525267629f,-0.3476519685484771f,-1.487956312779548f,0.04868389932206202f,1.5000728091946791f,0f,0f,0f,1f], start_interpolation: 0, interpolation_duration: 1 }
$data merge entity $(bone_left_hand) { transformation: [-0.9945989899292578f,0.00837045996024638f,0.10345426347789663f,1.235045187152295f,-0.09878655314575456f,0.22946730165158646f,-0.9682902325182883f,0.20435492533156835f,-0.03184440530581721f,-0.9732803773182699f,-0.22740105755674297f,1.052467465215233f,0f,0f,0f,1f], start_interpolation: 0, interpolation_duration: 1 }
$data merge entity $(bone_left_arm_low) { transformation: [-0.9945989899292578f,0.00837045996024638f,0.10345426347789663f,1.184486155975647f,-0.09878655314575456f,0.22946730165158646f,-0.9682902325182883f,0.39738899764534863f,-0.03184440530581721f,-0.9732803773182699f,-0.22740105755674297f,0.07009052951670139f,0f,0f,0f,1f], start_interpolation: 0, interpolation_duration: 1 }
$data merge entity $(bone_left_arm) { transformation: [-1.1007169003272683f,-0.09883264628076571f,0.05853539012511338f,1.0529375f,-0.10932650211151324f,1.0744259967549903f,-0.2417198212127729f,1.4865000000000002f,-0.03524201759291696f,-0.2461967994516067f,-1.0783863475906f,-0.18117374999999988f,0f,0f,0f,1f], start_interpolation: 0, interpolation_duration: 1 }