# This file was generated by Animated Java via MC-Build. It is not recommended to edit this file directly.
$data merge entity $(bone_barrel_left) { transformation: [-2.281076386698557f,-0.003425982676671496f,0.2536282203140053f,1.2089024804104387f,-0.2442543925808972f,0.6485376702761706f,-2.1880098663827794f,-0.6311585936341894f,-0.06840177776847163f,-2.2015984298518543f,-0.644929487558645f,1.770956207235218f,0f,0f,0f,1f], start_interpolation: 0, interpolation_duration: 1 }
$data merge entity $(bone_blaster_left) { transformation: [-0.9938742420249884f,-0.0014927145604692951f,0.11050684522913362f,1.4044711478023506f,-0.10642263043148742f,0.28257049576637433f,-0.9533247813071831f,0.15216813942248797f,-0.029802932260060845f,-0.9592453735752842f,-0.280998395908439f,0.8789516133518638f,0f,0f,0f,1f], start_interpolation: 0, interpolation_duration: 1 }
$data merge entity $(bone_sword_left) { transformation: [-2.6477290180096005f,-0.003976663736960625f,0.29439557685459805f,1.0241278075169957f,-0.28351503122995336f,0.7527814582955833f,-2.539703294766766f,1.2082795824725747f,-0.07939645201586133f,-2.5554760387309465f,-0.7485933082892171f,1.4030373342091562f,0f,0f,0f,1f], start_interpolation: 0, interpolation_duration: 1 }
$data merge entity $(bone_rocket_left) { transformation: [-2.290179860641238f,-0.0034396553200809945f,0.2546404169717853f,1.2553386180325323f,-0.24522917953288698f,0.6511258982796841f,-2.1967419241608943f,0.21724205246905626f,-0.06867476021008535f,-2.210384717788232f,-0.6475033157825014f,0.3771098186543098f,0f,0f,0f,1f], start_interpolation: 0, interpolation_duration: 1 }
$data merge entity $(bone_drillhead_left1) { transformation: [0.1105068452291334f,-0.0014927145604692951f,0.9938742420249884f,1.176862761917186f,-0.9533247813071831f,0.28257049576637433f,0.10642263043148721f,-0.3282141724744288f,-0.280998395908439f,-0.9592453735752842f,0.029802932260060783f,1.7402397249037986f,0f,0f,0f,1f], start_interpolation: 0, interpolation_duration: 1 }
$data merge entity $(bone_drillhead_left2) { transformation: [-0.9605092089291783f,-0.0014927145604692951f,-0.2782441937677857f,0.9508191541147986f,0.2664999094176676f,0.28257049576637433f,-0.9214834307803481f,-0.025894288449079594f,0.07999911151143535f,-0.9592453735752842f,-0.2710137550601344f,1.8296476078671375f,0f,0f,0f,1f], start_interpolation: 0, interpolation_duration: 1 }
$data merge entity $(bone_drillhead_left3) { transformation: [0.8759309312649334f,-0.0014927145604692951f,-0.4824342187869635f,1.327926642332893f,0.4631432895209953f,0.28257049576637433f,0.8400310757906622f,0.014611311804854005f,0.13506774975921637f,-0.9592453735752842f,0.24820357823648578f,1.8409927485436899f,0f,0f,0f,1f], start_interpolation: 0, interpolation_duration: 1 }
$data merge entity $(bone_drill_left) { transformation: [0.16894346356504414f,-0.002282070105582661f,1.51944032469328f,1.1463044262613957f,-1.457448089504987f,0.4319953045178185f,0.1626994938595725f,0.07417858154846141f,-0.42959186973946606f,-1.4664995230343347f,0.04556288427173067f,1.3200402105417484f,0f,0f,0f,1f], start_interpolation: 0, interpolation_duration: 1 }
$data merge entity $(bone_left_hand) { transformation: [-0.9938742420249884f,-0.0014927145604692951f,0.11050684522913362f,1.2491782974859462f,-0.10642263043148742f,0.28257049576637433f,-0.9533247813071831f,0.13553960341756804f,-0.029802932260060845f,-0.9592453735752842f,-0.280998395908439f,0.8742949051862293f,0f,0f,0f,1f], start_interpolation: 0, interpolation_duration: 1 }
$data merge entity $(bone_left_arm_low) { transformation: [-0.9938742420249884f,-0.0014927145604692951f,0.11050684522913362f,1.1890217817123256f,-0.10642263043148742f,0.28257049576637433f,-0.9533247813071831f,0.38166728536612493f,-0.029802932260060845f,-0.9592453735752842f,-0.280998395908439f,-0.09559435152744741f,0f,0f,0f,1f], start_interpolation: 0, interpolation_duration: 1 }
$data merge entity $(bone_left_arm) { transformation: [-1.0999148260493097f,-0.10964949878215982f,0.05418801885810214f,1.0465f,-0.11777730429984962f,1.0817649429071214f,-0.20170546205554576f,1.4780000000000002f,-0.032982731281771156f,-0.20623669471750586f,-1.0868075007669118f,-0.3061737499999999f,0f,0f,0f,1f], start_interpolation: 0, interpolation_duration: 1 }