# This file was generated by Animated Java via MC-Build. It is not recommended to edit this file directly.
$data merge entity $(text_display_ammo_left) { transformation: [-1f,1.368136703841374e-15f,8.665293146946319e-16f,0.21212499999999998f,1.5801474953939527e-15f,0.7071067811865475f,0.7071067811865477f,0.9107167224389782f,3.546899863589409e-16f,0.7071067811865477f,-0.7071067811865475f,0.3321193487677502f,0f,0f,0f,1f], start_interpolation: 0, interpolation_duration: 1 }
$data merge entity $(text_display_ammo_right) { transformation: [-1f,1.368136703841374e-15f,8.665293146946319e-16f,-0.10037500000000002f,1.5801474953939527e-15f,0.7071067811865475f,0.7071067811865477f,0.9107167224389782f,3.546899863589409e-16f,0.7071067811865477f,-0.7071067811865475f,0.3321193487677502f,0f,0f,0f,1f], start_interpolation: 0, interpolation_duration: 1 }
$data merge entity $(text_display_health) { transformation: [-1f,1.368136703841374e-15f,8.665293146946319e-16f,0.055874999999999966f,1.5801474953939527e-15f,0.7071067811865475f,0.7071067811865477f,0.91955555720381f,3.546899863589409e-16f,0.7071067811865477f,-0.7071067811865475f,0.340958183532582f,0f,0f,0f,1f], start_interpolation: 0, interpolation_duration: 1 }
$data merge entity $(bone_barrel1) { transformation: [0.14734246030551149f,-1.3251656560333178f,-0.0019902860806253996f,1.3950632292731933f,-1.2710997084095776f,-0.14189684057531646f,0.37676066102183214f,-0.41597803091791674f,-0.3746645278779184f,-0.03973724301341474f,-1.2789938314337124f,1.3909780547016801f,0f,0f,0f,1f], start_interpolation: 0, interpolation_duration: 1 }
$data merge entity $(bone_barrel2) { transformation: [0.14734246030551149f,-1.3251656560333178f,-0.0019902860806253996f,1.0223603885138226f,-1.2710997084095776f,-0.14189684057531646f,0.37676066102183214f,-0.45588651732972446f,-0.3746645278779184f,-0.03973724301341474f,-1.2789938314337124f,1.3798019551041574f,0f,0f,0f,1f], start_interpolation: 0, interpolation_duration: 1 }
$data merge entity $(bone_blaster_left) { transformation: [0.11050684522913362f,-0.9938742420249884f,-0.0014927145604690499f,1.2010838476528929f,-0.9533247813071832f,-0.10642263043148735f,0.2825704957663741f,-0.3102999826088113f,-0.2809983959084388f,-0.029802932260061057f,-0.9592453735752843f,1.1938984535296857f,0f,0f,0f,1f], start_interpolation: 0, interpolation_duration: 1 }
$data merge entity $(bone_sword_left) { transformation: [-2.6477290180096005f,-0.003976663736960625f,0.29439557685459805f,1.024127807516996f,-0.28351503122995336f,0.7527814582955833f,-2.539703294766766f,1.2082795824725745f,-0.07939645201586133f,-2.5554760387309465f,-0.7485933082892171f,1.5280373342091562f,0f,0f,0f,1f], start_interpolation: 0, interpolation_duration: 1 }
$data merge entity $(bone_rocket_left) { transformation: [-2.290179860641238f,-0.0034396553200809945f,0.2546404169717853f,1.2553386180325323f,-0.24522917953288698f,0.6511258982796841f,-2.1967419241608943f,0.21724205246905626f,-0.06867476021008535f,-2.210384717788232f,-0.6475033157825014f,0.5021098186543099f,0f,0f,0f,1f], start_interpolation: 0, interpolation_duration: 1 }
$data merge entity $(bone_drillhead_left1) { transformation: [0.1105068452291334f,-0.0014927145604692951f,0.9938742420249884f,1.176862761917186f,-0.9533247813071831f,0.28257049576637433f,0.10642263043148721f,-0.32821417247442886f,-0.280998395908439f,-0.9592453735752842f,0.029802932260060783f,1.865239724903799f,0f,0f,0f,1f], start_interpolation: 0, interpolation_duration: 1 }
$data merge entity $(bone_drillhead_left2) { transformation: [-0.9605092089291783f,-0.0014927145604692951f,-0.2782441937677857f,0.9508191541147986f,0.2664999094176676f,0.28257049576637433f,-0.9214834307803481f,-0.025894288449079622f,0.07999911151143535f,-0.9592453735752842f,-0.2710137550601344f,1.954647607867138f,0f,0f,0f,1f], start_interpolation: 0, interpolation_duration: 1 }
$data merge entity $(bone_drillhead_left3) { transformation: [0.8759309312649334f,-0.0014927145604692951f,-0.4824342187869635f,1.327926642332893f,0.4631432895209953f,0.28257049576637433f,0.8400310757906622f,0.014611311804853977f,0.13506774975921637f,-0.9592453735752842f,0.24820357823648578f,1.96599274854369f,0f,0f,0f,1f], start_interpolation: 0, interpolation_duration: 1 }
$data merge entity $(bone_drill_left) { transformation: [0.16894346356504414f,-0.002282070105582661f,1.51944032469328f,1.1463044262613957f,-1.457448089504987f,0.4319953045178185f,0.1626994938595725f,0.07417858154846138f,-0.42959186973946606f,-1.4664995230343347f,0.04556288427173067f,1.4450402105417486f,0f,0f,0f,1f], start_interpolation: 0, interpolation_duration: 1 }
$data merge entity $(bone_left_hand) { transformation: [-0.9938742420249884f,-0.0014927145604692951f,0.11050684522913362f,1.2491782974859462f,-0.10642263043148742f,0.28257049576637433f,-0.9533247813071831f,0.13553960341756804f,-0.029802932260060845f,-0.9592453735752842f,-0.280998395908439f,0.9992949051862294f,0f,0f,0f,1f], start_interpolation: 0, interpolation_duration: 1 }
$data merge entity $(bone_left_arm_low) { transformation: [-0.9938742420249884f,-0.0014927145604692951f,0.11050684522913362f,1.1890217817123256f,-0.10642263043148742f,0.28257049576637433f,-0.9533247813071831f,0.38166728536612493f,-0.029802932260060845f,-0.9592453735752842f,-0.280998395908439f,0.029405648472552615f,0f,0f,0f,1f], start_interpolation: 0, interpolation_duration: 1 }
$data merge entity $(bone_left_arm) { transformation: [-1.0999148260493097f,-0.10964949878215982f,0.05418801885810214f,1.0465f,-0.11777730429984962f,1.0817649429071214f,-0.20170546205554576f,1.4780000000000002f,-0.032982731281771156f,-0.20623669471750586f,-1.0868075007669118f,-0.18117374999999988f,0f,0f,0f,1f], start_interpolation: 0, interpolation_duration: 1 }