# This file was generated by Animated Java via MC-Build. It is not recommended to edit this file directly.
$data merge entity $(text_display_ammo_left) { transformation: [-1f,1.368136703841374e-15f,8.665293146946319e-16f,0.20468749999999997f,1.5801474953939527e-15f,0.7071067811865475f,0.7071067811865477f,0.9014667224389782f,3.546899863589409e-16f,0.7071067811865477f,-0.7071067811865475f,0.3321193487677502f,0f,0f,0f,1f], start_interpolation: 0, interpolation_duration: 1 }
$data merge entity $(text_display_ammo_right) { transformation: [-1f,1.368136703841374e-15f,8.665293146946319e-16f,-0.10781250000000003f,1.5801474953939527e-15f,0.7071067811865475f,0.7071067811865477f,0.9014667224389782f,3.546899863589409e-16f,0.7071067811865477f,-0.7071067811865475f,0.3321193487677502f,0f,0f,0f,1f], start_interpolation: 0, interpolation_duration: 1 }
$data merge entity $(text_display_health) { transformation: [-1f,1.368136703841374e-15f,8.665293146946319e-16f,0.04843749999999996f,1.5801474953939527e-15f,0.7071067811865475f,0.7071067811865477f,0.91030555720381f,3.546899863589409e-16f,0.7071067811865477f,-0.7071067811865475f,0.340958183532582f,0f,0f,0f,1f], start_interpolation: 0, interpolation_duration: 1 }
$data merge entity $(bone_barrel1) { transformation: [0.1572230331234619f,-1.3238935014806883f,-0.01909692044386591f,1.423000806980638f,-1.2419141974552739f,-0.15412388517989906f,0.4600790496793494f,-0.5172918836424909f,-0.4590292167087613f,-0.036463715280177215f,-1.2512954700842982f,1.284133919426347f,0f,0f,0f,1f], start_interpolation: 0, interpolation_duration: 1 }
$data merge entity $(bone_barrel2) { transformation: [0.1572230331234619f,-1.3238935014806883f,-0.01909692044386591f,1.0506557596891943f,-1.2419141974552739f,-0.15412388517989906f,0.4600790496793494f,-0.5606392263493374f,-0.4590292167087613f,-0.036463715280177215f,-1.2512954700842982f,1.2738784995037973f,0f,0f,0f,1f], start_interpolation: 0, interpolation_duration: 1 }
$data merge entity $(bone_blaster_left) { transformation: [0.11791727484259643f,-0.9929201261105163f,-0.014322690332899433f,1.2258928940999603f,-0.9314356480914555f,-0.1155929138849243f,0.34505928725951207f,-0.4010972965012843f,-0.34427191253157097f,-0.027347786460132913f,-0.9384716025632237f,1.0962948708096234f,0f,0f,0f,1f], start_interpolation: 0, interpolation_duration: 1 }
$data merge entity $(bone_sword_left) { transformation: [-2.645187207097844f,-0.03815633931021084f,0.3141373195156276f,1.035975663188961f,-0.3079451095802764f,0.9192546191248917f,-2.481389585905295f,1.09007248836239f,-0.07285582493947244f,-2.5001337086892184f,-0.9171570147932114f,1.5314847665078106f,0f,0f,0f,1f], start_interpolation: 0, interpolation_duration: 1 }
$data merge entity $(bone_rocket_left) { transformation: [-2.287981295712551f,-0.0330037096884367f,0.2717162359656186f,1.2673950242614576f,-0.26636022166417594f,0.7951185341103609f,-2.146302894817087f,0.17142009634988375f,-0.06301737899606252f,-2.162515812458258f,-0.7933041901335671f,0.44030927470194936f,0f,0f,0f,1f], start_interpolation: 0, interpolation_duration: 1 }
$data merge entity $(bone_drillhead_left1) { transformation: [0.1179172748425962f,-0.014322690332899679f,0.9929201261105163f,1.208713022434819f,-0.9314356480914554f,0.3450592872595123f,0.11559291388492418f,-0.4634359580479274f,-0.3442719125315712f,-0.9384716025632236f,0.02734778646013263f,1.7651935366246412f,0f,0f,0f,1f], start_interpolation: 0, interpolation_duration: 1 }
$data merge entity $(bone_drillhead_left2) { transformation: [-0.9624635694039342f,-0.014322690332899679f,-0.27103272516776755f,0.980343489174553f,0.2496510635972189f,0.3450592872595123f,-0.9047698241656463f,-0.17026213665947443f,0.10648109698446982f,-0.9384716025632236f,-0.3285313183965857f,1.8764736389448042f,0f,0f,0f,1f], start_interpolation: 0, interpolation_duration: 1 }
$data merge entity $(bone_drillhead_left3) { transformation: [0.8722135944601294f,-0.014322690332899679f,-0.4889154386809329f,1.357087978330986f,0.46323891808046125f,0.3450592872595123f,0.8162988380805163f,-0.12627975232501515f,0.15701321732448148f,-0.9384716025632236f,0.3076002288162835f,1.8868954093115315f,0f,0f,0f,1f], start_interpolation: 0, interpolation_duration: 1 }
$data merge entity $(bone_drill_left) { transformation: [0.18027256849793313f,-0.021896606562176332f,1.5179816671151072f,1.1695311528001835f,-1.4239838640786442f,0.5275285074334817f,0.17671907287555563f,-0.03463438260423418f,-0.5263247646844589f,-1.4347404693865036f,0.041809444074094086f,1.3727456264158824f,0f,0f,0f,1f], start_interpolation: 0, interpolation_duration: 1 }
$data merge entity $(bone_left_hand) { transformation: [-0.9929201261105163f,-0.014322690332899679f,0.11791727484259643f,1.267186539750245f,-0.11559291388492439f,0.3450592872595123f,-0.9314356480914554f,0.057105180725843585f,-0.027347786460132705f,-0.9384716025632236f,-0.3442719125315712f,0.9310620705167844f,0f,0f,0f,1f], start_interpolation: 0, interpolation_duration: 1 }
$data merge entity $(bone_left_arm_low) { transformation: [-0.9929201261105163f,-0.014322690332899679f,0.11791727484259643f,1.1944912563742693f,-0.11559291388492439f,0.3450592872595123f,-0.9314356480914554f,0.36583254686469013f,-0.027347786460132705f,-0.9384716025632236f,-0.3442719125315712f,-0.019877265966809166f,0f,0f,0f,1f], start_interpolation: 0, interpolation_duration: 1 }
$data merge entity $(bone_left_arm) { transformation: [-1.0988589115324394f,-0.1223757840233507f,0.0480128999794919f,1.0390625f,-0.12792600350444816f,1.0885244438304162f,-0.15336704778110155f,1.46875f,-0.030265635746674516f,-0.15783117943670377f,-1.094963601506688f,-0.18117374999999988f,0f,0f,0f,1f], start_interpolation: 0, interpolation_duration: 1 }