# This file was generated by Animated Java via MC-Build. It is not recommended to edit this file directly.
$data merge entity $(text_display_ammo_left) { transformation: [-1f,1.368136703841374e-15f,8.665293146946319e-16f,0.18831249999999994f,1.5801474953939527e-15f,0.7071067811865475f,0.7071067811865477f,0.8837167224389781f,3.546899863589409e-16f,0.7071067811865477f,-0.7071067811865475f,0.3321193487677502f,0f,0f,0f,1f], start_interpolation: 0, interpolation_duration: 1 }
$data merge entity $(text_display_ammo_right) { transformation: [-1f,1.368136703841374e-15f,8.665293146946319e-16f,-0.12418750000000005f,1.5801474953939527e-15f,0.7071067811865475f,0.7071067811865477f,0.8837167224389781f,3.546899863589409e-16f,0.7071067811865477f,-0.7071067811865475f,0.3321193487677502f,0f,0f,0f,1f], start_interpolation: 0, interpolation_duration: 1 }
$data merge entity $(text_display_health) { transformation: [-1f,1.368136703841374e-15f,8.665293146946319e-16f,0.032062499999999945f,1.5801474953939527e-15f,0.7071067811865475f,0.7071067811865477f,0.89255555720381f,3.546899863589409e-16f,0.7071067811865477f,-0.7071067811865475f,0.340958183532582f,0f,0f,0f,1f], start_interpolation: 0, interpolation_duration: 1 }
$data merge entity $(bone_barrel1) { transformation: [0.17300005708627902f,-1.3206278311797142f,-0.06157020009295181f,1.4870660458208924f,-1.1573620504920252f,-0.1812979665638716f,0.6367274999389284f,-0.7157406979627168f,-0.6390319570309585f,-0.029171160606791525f,-1.1698568198971246f,1.0248787369826302f,0f,0f,0f,1f], start_interpolation: 0, interpolation_duration: 1 }
$data merge entity $(bone_barrel2) { transformation: [0.17300005708627902f,-1.3206278311797142f,-0.06157020009295181f,1.1156394683015978f,-1.1573620504920252f,-0.1812979665638716f,0.6367274999389284f,-0.7667307510588057f,-0.6390319570309585f,-0.029171160606791525f,-1.1698568198971246f,1.01667434806197f,0f,0f,0f,1f], start_interpolation: 0, interpolation_duration: 1 }
$data merge entity $(bone_blaster_left) { transformation: [0.12975004281470928f,-0.9904708733847857f,-0.04617765006971386f,1.282644141455655f,-0.8680215378690189f,-0.1359734749229037f,0.47754562495419633f,-0.578561178841078f,-0.4792739677732189f,-0.021878370455093644f,-0.8773926149228435f,0.860471668595733f,0f,0f,0f,1f], start_interpolation: 0, interpolation_duration: 1 }
$data merge entity $(bone_sword_left) { transformation: [-2.6386622794559496f,-0.12301949170547177f,0.34566038531045495f,1.0707973871635916f,-0.36223990924590377f,1.2722046262498523f,-2.3124513312573964f,0.8279431509042119f,-0.058285036346940954f,-2.3374163334641764f,-1.2768090150562983f,1.5130915045712787f,0f,0f,0f,1f], start_interpolation: 0, interpolation_duration: 1 }
$data merge entity $(bone_rocket_left) { transformation: [-2.282337493882392f,-0.1064069474080794f,0.29898242897023836f,1.294462639691934f,-0.3133230550530872f,1.1004061948311739f,-2.0001780512795313f,0.08425041127231381f,-0.05041422876380725f,-2.02177178118389f,-1.1043888072674766f,0.2944709501009795f,0f,0f,0f,1f], start_interpolation: 0, interpolation_duration: 1 }
$data merge entity $(bone_drillhead_left1) { transformation: [0.12975004281470906f,-0.04617765006971411f,0.9904708733847857f,1.2840911895030724f,-0.8680215378690188f,0.47754562495419645f,0.13597347492290363f,-0.7380556338221306f,-0.4792739677732191f,-0.8773926149228434f,0.021878370455093343f,1.5132856595037205f,0f,0f,0f,1f], start_interpolation: 0, interpolation_duration: 1 }
$data merge entity $(bone_drillhead_left2) { transformation: [-0.964728959202632f,-0.04617765006971411f,-0.25916338458556526f,1.052183409006902f,0.20655435103283254f,0.47754562495419645f,-0.8539821287102626f,-0.4702042097985667f,0.16319722836253056f,-0.8773926149228434f,-0.4511638991914613f,1.6712767682260006f,0f,0f,0f,1f], start_interpolation: 0, interpolation_duration: 1 }
$data merge entity $(bone_drillhead_left3) { transformation: [0.8654225757349316f,-0.04617765006971411f,-0.49891020238351097f,1.4279970001414177f,0.45780057192424733f,0.47754562495419645f,0.7499125365220521f,-0.4184967418396789f,0.20362318569885132f,-0.8773926149228434f,0.43441891939084115f,1.6796407394671071f,0f,0f,0f,1f], start_interpolation: 0, interpolation_duration: 1 }
$data merge entity $(bone_drill_left) { transformation: [0.19836256826785914f,-0.07059664155551681f,1.5142372362812246f,1.2252640939729804f,-1.327036028877486f,0.7300743381354441f,0.20787698498512422f,-0.25783617599565756f,-0.7327166379990229f,-1.3413625822373738f,0.033447771259586666f,1.1887089853655088f,0f,0f,0f,1f], start_interpolation: 0, interpolation_duration: 1 }
$data merge entity $(bone_left_hand) { transformation: [-0.9904708733847857f,-0.04617765006971411f,0.12975004281470928f,1.3094420870508718f,-0.13597347492290382f,0.47754562495419645f,-0.8680215378690188f,-0.10027105508797074f,-0.02187837045509345f,-0.8773926149228434f,-0.4792739677732191f,0.7631218805482274f,0f,0f,0f,1f], start_interpolation: 0, interpolation_duration: 1 }
$data merge entity $(bone_left_arm_low) { transformation: [-0.9904708733847857f,-0.04617765006971411f,0.12975004281470928f,1.2054146962325683f,-0.13597347492290382f,0.47754562495419645f,-0.8680215378690188f,0.3416505546251374f,-0.02187837045509345f,-0.8773926149228434f,-0.4792739677732191f,-0.13061544402097244f,0f,0f,0f,1f], start_interpolation: 0, interpolation_duration: 1 }
$data merge entity $(bone_left_arm) { transformation: [-1.0961483378281809f,-0.149305321426496f,0.03063855421319193f,1.0226875f,-0.15048105151857397f,1.0954783047566383f,-0.045328969494288884f,1.451f,-0.02421266495882427f,-0.0490630546876221f,-1.1053409166652337f,-0.18117374999999988f,0f,0f,0f,1f], start_interpolation: 0, interpolation_duration: 1 }