# This file was generated by Animated Java via MC-Build. It is not recommended to edit this file directly.
$data merge entity $(bone_barrel1) { transformation: [0.1790762152623351f,-1.3170648727274565f,-0.10511711531669923f,1.5456509896598494f,-1.0563953919472775f,-0.20643670506780934f,0.786886548653033f,-0.8625006289509771f,-0.7935604972386502f,-0.022400571553706117f,-1.071231874709762f,0.7611267119898499f,0f,0f,0f,1f], start_interpolation: 0, interpolation_duration: 1 }
$data merge entity $(bone_barrel2) { transformation: [0.1790762152623351f,-1.3170648727274565f,-0.10511711531669923f,1.1752264942052522f,-1.0563953919472775f,-0.20643670506780934f,0.786886548653033f,-0.9205609522512985f,-0.7935604972386502f,-0.022400571553706117f,-1.071231874709762f,0.7548265512403701f,0f,0f,0f,1f], start_interpolation: 0, interpolation_duration: 1 }
$data merge entity $(bone_blaster_left) { transformation: [0.13430716144675134f,-0.9877986545455925f,-0.07883783648752443f,1.3342664085840754f,-0.7922965439604581f,-0.154827528800857f,0.5901649114897748f,-0.7092273133268794f,-0.5951703729289877f,-0.016800428665279588f,-0.8034239060323215f,0.6216273600653934f,0f,0f,0f,1f], start_interpolation: 0, interpolation_duration: 1 }
$data merge entity $(bone_sword_left) { transformation: [-2.631543359311095f,-0.210027806898196f,0.3578007696069488f,1.1117617995358051f,-0.4124680200560422f,1.5722278488461494f,-2.1107162874436183f,0.5912365278171466f,-0.044757153985023175f,-2.1403601178255625f,-1.5855626400508487f,1.4632517561199991f,0f,0f,0f,1f], start_interpolation: 0, interpolation_duration: 1 }
$data merge entity $(bone_rocket_left) { transformation: [-2.276179912258909f,-0.18166566527811923f,0.3094833765472591f,1.3179281343641527f,-0.3567683649896415f,1.3599143006233776f,-1.8256852948889235f,0.023873891393482977f,-0.03871315077143863f,-1.8513260243107088f,-1.3714483624760576f,0.15034042129151942f,0f,0f,0f,1f], start_interpolation: 0, interpolation_duration: 1 }
$data merge entity $(bone_drillhead_left1) { transformation: [0.1343071614467511f,-0.07883783648752468f,0.9877986545455925f,1.3561320463543358f,-0.792296543960458f,0.590164911489775f,0.15482752880085698f,-0.955119696031812f,-0.5951703729289879f,-0.8034239060323214f,0.01680042866527928f,1.2466597687095848f,0f,0f,0f,1f], start_interpolation: 0, interpolation_duration: 1 }
$data merge entity $(bone_drillhead_left2) { transformation: [-0.964004084710515f,-0.07883783648752468f,-0.2539305420767827f,1.1231897807593545f,0.16015677596537278f,0.590164911489775f,-0.791236490790613f,-0.7164658249727136f,0.2122402689732082f,-0.8034239060323214f,-0.5562949716130355f,1.4448239056501286f,0f,0f,0f,1f], start_interpolation: 0, interpolation_duration: 1 }
$data merge entity $(bone_drillhead_left3) { transformation: [0.8612098336432051f,-0.07883783648752468f,-0.5020978171374673f,1.4979888160507369f,0.44624074582219986f,0.590164911489775f,0.6727366304983794f,-0.6576141012217467f,0.24328341333574305f,-0.8034239060323214f,0.5434364801993677f,1.4512761374540422f,0f,0f,0f,1f], start_interpolation: 0, interpolation_duration: 1 }
$data merge entity $(bone_drill_left) { transformation: [0.20532951591691756f,-0.1205277114604087f,1.5101519336453473f,1.279200092952792f,-1.211267248013028f,0.902247313412172f,0.2367011646798645f,-0.43706057482063365f,-0.9098996899733567f,-1.228278819421704f,0.025684586345800897f,0.9914782769943636f,0f,0f,0f,1f], start_interpolation: 0, interpolation_duration: 1 }
$data merge entity $(bone_left_hand) { transformation: [-0.9877986545455925f,-0.07883783648752468f,0.1343071614467513f,1.348952855017493f,-0.15482752880085715f,0.590164911489775f,-0.792296543960458f,-0.2216900303538759f,-0.01680042866527941f,-0.8034239060323214f,-0.5951703729289879f,0.5892505226157418f,0f,0f,0f,1f], start_interpolation: 0, interpolation_duration: 1 }
$data merge entity $(bone_left_arm_low) { transformation: [-0.9877986545455925f,-0.07883783648752468f,0.1343071614467513f,1.2125747014160797f,-0.15482752880085715f,0.590164911489775f,-0.792296543960458f,0.3340388935870813f,-0.01680042866527941f,-0.8034239060323214f,-0.5951703729289879f,-0.23382248436219039f,0f,0f,0f,1f], start_interpolation: 0, interpolation_duration: 1 }
$data merge entity $(bone_left_arm) { transformation: [-1.093191008826789f,-0.172047652446071f,0.01024705040932342f,1.0068125f,-0.17134672296332396f,1.0919869062177723f,0.05456075249385824f,1.4392500000000001f,-0.01859293640136418f,0.0523085124120549f,-1.1053009096075332f,-0.18117374999999988f,0f,0f,0f,1f], start_interpolation: 0, interpolation_duration: 1 }