# This file was generated by Animated Java via MC-Build. It is not recommended to edit this file directly.
$data merge entity $(bone_barrel1) { transformation: [0.15977599041094512f,-1.3073273993498404f,-0.20771249739763364f,1.6592543437489806f,-0.7669664067523537f,-0.26195085474910923f,1.0587360664430827f,-1.0179244388817918f,-1.0788938509322232f,-0.007389071874833272f,-0.7833972413885846f,0.11690607320955718f,0f,0f,0f,1f], start_interpolation: 0, interpolation_duration: 1 }
$data merge entity $(bone_barrel2) { transformation: [0.15977599041094512f,-1.3073273993498404f,-0.20771249739763364f,1.291568512681838f,-0.7669664067523537f,-0.26195085474910923f,1.0587360664430827f,-1.0915981167799789f,-1.0788938509322232f,-0.007389071874833272f,-0.7833972413885846f,0.11482789674476032f,0f,0f,0f,1f], start_interpolation: 0, interpolation_duration: 1 }
$data merge entity $(bone_blaster_left) { transformation: [0.11983199280820885f,-0.9804955495123804f,-0.15578437304822523f,1.4333388897472505f,-0.5752248050642653f,-0.19646314106183194f,0.7940520498323121f,-0.8422635206127247f,-0.8091703881991674f,-0.005541803906124954f,-0.5875479310414384f,0.041132271520658986f,0f,0f,0f,1f], start_interpolation: 0, interpolation_duration: 1 }
$data merge entity $(bone_sword_left) { transformation: [-2.612087534519208f,-0.4150170993785034f,0.3192382207207207f,1.2250880322720827f,-0.5233873035072054f,2.1153930399356886f,-1.5324266832234472f,0.14133317663060319f,-0.014763633459771995f,-1.5652560864443918f,-2.1556690240646788f,1.2403883929300732f,0f,0f,0f,1f], start_interpolation: 0, interpolation_duration: 1 }
$data merge entity $(bone_rocket_left) { transformation: [-2.259351400803443f,-0.3589732168033162f,0.2761283117979885f,1.3582012099957788f,-0.45270911549271653f,1.8297304990233687f,-1.3254878818625628f,-0.0054342414796611505f,-0.012769953340948863f,-1.3538840045707687f,-1.8645676168297292f,-0.1910029926960985f,0f,0f,0f,1f], start_interpolation: 0, interpolation_duration: 1 }
$data merge entity $(bone_drillhead_left1) { transformation: [0.1198319928082086f,-0.15578437304822548f,0.9804955495123804f,1.507709184131217f,-0.5752248050642651f,0.7940520498323123f,0.19646314106183196f,-1.2585522039498835f,-0.8091703881991675f,-0.5875479310414382f,0.005541803906124645f,0.5634152152222751f,0f,0f,0f,1f], start_interpolation: 0, interpolation_duration: 1 }
$data merge entity $(bone_drillhead_left2) { transformation: [-0.9517174882278894f,-0.15578437304822548f,-0.26450907681054897f,1.2810503199411267f,0.03862072786362836f,0.7940520498323123f,-0.6066216131464379f,-1.1012395778279027f,0.30453614232218995f,-0.5875479310414382f,-0.7496967165117135f,0.8361152177673253f,0f,0f,0f,1f], start_interpolation: 0, interpolation_duration: 1 }
$data merge entity $(bone_drillhead_left3) { transformation: [0.8600020515979012f,-0.15578437304822548f,-0.4859297278016363f,1.6530801011862237f,0.401637277703437f,0.7940520498323123f,0.4562552348369006f,-1.026617596464111f,0.31477606072630926f,-0.5875479310414382f,0.7454552034311334f,0.8383232266282056f,0f,0f,0f,1f], start_interpolation: 0, interpolation_duration: 1 }
$data merge entity $(bone_drill_left) { transformation: [0.18319979969515035f,-0.2381639933481478f,1.498986907112087f,1.3949024546315791f,-0.8794067977832759f,1.2139510748989089f,0.30035391423067614f,-0.6934954843953234f,-1.2370640724851567f,-0.8982464595274439f,0.008472339829787848f,0.47735176360594855f,0f,0f,0f,1f], start_interpolation: 0, interpolation_duration: 1 }
$data merge entity $(bone_left_hand) { transformation: [-0.9804955495123804f,-0.15578437304822548f,0.11983199280820882f,1.4286038969693784f,-0.1964631410618321f,0.7940520498323123f,-0.5752248050642651f,-0.3665087160793007f,-0.005541803906124824f,-0.5875479310414382f,-0.8091703881991675f,0.1533441220870686f,0f,0f,0f,1f], start_interpolation: 0, interpolation_duration: 1 }
$data merge entity $(bone_left_arm_low) { transformation: [-0.9804955495123804f,-0.15578437304822548f,0.11983199280820882f,1.2152833018518856f,-0.1964631410618321f,0.7940520498323123f,-0.5752248050642651f,0.39728861227838874f,-0.005541803906124824f,-0.5875479310414382f,-0.8091703881991675f,-0.4598367463297264f,0f,0f,0f,1f], start_interpolation: 0, interpolation_duration: 1 }
$data merge entity $(bone_left_arm) { transformation: [-1.0851087050879793f,-0.21213390797590068f,-0.048065390492420965f,0.969f,-0.21742461217814008f,1.0509668139457595f,0.2701245500466639f,1.4595000000000002f,-0.006133082055718891f,0.27429899672729274f,-1.07214477764569f,-0.18117374999999988f,0f,0f,0f,1f], start_interpolation: 0, interpolation_duration: 1 }