# This file was generated by Animated Java via MC-Build. It is not recommended to edit this file directly.
$data merge entity $(bone_barrel1) { transformation: [0.17903875362867072f,-1.3155498403781363f,-0.12268463619349182f,1.5670207428325234f,-1.0120096539113677f,-0.2161369006194937f,0.8407729053427981f,-0.9074748390232569f,-0.8494465038288539f,-0.019779672632184928f,-1.0275345149732336f,0.6539788998919871f,0f,0f,0f,1f], start_interpolation: 0, interpolation_duration: 1 }
$data merge entity $(bone_barrel2) { transformation: [0.17903875362867072f,-1.3155498403781363f,-0.12268463619349182f,1.1970223502261725f,-1.0120096539113677f,-0.2161369006194937f,0.8407729053427981f,-0.9682633423224896f,-0.8494465038288539f,-0.019779672632184928f,-1.0275345149732336f,0.6484158669641852f,0f,0f,0f,1f], start_interpolation: 0, interpolation_duration: 1 }
$data merge entity $(bone_blaster_left) { transformation: [0.13427906522150304f,-0.9866623802836023f,-0.09201347714511887f,1.3529629130839105f,-0.7590072404335259f,-0.1621026754646203f,0.6305796790070987f,-0.7489299599235015f,-0.6370848778716405f,-0.014834754474138696f,-0.7706508862299252f,0.5248317496296372f,0f,0f,0f,1f], start_interpolation: 0, interpolation_duration: 1 }
$data merge entity $(bone_sword_left) { transformation: [-2.6285162697572306f,-0.24512835043265938f,0.3577259199049031f,1.1290729031738698f,-0.4318493624003963f,1.6798947428927302f,-2.022031973864867f,0.5039321846558081f,-0.039520502932237946f,-2.0530512090426885f,-1.6972249070858147f,1.4354666036450612f,0f,0f,0f,1f], start_interpolation: 0, interpolation_duration: 1 }
$data merge entity $(bone_rocket_left) { transformation: [-2.2735616006849284f,-0.21202623365706108f,0.3094186345441938f,1.3258252151857688f,-0.373532452102529f,1.4530418641791958f,-1.7489769053477882f,0.007591220631536999f,-0.03418365674213273f,-1.7758073049897212f,-1.4680317641072649f,0.092680221863992f,0f,0f,0f,1f], start_interpolation: 0, interpolation_duration: 1 }
$data merge entity $(bone_drillhead_left1) { transformation: [0.1342790652215028f,-0.09201347714511912f,0.9866623802836023f,1.3833913128103745f,-0.7590072404335257f,0.6305796790070989f,0.16210267546462026f,-1.0268957202054554f,-0.6370848778716407f,-0.7706508862299251f,0.014834754474138382f,1.1359093473567432f,0f,0f,0f,1f], start_interpolation: 0, interpolation_duration: 1 }
$data merge entity $(bone_drillhead_left2) { transformation: [-0.9629435522166284f,-0.09201347714511912f,-0.2535216662695439f,1.1506742407926196f,0.1406961519319744f,0.6305796790070989f,-0.7632652627067729f,-0.80088498872668f,0.23009630174332685f,-0.7706508862299251f,-0.5942666938985184f,1.3486267845576414f,0f,0f,0f,1f], start_interpolation: 0, interpolation_duration: 1 }
$data merge entity $(bone_drillhead_left3) { transformation: [0.8601708050691476f,-0.09201347714511912f,-0.5016370262753331f,1.5250421247288275f,0.44022283998613887f,0.6305796790070989f,0.6391972462220425f,-0.7392770654654064f,0.2575073538003002f,-0.7706508862299251f,0.582912664377605f,1.354338597546647f,0f,0f,0f,1f], start_interpolation: 0, interpolation_duration: 1 }
$data merge entity $(bone_drill_left) { transformation: [0.2052865622555701f,-0.14067070226579265f,1.5084147913987977f,1.2996575028362867f,-1.1603743804639932f,0.9640336289059808f,0.2478234483064702f,-0.4969016856732853f,-0.9739788121665861f,-1.1781752492272766f,0.022679452994982828f,0.9089372242538889f,0f,0f,0f,1f], start_interpolation: 0, interpolation_duration: 1 }
$data merge entity $(bone_left_hand) { transformation: [-0.9866623802836023f,-0.09201347714511912f,0.134279065221503f,1.3634395121819844f,-0.16210267546462043f,0.6305796790070989f,-0.7590072404335257f,-0.26026066634491707f,-0.014834754474138524f,-0.7706508862299251f,-0.6370848778716407f,0.5178234698459321f,0f,0f,0f,1f], start_interpolation: 0, interpolation_duration: 1 }
$data merge entity $(bone_left_arm_low) { transformation: [-0.9866623802836023f,-0.09201347714511912f,0.134279065221503f,1.2139558570573121f,-0.16210267546462043f,0.6305796790070989f,-0.7590072404335257f,0.33646861918209536f,-0.014834754474138524f,-0.7706508862299251f,-0.6370848778716407f,-0.27366349097211534f,0f,0f,0f,1f], start_interpolation: 0, interpolation_duration: 1 }
$data merge entity $(bone_left_arm) { transformation: [-1.0919335007293112f,-0.18014291291706974f,0.0013188801357161724f,1f,-0.17939808533775523f,1.088098841453267f,0.0928935774918459f,1.4375f,-0.01641753624046134f,0.09144080428254721f,-1.1027878410419576f,-0.18117374999999988f,0f,0f,0f,1f], start_interpolation: 0, interpolation_duration: 1 }