# This file was generated by Animated Java via MC-Build. It is not recommended to edit this file directly.
$data merge entity $(text_display_ammo_left) { transformation: [-1f,1.368136703841374e-15f,8.665293146946319e-16f,0.12656249999999997f,1.5801474953939527e-15f,0.7071067811865475f,0.7071067811865477f,0.9014667224389782f,3.546899863589409e-16f,0.7071067811865477f,-0.7071067811865475f,0.3321193487677502f,0f,0f,0f,1f], start_interpolation: 0, interpolation_duration: 1 }
$data merge entity $(text_display_ammo_right) { transformation: [-1f,1.368136703841374e-15f,8.665293146946319e-16f,-0.18593750000000003f,1.5801474953939527e-15f,0.7071067811865475f,0.7071067811865477f,0.9014667224389782f,3.546899863589409e-16f,0.7071067811865477f,-0.7071067811865475f,0.3321193487677502f,0f,0f,0f,1f], start_interpolation: 0, interpolation_duration: 1 }
$data merge entity $(text_display_health) { transformation: [-1f,1.368136703841374e-15f,8.665293146946319e-16f,-0.029687500000000047f,1.5801474953939527e-15f,0.7071067811865475f,0.7071067811865477f,0.91030555720381f,3.546899863589409e-16f,0.7071067811865477f,-0.7071067811865475f,0.340958183532582f,0f,0f,0f,1f], start_interpolation: 0, interpolation_duration: 1 }
$data merge entity $(bone_barrel1) { transformation: [0.15140847869611176f,-1.3053489569808054f,-0.2256487333574685f,1.6743618354413385f,-0.7080217800780151f,-0.2716978070474231f,1.0966600377320939f,-1.021073425560992f,-1.1196242268242793f,-0.004709557571799487f,-0.7240146328309878f,-0.002950531714006166f,0f,0f,0f,1f], start_interpolation: 0, interpolation_duration: 1 }
$data merge entity $(bone_barrel2) { transformation: [0.15140847869611176f,-1.3053489569808054f,-0.2256487333574685f,1.3072324412904872f,-0.7080217800780151f,-0.2716978070474231f,1.0966600377320939f,-1.0974884337930797f,-1.1196242268242793f,-0.004709557571799487f,-0.7240146328309878f,-0.0042750947810747675f,0f,0f,0f,1f], start_interpolation: 0, interpolation_duration: 1 }
$data merge entity $(bone_blaster_left) { transformation: [0.11355635902208383f,-0.9790117177356041f,-0.16923655001810137f,1.4461950060584494f,-0.5310163350585113f,-0.20377335528556734f,0.8224950282990705f,-0.8435011449264547f,-0.8397181701182096f,-0.0035321681788496153f,-0.5430109746232409f,-0.06654457786564519f,0f,0f,0f,1f], start_interpolation: 0, interpolation_duration: 1 }
$data merge entity $(bone_sword_left) { transformation: [-2.6081345349473404f,-0.450854349014807f,0.302519628992184f,1.246283466195405f,-0.5428620675262574f,2.1911665093150923f,-1.4146531823854016f,0.07414416797454515f,-0.009409866749917032f,-1.4466074819267534f,-2.237049791573133f,1.185257556317505f,0f,0f,0f,1f], start_interpolation: 0, interpolation_duration: 1 }
$data merge entity $(bone_rocket_left) { transformation: [-2.255932214041113f,-0.38997100653919065f,0.26166739762794217f,1.3618921853352404f,-0.46955400862332153f,1.8952715239406688f,-1.2236185070504582f,0.0037197920447676336f,-0.008139158945418739f,-1.251257700024033f,-1.934958730695111f,-0.25342799767996693f,0f,0f,0f,1f], start_interpolation: 0, interpolation_duration: 1 }
$data merge entity $(bone_drillhead_left1) { transformation: [0.11355635902208357f,-0.16923655001810162f,0.9790117177356041f,1.5303982099968714f,-0.5310163350585111f,0.8224950282990706f,0.20377335528556742f,-1.285996245176559f,-0.8397181701182097f,-0.5430109746232407f,0.0035321681788493082f,0.4321683541344417f,0f,0f,0f,1f], start_interpolation: 0, interpolation_duration: 1 }
$data merge entity $(bone_drillhead_left2) { transformation: [-0.9479450253420952f,-0.16923655001810162f,-0.2697391685816971f,1.306144129115041f,0.014949121522635223f,0.8224950282990706f,-0.5685758104149459f,-1.1450274988659395f,0.31808293367434237f,-0.5430109746232407f,-0.7771501326924176f,0.715584504367388f,0f,0f,0f,1f], start_interpolation: 0, interpolation_duration: 1 }
$data merge entity $(bone_drillhead_left3) { transformation: [0.8610327508671886f,-0.16923655001810162f,-0.4795639603557099f,1.6776116917892017f,0.391473185961608f,0.8224950282990706f,0.4126144363644822f,-1.0676374312293555f,0.3246095294459954f,-0.5430109746232407f,0.774446728207672f,0.7170339356993369f,0f,0f,0f,1f], start_interpolation: 0, interpolation_duration: 1 }
$data merge entity $(bone_drill_left) { transformation: [0.17360557676990607f,-0.25872975436565304f,1.4967184170543293f,1.4123267687085186f,-0.8118206493759333f,1.2574348544450225f,0.31152980933291663f,-0.7181282275270798f,-1.2837656869501406f,-0.8301581193134562f,0.005399997844402458f,0.37733750951918f,0f,0f,0f,1f], start_interpolation: 0, interpolation_duration: 1 }
$data merge entity $(bone_left_hand) { transformation: [-0.9790117177356041f,-0.16923655001810162f,0.11355635902208379f,1.4394131879054108f,-0.20377335528556753f,0.8224950282990706f,-0.5310163350585111f,-0.37433920116361075f,-0.0035321681788494947f,-0.5430109746232407f,-0.8397181701182097f,0.0705598752640415f,0f,0f,0f,1f], start_interpolation: 0, interpolation_duration: 1 }
$data merge entity $(bone_left_arm_low) { transformation: [-0.9790117177356041f,-0.16923655001810162f,0.11355635902208379f,1.2125370417482741f,-0.20377335528556753f,0.8224950282990706f,-0.5310163350585111f,0.41882573195953343f,-0.0035321681788494947f,-0.5430109746232407f,-0.8397181701182097f,-0.4989130526865714f,0f,0f,0f,1f], start_interpolation: 0, interpolation_duration: 1 }
$data merge entity $(bone_left_arm) { transformation: [-1.0834665571163065f,-0.21740925802572175f,-0.06004508863571378f,0.9609375f,-0.22551478361663177f,1.0391043554401547f,0.3068830386477433f,1.46875f,-0.00390902991921836f,0.31267767999016766f,-1.0615975539040607f,-0.18117374999999988f,0f,0f,0f,1f], start_interpolation: 0, interpolation_duration: 1 }