# This file was generated by Animated Java via MC-Build. It is not recommended to edit this file directly.
$data merge entity $(bone_barrel1) { transformation: [0.14297151000642078f,-1.3035753509166834f,-0.24089049293549655f,1.6857840751705664f,-0.6555276196591622f,-0.28011314988191727f,1.1267643679603114f,-1.0179056805507556f,-1.152224138337786f,-0.0023886237571408265f,-0.6709333851330324f,-0.23247787154836724f,0f,0f,0f,1f], start_interpolation: 0, interpolation_duration: 1 }
$data merge entity $(bone_barrel2) { transformation: [0.14297151000642078f,-1.3035753509166834f,-0.24089049293549655f,1.319153507725249f,-0.6555276196591622f,-0.28011314988191727f,1.1267643679603114f,-1.0966875039550448f,-1.152224138337786f,-0.0023886237571408265f,-0.6709333851330324f,-0.23314967198006312f,0f,0f,0f,1f], start_interpolation: 0, interpolation_duration: 1 }
$data merge entity $(bone_blaster_left) { transformation: [0.1072286325048156f,-0.9776815131875127f,-0.18066786970162246f,1.4557835271951385f,-0.49164571474437174f,-0.21008486241143798f,0.8450732759702337f,-0.8391972229444989f,-0.8641681037533396f,-0.0017914678178556204f,-0.5032000388497744f,-0.285385854852627f,0f,0f,0f,1f], start_interpolation: 0, interpolation_duration: 1 }
$data merge entity $(bone_sword_left) { transformation: [-2.6045908057380047f,-0.48130793716549186f,0.2856622597100664f,1.2645119361570483f,-0.5596762275657545f,2.2513160523930416f,-1.3097679469552186f,0.019415227863057993f,-0.004772556854378272f,-1.3405492248310096f,-2.302185596523912f,1.0089270767775393f,0f,0f,0f,1f], start_interpolation: 0, interpolation_duration: 1 }
$data merge entity $(bone_rocket_left) { transformation: [-2.252867029797717f,-0.41631214409237977f,0.24708644641628083f,1.3639871787862103f,-0.4840975855657243f,1.947298476565695f,-1.1328969671092628f,0.01502406980366311f,-0.004128071081790283f,-1.1595215431880233f,-1.9912986007083453f,-0.4326784468599193f,0f,0f,0f,1f], start_interpolation: 0, interpolation_duration: 1 }
$data merge entity $(bone_drillhead_left1) { transformation: [0.10722863250481533f,-0.1806678697016227f,0.9776815131875127f,1.5485162499345684f,-0.49164571474437163f,0.8450732759702339f,0.21008486241143806f,-1.3032435578755661f,-0.8641681037533397f,-0.5032000388497742f,0.0017914678178553168f,0.19176016369237198f,0f,0f,0f,1f], start_interpolation: 0, interpolation_duration: 1 }
$data merge entity $(bone_drillhead_left2) { transformation: [-0.9442945604833644f,-0.1806678697016227f,-0.27507617835611886f,1.326655414333979f,-0.005948434846413414f,0.8450732759702339f,-0.5346174093347643f,-1.1767924141706607f,0.32904771563469f,-0.5032000388497742f,-0.7990727887603092f,0.4837784376475062f,0f,0f,0f,1f], start_interpolation: 0, interpolation_duration: 1 }
$data merge entity $(bone_drillhead_left3) { transformation: [0.8622253182138493f,-0.1806678697016227f,-0.4732088560968656f,1.6976190584850805f,0.38223777409834137f,0.8450732759702339f,0.3738254168636508f,-1.0970125870039578f,0.3323579165348283f,-0.5032000388497742f,0.7977016586532922f,0.484570545246475f,0f,0f,0f,1f], start_interpolation: 0, interpolation_duration: 1 }
$data merge entity $(bone_drill_left) { transformation: [0.1639317141951211f,-0.27620601781746834f,1.4946847931359326f,1.4262385226981258f,-0.7516306317821503f,1.2919526017835383f,0.32117887561427794f,-0.7342942491702595f,-1.3211448779286679f,-0.7692949450604118f,0.002738805703721222f,0.1640795967920171f,0f,0f,0f,1f], start_interpolation: 0, interpolation_duration: 1 }
$data merge entity $(bone_left_hand) { transformation: [-0.9776815131875127f,-0.1806678697016227f,0.10722863250481555f,1.4476193241054707f,-0.21008486241143817f,0.8450732759702339f,-0.4916457147443716f,-0.3767847110099306f,-0.0017914678178555087f,-0.5032000388497742f,-0.8641681037533397f,-0.1270679209504485f,0f,0f,0f,1f], start_interpolation: 0, interpolation_duration: 1 }
$data merge entity $(bone_left_arm_low) { transformation: [-0.9776815131875127f,-0.1806678697016227f,0.10722863250481555f,1.209197254595404f,-0.21008486241143817f,0.8450732759702339f,-0.4916457147443716f,0.4397943324738267f,-0.0017914678178555087f,-0.5032000388497742f,-0.8641681037533397f,-0.6573851797811305f,0f,0f,0f,1f], start_interpolation: 0, interpolation_duration: 1 }
$data merge entity $(bone_left_arm) { transformation: [-1.0819944275024602f,-0.22148118598574518f,-0.07075395142321825f,0.9535f,-0.23249969173570792f,1.0277704634828708f,0.338236228498713f,1.4780000000000002f,-0.0019826069837917543f,0.34555164184327153f,-1.051362026431902f,-0.3061737499999999f,0f,0f,0f,1f], start_interpolation: 0, interpolation_duration: 1 }