# This file was generated by Animated Java via MC-Build. It is not recommended to edit this file directly.
$data merge entity $(bone_barrel_left) { transformation: [-2.2414858349168867f,-0.43454637453492667f,0.23357909516091727f,1.6122527661138788f,-0.49334441092079045f,1.9765750348596445f,-1.0570765900508372f,-1.5415463602393296f,-0.0010185925878055157f,-1.0825752045002872f,-2.02377824440352f,-0.09432987001128573f,0f,0f,0f,1f], start_interpolation: 0, interpolation_duration: 1 }
$data merge entity $(bone_blaster_left) { transformation: [-0.9766244778904749f,-0.1893336194850893f,0.10177136000777759f,1.6053850297640002f,-0.2149521626370511f,0.8612017668640432f,-0.46057256163161175f,-0.341759158242887f,-0.00044380492562227393f,-0.47168241146233714f,-0.8817683968901712f,-0.18368071790138202f,0f,0f,0f,1f], start_interpolation: 0, interpolation_duration: 1 }
$data merge entity $(bone_sword_left) { transformation: [-2.601774812616657f,-0.5043939134332197f,0.2711238220097866f,1.2780721899809366f,-0.5726429506196317f,2.2942831316778762f,-1.2269875651937594f,-0.0200547765648873f,-0.001182317772429143f,-1.256584742118887f,-2.349073628121266f,0.9670020686082574f,0f,0f,0f,1f], start_interpolation: 0, interpolation_duration: 1 }
$data merge entity $(bone_rocket_left) { transformation: [-2.2504313082074976f,-0.436280591600402f,0.2345112784138552f,1.364481355351555f,-0.4953132831671448f,1.9844632842100498f,-1.0612952428101488f,0.02646966467511963f,-0.0010226576560054968f,-1.0868956188549443f,-2.0318548755155357f,-0.4747017929578148f,0f,0f,0f,1f], start_interpolation: 0, interpolation_duration: 1 }
$data merge entity $(bone_drillhead_left1) { transformation: [0.10177136000777737f,-0.1893336194850893f,0.9766244778904749f,1.5610769500350283f,-0.4605725616316118f,0.8612017668640432f,0.214952162637051f,-1.311849318422428f,-0.8817683968901712f,-0.47168241146233714f,0.0004438049256220781f,0.10154170268111376f,0f,0f,0f,1f], start_interpolation: 0, interpolation_duration: 1 }
$data merge entity $(bone_drillhead_left2) { transformation: [-0.9412295794367711f,-0.1893336194850893f,-0.2797135308238675f,1.3412630216260284f,-0.022336414791041703f,0.8612017668640432f,-0.507772194319985f,-1.196834505380151f,0.33702813438578355f,-0.47168241146233714f,-0.8148176110943558f,0.3997701790204121f,0f,0f,0f,1f], start_interpolation: 0, interpolation_duration: 1 }
$data merge entity $(bone_drillhead_left3) { transformation: [0.863337152708292f,-0.1893336194850893f,-0.46776248383791397f,1.7118262871429761f,0.37484339226777585f,0.8612017668640432f,0.34325493153549363f,-1.11521183890512f,0.3378481789602034f,-0.47168241146233714f,0.8144779375098806f,0.40005320902676667f,0f,0f,0f,1f], start_interpolation: 0, interpolation_duration: 1 }
$data merge entity $(bone_drill_left) { transformation: [0.15558860644142342f,-0.2894542630259101f,1.4930687918482133f,1.4357881555263168f,-0.7041258269904503f,1.316609926024653f,0.32862003056373784f,-0.7429207155307489f,-1.348052301411177f,-0.7211106255900165f,0.0006784913742343802f,0.09488324786360386f,0f,0f,0f,1f], start_interpolation: 0, interpolation_duration: 1 }
$data merge entity $(bone_left_hand) { transformation: [-0.9766244778904749f,-0.1893336194850893f,0.10177136000777759f,1.4527874550936135f,-0.2149521626370511f,0.8612017668640432f,-0.46057256163161175f,-0.37534543365492623f,-0.00044380492562227393f,-0.47168241146233714f,-0.8817683968901712f,-0.1837500624210105f,0f,0f,0f,1f], start_interpolation: 0, interpolation_duration: 1 }
$data merge entity $(bone_left_arm_low) { transformation: [-0.9766244778904749f,-0.1893336194850893f,0.10177136000777759f,1.2055951607406126f,-0.2149521626370511f,0.8612017668640432f,-0.46057256163161175f,0.4580289304933134f,-0.00044380492562227393f,-0.47168241146233714f,-0.8817683968901712f,-0.6830154740940169f,0f,0f,0f,1f], start_interpolation: 0, interpolation_duration: 1 }
$data merge entity $(bone_left_arm) { transformation: [-1.0808246127052676f,-0.2243029496776967f,-0.07923586227473534f,0.9470625f,-0.2378863045028091f,1.0183438935326143f,0.36215714706306773f,1.4865000000000002f,-0.0004911563223241044f,0.37072345461913836f,-1.0427539774533332f,-0.3061737499999999f,0f,0f,0f,1f], start_interpolation: 0, interpolation_duration: 1 }