# This file was generated by Animated Java via MC-Build. It is not recommended to edit this file directly.
$data merge entity $(text_display_ammo_left) { transformation: [-1f,1.368136703841374e-15f,8.665293146946319e-16f,0.10762499999999997f,1.5801474953939527e-15f,0.7071067811865475f,0.7071067811865477f,0.9262167224389781f,3.546899863589409e-16f,0.7071067811865477f,-0.7071067811865475f,0.3321193487677502f,0f,0f,0f,1f], start_interpolation: 0, interpolation_duration: 1 }
$data merge entity $(text_display_ammo_right) { transformation: [-1f,1.368136703841374e-15f,8.665293146946319e-16f,-0.20487500000000003f,1.5801474953939527e-15f,0.7071067811865475f,0.7071067811865477f,0.9262167224389781f,3.546899863589409e-16f,0.7071067811865477f,-0.7071067811865475f,0.3321193487677502f,0f,0f,0f,1f], start_interpolation: 0, interpolation_duration: 1 }
$data merge entity $(text_display_health) { transformation: [-1f,1.368136703841374e-15f,8.665293146946319e-16f,-0.04862500000000004f,1.5801474953939527e-15f,0.7071067811865475f,0.7071067811865477f,0.93505555720381f,3.546899863589409e-16f,0.7071067811865477f,-0.7071067811865475f,0.340958183532582f,0f,0f,0f,1f], start_interpolation: 0, interpolation_duration: 1 }
$data merge entity $(bone_barrel1) { transformation: [0.13090302263295717f,-1.3012854896440507f,-0.2594190642284723f,1.696093634042528f,-0.5883359054227147f,-0.29057457965993405f,1.1606916273600256f,-1.0039421600485543f,-1.189328818634177f,0.0005156307529337258f,-0.6027225506557199f,-0.23858318193529354f,0f,0f,0f,1f], start_interpolation: 0, interpolation_duration: 1 }
$data merge entity $(bone_barrel2) { transformation: [0.13090302263295717f,-1.3012854896440507f,-0.2594190642284723f,1.3301070900801388f,-0.5883359054227147f,-0.29057457965993405f,1.1606916273600256f,-1.0856662605779108f,-1.189328818634177f,0.0005156307529337258f,-0.6027225506557199f,-0.23843816078603094f,0f,0f,0f,1f], start_interpolation: 0, interpolation_duration: 1 }
$data merge entity $(bone_blaster_left) { transformation: [0.09817726697471789f,-0.9759641172330381f,-0.1945642981713542f,1.4639735312925652f,-0.4412519290670361f,-0.21793093474495054f,0.8705187205200192f,-0.8244930198368621f,-0.8919966139756329f,0.0003867230647002944f,-0.45204191299179f,-0.278010121493915f,0f,0f,0f,1f], start_interpolation: 0, interpolation_duration: 1 }
$data merge entity $(bone_sword_left) { transformation: [-2.6000155799078133f,-0.5183286942695666f,0.2615489844552188f,1.2853272314939692f,-0.5805785434890615f,2.3191039465368237f,-1.1755164662111555f,-0.041816722952674024f,0.0010302489359766457f,-1.2042615049025893f,-2.3763220928007622f,1.0653250716239464f,0f,0f,0f,1f], start_interpolation: 0, interpolation_duration: 1 }
$data merge entity $(bone_rocket_left) { transformation: [-2.248909642171219f,-0.4483336205232188f,0.22622942631070203f,1.363469906792392f,-0.5021772540826724f,2.0059322978168117f,-1.016774797744496f,0.03586086503951258f,0.0008911241855084065f,-1.0416381082482133f,-2.055423709266237f,-0.3755083700230007f,0f,0f,0f,1f], start_interpolation: 0, interpolation_duration: 1 }
$data merge entity $(bone_drillhead_left1) { transformation: [0.09817726697471763f,-0.19456429817135446f,0.9759641172330381f,1.5673125361770783f,-0.441251929067036f,0.8705187205200193f,0.21793093474495062f,-1.3138813077668239f,-0.891996613975633f,-0.45204191299178975f,-0.00038672306470059287f,0.1707958895503089f,0f,0f,0f,1f], start_interpolation: 0, interpolation_duration: 1 }
$data merge entity $(bone_drillhead_left2) { transformation: [-0.9392440858831587f,-0.19456429817135446f,-0.282781330732066f,1.3488398821937375f,-0.03248212735882225f,0.8705187205200193f,-0.4910621840728868f,-1.2059683265369086f,0.34170961141846024f,-0.45204191299178975f,-0.8239494222116842f,0.4726423445318999f,0f,0f,0f,1f], start_interpolation: 0, interpolation_duration: 1 }
$data merge entity $(bone_drillhead_left3) { transformation: [0.8641024588709413f,-0.19456429817135446f,-0.46418926576374187f,1.7191530435676674f,0.37020173286500324f,0.8705187205200193f,0.32426506781942654f,-1.1232178878381638f,0.3409950403700064f,-0.45204191299178975f,0.824245407231233f,0.47261156347502753f,0f,0f,0f,1f], start_interpolation: 0, interpolation_duration: 1 }
$data merge entity $(bone_drill_left) { transformation: [0.15009393754447775f,-0.2974509529343151f,1.4920592288981704f,1.4402869426062361f,-0.6745883392723004f,1.3308537352407417f,0.33317399349731036f,-0.7453332461052924f,-1.3636892550942734f,-0.6910841251422102f,-0.0005912243160642002f,0.17703867716256166f,0f,0f,0f,1f], start_interpolation: 0, interpolation_duration: 1 }
$data merge entity $(bone_left_hand) { transformation: [-0.9759641172330381f,-0.19456429817135446f,0.09817726697471785f,1.4546159766921494f,-0.21793093474495073f,0.8705187205200193f,-0.4412519290670359f,-0.37182024965380733f,0.0003867230647003948f,-0.45204191299178975f,-0.891996613975633f,-0.09373762515362877f,0f,0f,0f,1f], start_interpolation: 0, interpolation_duration: 1 }
$data merge entity $(bone_left_arm_low) { transformation: [-0.9759641172330381f,-0.19456429817135446f,0.09817726697471785f,1.20212196078669f,-0.21793093474495073f,0.8705187205200193f,-0.4412519290670359f,0.4712886646613077f,0.0003867230647003948f,-0.45204191299178975f,-0.891996613975633f,-0.5736302621406133f,0f,0f,0f,1f], start_interpolation: 0, interpolation_duration: 1 }
$data merge entity $(bone_left_arm) { transformation: [-1.0800937954177863f,-0.22588668934908396f,-0.08452558907774627f,0.942f,-0.241182894218451f,1.012277588768179f,0.3766920139160389f,1.4935f,0.00042798415981938284f,0.38605862946788305f,-1.0371743006732121f,-0.18117374999999988f,0f,0f,0f,1f], start_interpolation: 0, interpolation_duration: 1 }