# This file was generated by Animated Java via MC-Build. It is not recommended to edit this file directly.
$data merge entity $(bone_barrel1) { transformation: [0.129806960417077f,-1.3010929654454793f,-0.26093107533091064f,1.6944886002272925f,-0.5826571128019664f,-0.2914348695272098f,1.1633375191674649f,-0.9990232515874553f,-1.1922410073916825f,0.0007680297677618616f,-0.5969410089797147f,-0.2495428037809349f,0f,0f,0f,1f], start_interpolation: 0, interpolation_duration: 1 }
$data merge entity $(bone_barrel2) { transformation: [0.129806960417077f,-1.3010929654454793f,-0.26093107533091064f,1.3285562036957514f,-0.5826571128019664f,-0.2914348695272098f,1.1633375191674649f,-1.0809893086419833f,-1.1922410073916825f,0.0007680297677618616f,-0.5969410089797147f,-0.2493267954087519f,0f,0f,0f,1f], start_interpolation: 0, interpolation_duration: 1 }
$data merge entity $(bone_blaster_left) { transformation: [0.09735522031280776f,-0.9758197240841096f,-0.195698306498183f,1.4622019009349665f,-0.4369928346014748f,-0.21857615214540738f,0.8725031393755988f,-0.8195445728365902f,-0.8941807555437619f,0.0005760223258213963f,-0.4477057567347861f,-0.2878378790785283f,0f,0f,0f,1f], start_interpolation: 0, interpolation_duration: 1 }
$data merge entity $(bone_sword_left) { transformation: [-2.5996309095800654f,-0.521349747262641f,0.2593590124156349f,1.2847161225763741f,-0.5822974338293861f,2.3243905342816653f,-1.1641700326986677f,-0.04330412250360227f,0.001534551317067546f,-1.192709775053045f,-2.3821407515051f,1.0593798794714258f,0f,0f,0f,1f], start_interpolation: 0, interpolation_duration: 1 }
$data merge entity $(bone_rocket_left) { transformation: [-2.248576917699945f,-0.45094671071319226f,0.22433518795537638f,1.3610125815340897f,-0.5036640255812986f,2.01050498509047f,-1.0069605858883528f,0.04119101608319553f,0.0013273256052881459f,-1.0316463232592488f,-2.060456616671028f,-0.3811688055277924f,0f,0f,0f,1f], start_interpolation: 0, interpolation_duration: 1 }
$data merge entity $(bone_drillhead_left1) { transformation: [0.0973552203128075f,-0.19569830649818326f,0.9758197240841096f,1.5664209842343149f,-0.4369928346014747f,0.8725031393755989f,0.2185761521454075f,-1.310966738254323f,-0.894180755543762f,-0.44770575673478585f,-0.0005760223258216942f,0.15853564147948893f,0f,0f,0f,1f], start_interpolation: 0, interpolation_duration: 1 }
$data merge entity $(bone_drillhead_left2) { transformation: [-0.9387961003700848f,-0.19569830649818326f,-0.28348554595193204f,1.3482538471962777f,-0.034708115397972666f,0.8725031393755989f,-0.4873742078785512f,-1.2046171348290695f,0.34272033592339235f,-0.44770575673478585f,-0.8258948642115957f,0.46115695039431714f,0f,0f,0f,1f], start_interpolation: 0, interpolation_duration: 1 }
$data merge entity $(bone_drillhead_left3) { transformation: [0.8642836406341553f,-0.19569830649818326f,-0.46337453681219193f,1.7185123259973871f,0.3691679511264573f,0.8725031393755989f,0.3200832636062339f,-1.121622424489567f,0.34165598544919995f,-0.44770575673478585f,0.8263357326131244f,0.46105462438108846f,0f,0f,0f,1f], start_interpolation: 0, interpolation_duration: 1 }
$data merge entity $(bone_drill_left) { transformation: [0.1488371881549968f,-0.2991846310069161f,1.4918384798699589f,1.4390303763394516f,-0.6680770125832552f,1.3338875255360871f,0.33416040535405644f,-0.7425384498669676f,-1.3670283825543958f,-0.6844549859689896f,-0.0008806260518371377f,0.16760681667786992f,0f,0f,0f,1f], start_interpolation: 0, interpolation_duration: 1 }
$data merge entity $(bone_left_hand) { transformation: [-0.9758197240841096f,-0.19569830649818326f,0.09735522031280772f,1.4527770335136307f,-0.21857615214540757f,0.8725031393755989f,-0.43699283460147464f,-0.36774850144201177f,0.0005760223258214957f,-0.44770575673478585f,-0.894180755543762f,-0.10142962993891436f,0f,0f,0f,1f], start_interpolation: 0, interpolation_duration: 1 }
$data merge entity $(bone_left_arm_low) { transformation: [-0.9758197240841096f,-0.19569830649818326f,0.09735522031280772f,1.199132344894966f,-0.21857615214540757f,0.8725031393755989f,-0.43699283460147464f,0.477437602343203f,0.0005760223258214957f,-0.44770575673478585f,-0.894180755543762f,-0.5770425338890789f,0f,0f,0f,1f], start_interpolation: 0, interpolation_duration: 1 }
$data merge entity $(bone_left_arm) { transformation: [-1.0799339963621604f,-0.2262087583976411f,-0.08569795598191968f,0.9386875f,-0.2418969525517684f,1.0109212493466968f,0.3798632260426234f,1.49825f,0.0006374805478564153f,0.38940955789186715f,-1.0359207346004036f,-0.18117374999999988f,0f,0f,0f,1f], start_interpolation: 0, interpolation_duration: 1 }