# This file was generated by Animated Java via MC-Build. It is not recommended to edit this file directly.
$data merge entity $(bone_jetpack2) { transformation: [-1f,0f,1.2246467991473532e-16f,-0.12499999999999986f,0f,1f,0f,1.237515741634369f,-1.2246467991473532e-16f,0f,-1f,-1.0568466700744628f,0f,0f,0f,1f], start_interpolation: 0, interpolation_duration: 1 }
$data merge entity $(bone_drillhead_right1) { transformation: [-0.0960375682078272f,-0.017026686031370572f,0.9952320721598135f,-1.1299049666701289f,-0.9797561651264508f,0.17806178667526182f,-0.09149785255799472f,-0.0278188045748074f,-0.17565489571724988f,-0.9838719896860582f,-0.03378262159394076f,1.8954702182313445f,0f,0f,0f,1f], start_interpolation: 0, interpolation_duration: 1 }
$data merge entity $(bone_drillhead_right2) { transformation: [-0.88272255532948f,-0.017026686031370572f,-0.4695859689933064f,-1.2923322388697085f,0.45946944539851475f,0.17806178667526182f,-0.8701619555411482f,0.2597777599302451f,0.0984312910500248f,-0.9838719896860582f,-0.14935591335271142f,1.950330562717149f,0f,0f,0f,1f], start_interpolation: 0, interpolation_duration: 1 }
$data merge entity $(bone_drillhead_right3) { transformation: [0.9562265278050155f,-0.017026686031370572f,-0.29213168175456994f,-0.914682676325071f,0.29040345890438113f,0.17806178667526182f,0.9401913800830048f,0.22518661119552758f,0.03600914575959341f,-0.9838719896860582f,0.17521201252443191f,1.9375347087746024f,0f,0f,0f,1f], start_interpolation: 0, interpolation_duration: 1 }
$data merge entity $(bone_drill_right) { transformation: [-0.1468227544796207f,-0.026030489832642f,1.5215161827583137f,-1.1220539278898258f,-1.4978565322578792f,0.2722218239704848f,-0.13988241260403037f,0.2682004557536995f,-0.2685421560365501f,-1.5041488271386565f,-0.05164705488201694f,1.2613713818705095f,0f,0f,0f,1f], start_interpolation: 0, interpolation_duration: 1 }
$data merge entity $(bone_barrel_right) { transformation: [-2.2841927912965736f,-0.03907855723351472f,-0.2204192641399778f,-1.1583891452926611f,0.21000000007890315f,0.4086759871457492f,-2.2486734825109673f,-0.3877794640224924f,0.0775357053641938f,-2.2581198589414355f,-0.40315184546109f,1.947819892327303f,0f,0f,0f,1f], start_interpolation: 0, interpolation_duration: 1 }
$data merge entity $(bone_blaster_right) { transformation: [-0.9952320721598135f,-0.017026686031370572f,-0.09603756820782698f,-1.381104441395752f,0.0914978525579945f,0.17806178667526182f,-0.9797561651264508f,0.29181565142872634f,0.03378262159394072f,-0.9838719896860582f,-0.17565489571724988f,0.9803135895921421f,0f,0f,0f,1f], start_interpolation: 0, interpolation_duration: 1 }
$data merge entity $(bone_rocket_right) { transformation: [-2.2933087023975274f,-0.039234514583109566f,-0.2212989282491081f,-0.9913071031095022f,0.21083808228422918f,0.41030695891928354f,-2.2576476407517903f,0.2824407818442688f,0.07784514010190197f,-2.2671317164202978f,-0.4047607711163202f,0.4636749737442465f,0f,0f,0f,1f], start_interpolation: 0, interpolation_duration: 1 }
$data merge entity $(bone_sword_right) { transformation: [-2.651346343117231f,-0.04535991454406273f,-0.25584872352144783f,-1.0139555475053286f,0.24375470161070434f,0.4743652060225868f,-2.6101177787781795f,1.404565149497018f,0.08999853675296847f,-2.621082534336494f,-0.46795313217738005f,1.3824187048432037f,0f,0f,0f,1f], start_interpolation: 0, interpolation_duration: 1 }
$data merge entity $(bone_right_hand) { transformation: [-0.9952320721598135f,-0.017026686031370572f,-0.09603756820782698f,-1.225599430120781f,0.0914978525579945f,0.17806178667526182f,-0.9797561651264508f,0.2775191119665397f,0.03378262159394072f,-0.9838719896860582f,-0.17565489571724988f,0.9750350549680888f,0f,0f,0f,1f], start_interpolation: 0, interpolation_duration: 1 }
$data merge entity $(bone_right_arm_low) { transformation: [-0.9952320721598135f,-0.017026686031370572f,-0.09603756820782698f,-1.183425285648658f,0.0914978525579945f,0.17806178667526182f,-0.9797561651264508f,0.4192449026967253f,0.03378262159394072f,-0.9838719896860582f,-0.17565489571724988f,-0.016437564058754794f,0f,0f,0f,1f], start_interpolation: 0, interpolation_duration: 1 }
$data merge entity $(bone_right_arm) { transformation: [-1.1014175287388448f,0.0883626759615834f,-0.06199551127099776f,-1.0625f,0.10126013968845927f,1.0659819921298348f,-0.27964397919356393f,1.5f,0.03738703025272157f,-0.28398311302935764f,-1.0689844620091844f,-0.30617375000000013f,0f,0f,0f,1f], start_interpolation: 0, interpolation_duration: 1 }