# This file was generated by Animated Java via MC-Build. It is not recommended to edit this file directly.
$data merge entity $(bone_jetpack2) { transformation: [-1f,0f,1.2246467991473532e-16f,-0.11543749999999986f,0f,1f,0f,1.224015741634369f,-1.2246467991473532e-16f,0f,-1f,-1.0568466700744628f,0f,0f,0f,1f], start_interpolation: 0, interpolation_duration: 1 }
$data merge entity $(bone_drillhead_right1) { transformation: [-0.10715031122657442f,-0.0034111022256987644f,0.9942369814011417f,-1.1644158845811199f,-0.9610166361469589f,0.2567136951577197f,-0.1026893556667547f,-0.20635444757786f,-0.2548839654682735f,-0.9664814758183807f,-0.030785078318768026f,1.7945501530649373f,0f,0f,0f,1f], start_interpolation: 0, interpolation_duration: 1 }
$data merge entity $(bone_drillhead_right2) { transformation: [-0.8775505487031466f,-0.0034111022256987644f,-0.4794720000713414f,-1.323589241542563f,0.46263773878795744f,0.2567136951577197f,-0.8485660854451086f,0.07819791041753621f,0.1259815745256907f,-0.9664814758183807f,-0.22370113942479727f,1.8706938202953198f,0f,0f,0f,1f], start_interpolation: 0, interpolation_duration: 1 }
$data merge entity $(bone_drillhead_right3) { transformation: [0.9595598464614928f,-0.0034111022256987644f,-0.2814840411824484f,-0.9463158177981204f,0.2728925509733843f,0.2567136951577197f,0.927161115632935f,0.03935775165756908f,0.06909816699475718f,-0.9664814758183807f,0.2472630182981058f,1.8590456726868179f,0f,0f,0f,1f], start_interpolation: 0, interpolation_duration: 1 }
$data merge entity $(bone_drill_right) { transformation: [-0.16381197620070612f,-0.0052149115594519934f,1.5199948826163814f,-1.1453631438486507f,-1.46920743884825f,0.3924652876896373f,-0.15699204317734444f,0.13948285067728924f,-0.38966798702937616f,-1.4775621153391345f,-0.04706439448624012f,1.1864350884795487f,0f,0f,0f,1f], start_interpolation: 0, interpolation_duration: 1 }
$data merge entity $(bone_barrel_right) { transformation: [-2.281908922838927f,-0.007828942949364322f,-0.24592451884892938f,-1.1983176189885645f,0.23568601989267962f,0.5891928006638922f,-2.205663718050347f,-0.5689128340761102f,0.07065593638137746f,-2.218206267403649f,-0.5849933224883305f,1.8174761632655403f,0f,0f,0f,1f], start_interpolation: 0, interpolation_duration: 1 }
$data merge entity $(bone_blaster_right) { transformation: [-0.9942369814011417f,-0.0034111022256987644f,-0.1071503112265742f,-1.4008500289425447f,0.1026893556667545f,0.2567136951577197f,-0.9610166361469589f,0.1892859514208555f,0.03078507831876797f,-0.9664814758183807f,-0.2548839654682735f,0.9055357625348442f,0f,0f,0f,1f], start_interpolation: 0, interpolation_duration: 1 }
$data merge entity $(bone_rocket_right) { transformation: [-2.291015719323153f,-0.007860187224459128f,-0.24690597105380183f,-1.0053437008128412f,0.23662661160335557f,0.5915441911474973f,-2.214466230013855f,0.21586170850091138f,0.07093791487166141f,-2.2270588350215306f,-0.5873279534103676f,0.39385833871688725f,0f,0f,0f,1f], start_interpolation: 0, interpolation_duration: 1 }
$data merge entity $(bone_sword_right) { transformation: [-2.648695373240076f,-0.009087341199202417f,-0.285453608039303f,-1.0234317345633495f,0.27356940681509123f,0.6838976917287646f,-2.5601947678329124f,1.260798942904307f,0.08201293658664996f,-2.5747533648514978f,-0.679023203399145f,1.3996143186343268f,0f,0f,0f,1f], start_interpolation: 0, interpolation_duration: 1 }
$data merge entity $(bone_right_hand) { transformation: [-0.9942369814011417f,-0.0034111022256987644f,-0.1071503112265742f,-1.2455005005986164f,0.1026893556667545f,0.2567136951577197f,-0.9610166361469589f,0.1732407395979251f,0.03078507831876797f,-0.9664814758183807f,-0.2548839654682735f,0.9007255940475367f,0f,0f,0f,1f], start_interpolation: 0, interpolation_duration: 1 }
$data merge entity $(bone_right_arm_low) { transformation: [-0.9942369814011417f,-0.0034111022256987644f,-0.1071503112265742f,-1.1901202387125742f,0.1026893556667545f,0.2567136951577197f,-0.9610166361469589f,0.39350458014688017f,0.03078507831876797f,-0.9664814758183807f,-0.2548839654682735f,-0.07564507308665058f,0f,0f,0f,1f], start_interpolation: 0, interpolation_duration: 1 }
$data merge entity $(bone_right_arm) { transformation: [-1.1003162676009188f,0.10438618074491968f,-0.056388075479664485f,-1.0529375f,0.11364571089515582f,1.0783671856091608f,-0.22131616283168407f,1.4865000000000002f,0.03406966659575699f,-0.2258311688073522f,-1.0828718851033057f,-0.30617375000000013f,0f,0f,0f,1f], start_interpolation: 0, interpolation_duration: 1 }