# This file was generated by Animated Java via MC-Build. It is not recommended to edit this file directly.
$data merge entity $(bone_jetpack2) { transformation: [-1f,0f,1.2246467991473532e-16f,-0.004499999999999879f,0f,1f,0f,1.2310157416343688f,-1.2246467991473532e-16f,0f,-1f,-1.0568466700744628f,0f,0f,0f,1f], start_interpolation: 0, interpolation_duration: 1 }
$data merge entity $(bone_drillhead_right1) { transformation: [-0.10204680722852626f,0.18882926481066947f,0.9766933796670919f,-1.5517450806679869f,-0.46233152363918145f,0.8603370055437195f,-0.21463876430304746f,-1.274386984610925f,-0.880815537660376f,-0.4734593389543903f,-0.0004929228487041759f,0.16166525357515382f,0f,0f,0f,1f], start_interpolation: 0, interpolation_duration: 1 }
$data merge entity $(bone_drillhead_right2) { transformation: [-0.8632954005615905f,0.18882926481066947f,-0.4680433314558228f,-1.7089959071902932f,0.3752269755799234f,0.8603370055437195f,-0.3449999328829062f,-1.1061275958151633f,0.3375289145633997f,-0.4734593389543903f,-0.8135788137547126f,0.40469820546961305f,0f,0f,0f,1f], start_interpolation: 0, interpolation_duration: 1 }
$data merge entity $(bone_drillhead_right3) { transformation: [0.9413986454658128f,0.18882926481066947f,-0.27948541834270235f,-1.3383800007908493f,-0.021373746866276133f,0.8603370055437195f,0.5092773309670896f,-1.1875113669365156f,0.33661811190134977f,-0.4734593389543903f,0.8139560805699793f,0.4046256737630289f,0f,0f,0f,1f], start_interpolation: 0, interpolation_duration: 1 }
$data merge entity $(bone_drill_right) { transformation: [-0.1560097116445101f,0.2886832028677359f,1.4931741292575234f,-1.4036049818963627f,-0.7068149376353337f,1.3152878742340184f,-0.32814090549313896f,-0.6099336952167506f,-1.3465955650593453f,-0.7238272019648913f,-0.0007535831210977079f,-0.0005898323812692507f,0f,0f,0f,1f], start_interpolation: 0, interpolation_duration: 1 }
$data merge entity $(bone_barrel_right) { transformation: [-2.2416439738533804f,0.4333888120489565f,-0.2342112839474491f,-1.606059232847136f,0.49262511917431145f,1.9745902901660892f,-1.0611136467838824f,-1.5340957602739325f,0.0011313248931292502f,-1.0866534944605337f,-2.021591303041095f,-0.08878401848696948f,0f,0f,0f,1f], start_interpolation: 0, interpolation_duration: 1 }
$data merge entity $(bone_blaster_right) { transformation: [-0.9766933796670919f,0.18882926481066947f,-0.10204680722852603f,-1.5996211420124f,0.21463876430304735f,0.8603370055437195f,-0.4623315236391815f,-0.33448373089470407f,0.0004929228487039803f,-0.4734593389543903f,-0.880815537660376f,-0.1804878889110469f,0f,0f,0f,1f], start_interpolation: 0, interpolation_duration: 1 }
$data merge entity $(bone_rocket_right) { transformation: [-2.2505900782555566f,0.43511840943576197f,-0.23514599018215943f,-1.1148027495690922f,0.49459112082250895f,1.9824706186631176f,-1.0653484109022826f,-0.020407946348406147f,0.0011358398610388585f,-1.0909901847306314f,-2.0296592063595904f,-0.47246877939930154f,0f,0f,0f,1f], start_interpolation: 0, interpolation_duration: 1 }
$data merge entity $(bone_sword_right) { transformation: [-2.601958370279817f,0.5030502882034227f,-0.27185762671914276f,-1.271858856478809f,0.5718080423102595f,2.291979365723737f,-1.2316735249984223f,-0.010420898265350587f,0.0013131702935517576f,-1.2613185628425454f,-2.3465351650782287f,0.9694049078910298f,0f,0f,0f,1f], start_interpolation: 0, interpolation_duration: 1 }
$data merge entity $(bone_right_hand) { transformation: [-0.9766933796670919f,0.18882926481066947f,-0.10204680722852603f,-1.447012801439417f,0.21463876430304735f,0.8603370055437195f,-0.4623315236391815f,-0.3680210378170552f,0.0004929228487039803f,-0.4734593389543903f,-0.880815537660376f,-0.18056490810615689f,0f,0f,0f,1f], start_interpolation: 0, interpolation_duration: 1 }
$data merge entity $(bone_right_arm_low) { transformation: [-0.9766933796670919f,0.18882926481066947f,-0.10204680722852603f,-1.2003291631254458f,0.21463876430304735f,0.8603370055437195f,-0.4623315236391815f,0.46445318484399944f,0.0004929228487039803f,-0.4734593389543903f,-0.880815537660376f,-0.6815805402904779f,0f,0f,0f,1f], start_interpolation: 0, interpolation_duration: 1 }
$data merge entity $(bone_right_arm) { transformation: [-1.0809008658995227f,0.22410064520129117f,0.07876672807762924f,-0.942f,0.2375394683947241f,1.0189006363976825f,0.36081639740618454f,1.4935f,0.0005455148412774109f,0.3693133798047274f,-1.043254191673724f,-0.30617375000000013f,0f,0f,0f,1f], start_interpolation: 0, interpolation_duration: 1 }