# This file was generated by Animated Java via MC-Build. It is not recommended to edit this file directly.
$data merge entity $(bone_foot) { transformation: [-0.9988969611991039f,0.007152656095009473f,0.046407977956191906f,0.9218020259732242f,0.006746158642119575f,0.9999375492562892f,-0.008909934393755398f,-2.1139523116247734f,-0.04646880944000209f,-0.008587030808853084f,-0.9988828322937164f,0.05263474757792447f,0f,0f,0f,1f], start_interpolation: 0, interpolation_duration: 1 }
$data merge entity $(bone_leg_low) { transformation: [-0.9953218424158768f,-0.07196755648213388f,0.06446007154708519f,0.8866281650978374f,-0.0725629522741347f,0.9973396844065081f,-0.006940595449096532f,-0.9950108207316365f,-0.0637890897185884f,-0.011585539345116358f,-0.9978961505642543f,-0.1929403352295861f,0f,0f,0f,1f], start_interpolation: 0, interpolation_duration: 1 }
$data merge entity $(bone_bone4) { transformation: [-0.9953218424158768f,-0.09353260832912576f,-0.024209113759384615f,0.839789817652769f,-0.0725629522741347f,0.5582530688388441f,0.8264914573601316f,-0.8597287114050889f,-0.0637890897185884f,0.8243816848469908f,-0.5624284752052573f,0.38400411082682706f,0f,0f,0f,1f], start_interpolation: 0, interpolation_duration: 1 }
$data merge entity $(bone_leg) { transformation: [-0.9953218424158768f,-0.04588180381843532f,0.08502523206808132f,0.8151681387597283f,-0.0725629522741347f,0.9360428230369975f,-0.34432317871178786f,-0.195326875f,-0.0637890897185884f,-0.34888206247856135f,-0.9349931863460713f,0.17188768141219746f,0f,0f,0f,1f], start_interpolation: 0, interpolation_duration: 1 }
$data merge entity $(bone_foot2) { transformation: [-0.9999130135152359f,-0.012978148430037004f,-0.0023522470550134994f,-0.7603122344608774f,-0.013126971554355682f,0.961853678506066f,0.273249306974713f,-1.6551711742251995f,-0.0012837525817027775f,0.27325641585821503f,-0.9619403740209844f,-0.4479255713055557f,0f,0f,0f,1f], start_interpolation: 0, interpolation_duration: 1 }
$data merge entity $(bone_leg_low2) { transformation: [-0.9998230833460051f,-0.018060896330618192f,-0.005254144290182862f,-0.8123134934044665f,-0.018554783604121737f,0.9011922351798629f,0.43302225723041876f,-0.5434223711315971f,-0.003085776059861472f,0.43304313789189347f,-0.9013679152881198f,-0.1742746080052648f,0f,0f,0f,1f], start_interpolation: 0, interpolation_duration: 1 }
$data merge entity $(bone_bone3) { transformation: [-0.9998230833460051f,0.009364340999810095f,-0.01631291286455839f,-0.8073939177169317f,-0.018554783604121737f,-0.6332936829062044f,0.7736891050005164f,-0.8818320654737666f,-0.003085776059861472f,0.7738549090809821f,0.6333553960276752f,0.2665912516682696f,0f,0f,0f,1f], start_interpolation: 0, interpolation_duration: 1 }
$data merge entity $(bone_leg2) { transformation: [-0.9998230833460051f,-0.01740312157375988f,0.007136761728986923f,-0.8299287668466022f,-0.018554783604121737f,0.9747725187852125f,-0.2224280931594227f,-0.195326875f,-0.003085776059861472f,-0.22252116299494196f,-0.9749229764476202f,0.14317240811162893f,0f,0f,0f,1f], start_interpolation: 0, interpolation_duration: 1 }
$data merge entity $(bone_hips) { transformation: [-0.9998476951563913f,0f,0.017452406437283633f,-0.00681250000000002f,0f,1f,0f,0.20137937500000003f,-0.017452406437283633f,0f,-0.9998476951563913f,0.125f,0f,0f,0f,1f], start_interpolation: 0, interpolation_duration: 1 }