# This file was generated by Animated Java via MC-Build. It is not recommended to edit this file directly.
$data merge entity $(bone_foot) { transformation: [-0.9785144915637219f,0.030292376709138133f,0.20394058378140967f,0.46196123349583584f,0.03084359959334134f,0.9995241097143617f,-0.0004758821685240111f,-1.9513540341791076f,-0.2038579460406588f,0.005824604108808751f,-0.9789831519607777f,1.0447091048596322f,0f,0f,0f,1f], start_interpolation: 0, interpolation_duration: 1 }
$data merge entity $(bone_leg_low) { transformation: [-0.9785144915637219f,0.1282042596618265f,0.1614715380627604f,0.6735354572245208f,0.03084359959334134f,0.8653753296233996f,-0.5001741809043305f,-1.0994677445894219f,-0.2038579460406588f,-0.48444732085517317f,-0.8507365815293993f,0.307755592560739f,0f,0f,0f,1f], start_interpolation: 0, interpolation_duration: 1 }
$data merge entity $(bone_bone4) { transformation: [-0.9785144915637219f,-0.10011860296808854f,0.1802377738974513f,0.6206161309747877f,0.03084359959334134f,0.7932654898524623f,0.6080941826504005f,-0.6496827229539431f,-0.2038579460406588f,0.600588151688702f,-0.7731337593762364f,0.629819647480946f,0f,0f,0f,1f], start_interpolation: 0, interpolation_duration: 1 }
$data merge entity $(bone_leg) { transformation: [-0.9785144915637219f,0.16562771474026705f,0.122787824761689f,0.7420258437392334f,0.03084359959334134f,0.7064337764300626f,-0.707106775446881f,-0.13457687500000004f,-0.2038579460406588f,-0.6881270083557808f,-0.6963642424819118f,0.1748965177461721f,0f,0f,0f,1f], start_interpolation: 0, interpolation_duration: 1 }
$data merge entity $(bone_foot2) { transformation: [-0.984807753012208f,-2.7755575615628914e-17f,0.17364817766693041f,-0.6432936165425923f,0f,1f,1.1102230246251565e-16f,-1.9621200194358313f,-0.17364817766693044f,1.1102230246251565e-16f,-0.984807753012208f,-1.2094026631921861f,0f,0f,0f,1f], start_interpolation: 0, interpolation_duration: 1 }
$data merge entity $(bone_leg_low2) { transformation: [-0.984807753012208f,-0.09960050292505128f,0.1422442597229241f,-0.7516045289689047f,0f,0.8191520442889918f,0.5735764363510462f,-0.9087662401993533f,-0.17364817766693044f,0.5648625214636235f,-0.8067072841115986f,-0.7708950305966269f,0f,0f,0f,1f], start_interpolation: 0, interpolation_duration: 1 }
$data merge entity $(bone_bone3) { transformation: [-0.984807753012208f,-0.17216259343480464f,0.022665635416815426f,-0.8469057357964077f,0f,0.13052619222005157f,0.9914448613738105f,-0.8214087904672364f,-0.17364817766693044f,0.9763825861650423f,-0.12854320606946856f,-0.23041502892818216f,0f,0f,0f,1f], start_interpolation: 0, interpolation_duration: 1 }
$data merge entity $(bone_leg2) { transformation: [-0.984807753012208f,-0.02266563541681543f,0.17216259343480464f,-0.8783251306600205f,0f,0.9914448613738104f,0.13052619222005157f,-0.13457687500000004f,-0.17364817766693044f,0.12854320606946854f,-0.9763825861650423f,-0.1108150772576677f,0f,0f,0f,1f], start_interpolation: 0, interpolation_duration: 1 }
$data merge entity $(bone_hips) { transformation: [-0.984807753012208f,0f,0.17364817766693044f,-0.0625f,0f,1f,0f,0.262129375f,-0.17364817766693044f,0f,-0.984807753012208f,-6.938893903907228e-18f,0f,0f,0f,1f], start_interpolation: 0, interpolation_duration: 1 }
execute on vehicle unless entity @s[tag=aj.transforms_only] positioned ^0 ^0 ^0 rotated ~0 ~0 run function animated_java:mech_legs/animations/walking_backwards/zzz/frames/zzz/0