# This file was generated by Animated Java via MC-Build. It is not recommended to edit this file directly.
$data merge entity $(bone_foot) { transformation: [-0.9822943639700243f,0.04468305523250961f,0.18193737133369214f,0.48299142985378163f,0.030628556496041574f,0.9963769658509487f,-0.07933998644205992f,-1.8757282384924787f,-0.18482335902069863f,-0.07236274246285829f,-0.9801040554265451f,1.0300914207820018f,0f,0f,0f,1f], start_interpolation: 0, interpolation_duration: 1 }
$data merge entity $(bone_leg_low) { transformation: [-0.9821076080816927f,0.12887075342080181f,0.13732070150130718f,0.6897466298348482f,0.03248476568433122f,0.8341857668355683f,-0.5505259725093712f,-1.0707001094115962f,-0.18549767153926838f,-0.5362149152361484f,-0.8234465243911108f,0.24094227106676802f,0f,0f,0f,1f], start_interpolation: 0, interpolation_duration: 1 }
$data merge entity $(bone_bone4) { transformation: [-0.9821076080816927f,-0.10475524124890527f,0.15649596026396295f,0.6337273571235643f,0.03248476568433122f,0.7243149576730137f,0.6887035516748657f,-0.6587538726230591f,-0.18549767153926838f,0.6814647324124883f,-0.7079522811118598f,0.609674289846277f,0f,0f,0f,1f], start_interpolation: 0, interpolation_duration: 1 }
$data merge entity $(bone_leg) { transformation: [-0.9821076080816927f,0.1521226133349624f,0.11101061507890914f,0.7461431756685953f,0.03248476568433122f,0.7174880500933103f,-0.6958129331736609f,-0.13632687500000007f,-0.18549767153926838f,-0.679757021652179f,-0.7095921401538132f,0.16082896814515352f,0f,0f,0f,1f], start_interpolation: 0, interpolation_duration: 1 }
$data merge entity $(bone_foot2) { transformation: [-0.9868518299819385f,0.0018391345252681685f,0.16161708834618138f,-0.6754806143503449f,0.0012183027910145233f,0.9999914944917974f,-0.00394039114444078f,-1.9680912545560558f,-0.1616229606201076f,-0.0036916836619282356f,-0.9868456769283288f,-1.1828301505793728f,0f,0f,0f,1f], start_interpolation: 0, interpolation_duration: 1 }
$data merge entity $(bone_leg_low2) { transformation: [-0.9872918850048461f,-0.08395273561299307f,0.1349321013942672f,-0.7680393939862702f,0.006706888341438459f,0.8263023071095689f,0.5631869271513493f,-0.9089566950298067f,-0.15877578988105648f,0.5569348574550695f,-0.8152385007463447f,-0.754763287862344f,0f,0f,0f,1f], start_interpolation: 0, interpolation_duration: 1 }
$data merge entity $(bone_bone3) { transformation: [-0.9872918850048461f,-0.15577851433155485f,0.031429099195355255f,-0.854647416821724f,0.006706888341438459f,0.15674955353771702f,0.9876156110119472f,-0.8240517709047496f,-0.15877578988105648f,0.9752756697151733f,-0.15371277308430378f,-0.21263500727255366f,0f,0f,0f,1f], start_interpolation: 0, interpolation_duration: 1 }
$data merge entity $(bone_leg2) { transformation: [-0.9872918850048461f,-0.013058896898084158f,0.15837991986165142f,-0.8789473663087631f,0.006706888341438459f,0.9923060580874894f,0.12362728150227816f,-0.13632687500000007f,-0.15877578988105648f,0.12311844823044701f,-0.979608134027568f,-0.09656008782262793f,0f,0f,0f,1f], start_interpolation: 0, interpolation_duration: 1 }
$data merge entity $(bone_hips) { transformation: [-0.9876883405951378f,0f,0.15643446504023098f,-0.0613125f,0f,1f,0f,0.26037937499999997f,-0.15643446504023098f,0f,-0.9876883405951378f,-6.938893903907228e-18f,0f,0f,0f,1f], start_interpolation: 0, interpolation_duration: 1 }