# This file was generated by Animated Java via MC-Build. It is not recommended to edit this file directly.
$data merge entity $(bone_foot) { transformation: [-0.9857795894630191f,0.05891678660158264f,0.1573766604508593f,0.5101862285745155f,0.03017156683110214f,0.9833592219644811f,-0.179148868632673f,-1.7713789509815396f,-0.16531266603947148f,-0.17185299774503177f,-0.9711530618872436f,1.1285332004597697f,0f,0f,0f,1f], start_interpolation: 0, interpolation_duration: 1 }
$data merge entity $(bone_leg_low) { transformation: [-0.9854112540276614f,0.127729449471224f,0.11247154383847459f,0.7099222892879176f,0.03359998453343793f,0.7938601033548619f,-0.607171456296128f,-1.0249167924044373f,-0.16684034726343808f,-0.594534544025144f,-0.786570387496141f,0.2820852494964171f,0f,0f,0f,1f], start_interpolation: 0, interpolation_duration: 1 }
$data merge entity $(bone_bone4) { transformation: [-0.9854112540276614f,-0.11135824144756343f,0.12870121404764617f,0.6495143020929401f,0.03359998453343793f,0.6140415786839163f,0.7885581656965557f,-0.6748907831629737f,-0.16684034726343808f,0.7813784497342309f,-0.6013418468857337f,0.7093654612748181f,0f,0f,0f,1f], start_interpolation: 0, interpolation_duration: 1 }
$data merge entity $(bone_leg) { transformation: [-0.9854112540276614f,0.13752649356056154f,0.10025529414733515f,0.7521395487771497f,0.03359998453343793f,0.7346919613430005f,-0.6775682718201375f,-0.141076875f,-0.16684034726343808f,-0.6643148240908912f,-0.7285946150076211f,0.2717124284824527f,0f,0f,0f,1f], start_interpolation: 0, interpolation_duration: 1 }
$data merge entity $(bone_foot2) { transformation: [-0.9885201061590395f,0.0034505519722464184f,0.15104996991197492f,-0.7122413047521073f,0.0024219256121739974f,0.9999726137538341f,-0.006993283824821339f,-1.9821978248853718f,-0.15106996390960978f,-0.006547169878064862f,-0.98850139128427f,-1.007534146627388f,0f,0f,0f,1f], start_interpolation: 0, interpolation_duration: 1 }
$data merge entity $(bone_leg_low2) { transformation: [-0.9893746753791834f,-0.06483190043490367f,0.13013291821954345f,-0.7845505966545101f,0.015898545209238887f,0.8414593576490034f,0.5400864613051843f,-0.9112157027235953f,-0.14451639345958447f,0.5364167914140322f,-0.8314878459186938f,-0.6058588522148695f,0f,0f,0f,1f], start_interpolation: 0, interpolation_duration: 1 }
$data merge entity $(bone_bone3) { transformation: [-0.9893746753791834f,-0.13881519298237924f,0.04322145203021826f,-0.8628374241933254f,0.015898545209238887f,0.19220106578373009f,0.9812267763222873f,-0.8310393574263042f,-0.14451639345958447f,0.971488081506337f,-0.18795190744595147f,-0.0610784992847392f,0f,0f,0f,1f], start_interpolation: 0, interpolation_duration: 1 }
$data merge entity $(bone_leg2) { transformation: [-0.9893746753791834f,0.0006279334142759475f,0.14538692313259427f,-0.8771955424566212f,0.015898545209238887f,0.9944610581178157f,0.10389629515735435f,-0.141076875f,-0.14451639345958447f,0.10510380386466298f,-0.9839045697803285f,0.042724314750561265f,0f,0f,0f,1f], start_interpolation: 0, interpolation_duration: 1 }
$data merge entity $(bone_hips) { transformation: [-0.9902680687415704f,0f,0.13917310096006555f,-0.05800000000000002f,0f,1f,0f,0.25562937500000005f,-0.13917310096006555f,0f,-0.9902680687415704f,0.125f,0f,0f,0f,1f], start_interpolation: 0, interpolation_duration: 1 }