# This file was generated by Animated Java via MC-Build. It is not recommended to edit this file directly.
$data merge entity $(bone_foot) { transformation: [-0.9889094717117349f,0.06513207583745952f,0.1334761006919242f,0.543840851207946f,0.029428677869088954f,0.9668233319419635f,-0.2537451432668563f,-1.6771928557898885f,-0.14557475632023104f,-0.24700295040696074f,-0.9580175013080722f,1.070638549183397f,0f,0f,0f,1f], start_interpolation: 0, interpolation_duration: 1 }
$data merge entity $(bone_leg_low) { transformation: [-0.9884064653296118f,0.12013482661437555f,0.092845477697929f,0.7305395438160179f,0.03422106963127431f,0.772040011718397f,-0.6346519823487113f,-0.9616760318080504f,-0.14792422954984139f,-0.6241168510304713f,-0.7672004813423247f,0.19499384120856228f,0f,0f,0f,1f], start_interpolation: 0, interpolation_duration: 1 }
$data merge entity $(bone_bone4) { transformation: [-0.9884064653296118f,-0.11519087458609817f,0.09891269739882995f,0.6672693613267029f,0.03422106963127431f,0.4656873061535052f,0.8842874257167648f,-0.6965272540245465f,-0.14792422954984139f,0.8774203070932319f,-0.45634638928395665f,0.6790952790874166f,0f,0f,0f,1f], start_interpolation: 0, interpolation_duration: 1 }
$data merge entity $(bone_leg) { transformation: [-0.9884064653296118f,0.12229065848213828f,0.08998696651531109f,0.7596391455311486f,0.03422106963127431f,0.7568606999106862f,-0.6526797065360601f,-0.148076875f,-0.14792422954984139f,-0.642033391482648f,-0.7522709262847892f,0.257551198792801f,0f,0f,0f,1f], start_interpolation: 0, interpolation_duration: 1 }
$data merge entity $(bone_foot2) { transformation: [-0.9900131882982695f,0.004603425434184641f,0.14089959357559245f,-0.7514761037048094f,0.003305681625860899f,0.9999499490692682f,-0.009443083466565971f,-2.0020730806655793f,-0.1409360119504014f,-0.008883007972527612f,-0.9899788546756322f,-0.9369790260671599f,0f,0f,0f,1f], start_interpolation: 0, interpolation_duration: 1 }
$data merge entity $(bone_leg_low2) { transformation: [-0.99107015933218f,-0.04318134731013592f,0.12615589770505622f,-0.8004941816600791f,0.02678323123583293f,0.8623631479461205f,0.5055813085835208f,-0.9154280558661015f,-0.13062387915635906f,0.5044454106332408f,-0.8535058464270799f,-0.5759053494593704f,0f,0f,0f,1f], start_interpolation: 0, interpolation_duration: 1 }
$data merge entity $(bone_bone3) { transformation: [-0.99107015933218f,-0.12078076661847903f,0.05649730698307395f,-0.8708390531467172f,0.02678323123583293f,0.23475250771349854f,0.9716861214645353f,-0.8408812260530342f,-0.13062387915635906f,0.9645222996578546f,-0.22942130602206193f,-0.026899237893783637f,0f,0f,0f,1f], start_interpolation: 0, interpolation_duration: 1 }
$data merge entity $(bone_leg2) { transformation: [-0.99107015933218f,0.01690148366195117f,0.13226594093458827f,-0.8734441837065214f,0.02678323123583293f,0.9969507781901128f,0.07329259437826148f,-0.148076875f,-0.13062387915635906f,0.07618061246900855f,-0.9885008429323627f,0.057033779294499876f,0f,0f,0f,1f], start_interpolation: 0, interpolation_duration: 1 }
$data merge entity $(bone_hips) { transformation: [-0.992546151641322f,0f,0.12186934340514759f,-0.05293750000000002f,0f,1f,0f,0.24862937500000004f,-0.12186934340514759f,0f,-0.992546151641322f,0.125f,0f,0f,0f,1f], start_interpolation: 0, interpolation_duration: 1 }