# This file was generated by Animated Java via MC-Build. It is not recommended to edit this file directly.
$data merge entity $(bone_foot) { transformation: [-0.991617924622502f,0.059800337514007026f,0.11453301358373902f,0.5821905470210331f,0.028217895117002907f,0.965280497330295f,-0.2596869497470827f,-1.6394801524048725f,-0.12608585155570765f,-0.25427835359500955f,-0.9588768830931753f,0.9634466347068862f,0f,0f,0f,1f], start_interpolation: 0, interpolation_duration: 1 }
$data merge entity $(bone_leg_low) { transformation: [-0.9910759798778592f,0.10462511845720275f,0.0825953188562005f,0.7491699924307943f,0.034379801421709016f,0.7992954822007331f,-0.5999539660571478f,-0.8852505881991457f,-0.1287883199802878f,-0.5917603541310565f,-0.795759544030319f,0.11678849170249728f,0f,0f,0f,1f], start_interpolation: 0, interpolation_duration: 1 }
$data merge entity $(bone_bone4) { transformation: [-0.9910759798778592f,-0.11339810965082836f,0.070066188969858f,0.68631336837338f,0.034379801421709016f,0.29039715933328714f,0.9562884079112124f,-0.7220324843083981f,-0.1287883199802878f,0.9501633325796024f,-0.2839070447485916f,0.644065315331392f,0f,0f,0f,1f], start_interpolation: 0, interpolation_duration: 1 }
$data merge entity $(bone_leg) { transformation: [-0.9910759798778592f,0.1068282441147229f,0.0797253307832982f,0.7682662235673119f,0.034379801421709016f,0.7827180854202815f,-0.6214261243383743f,-0.15657687500000006f,-0.1287883199802878f,-0.6131395640597448f,-0.7794058272949216f,0.24334959272394463f,0f,0f,0f,1f], start_interpolation: 0, interpolation_duration: 1 }
$data merge entity $(bone_foot2) { transformation: [-0.9914834401506382f,0.005114010154076455f,0.13013237417030274f,-0.7912467231553589f,0.0036440053397949084f,0.999926866317488f,-0.011531836001780926f,-2.0250933758727396f,-0.1301818310369739f,-0.010959421363942068f,-0.9914295647958198f,-0.8495209613260593f,0f,0f,0f,1f], start_interpolation: 0, interpolation_duration: 1 }
$data merge entity $(bone_leg_low2) { transformation: [-0.9923997957178115f,-0.019965324759667905f,0.12142500264149442f,-0.815384175647639f,0.03856851878502349f,0.8865657250327661f,0.4609920656105212f,-0.9214289102492341f,-0.11685510180550623f,0.4621716142347632f,-0.8790576114098883f,-0.5414357254998066f,0f,0f,0f,1f], start_interpolation: 0, interpolation_duration: 1 }
$data merge entity $(bone_bone3) { transformation: [-0.9923997957178115f,-0.10136341882408352f,0.06977179074338974f,-0.878051345603472f,0.03856851878502349f,0.28221391818128116f,0.958575909223416f,-0.8519926673204694f,-0.11685510180550623f,0.9539815311152846f,-0.27615959782879573f,0.013687146329182498f,0f,0f,0f,1f], start_interpolation: 0, interpolation_duration: 1 }
$data merge entity $(bone_leg2) { transformation: [-0.9923997957178115f,0.034323048093851866f,0.11817179794178079f,-0.8680678906721382f,0.03856851878502349f,0.9986831942355177f,0.03382819697046553f,-0.15657687500000006f,-0.11685510180550623f,0.03812880697176946f,-0.9924167870713062f,0.07136394700766895f,0f,0f,0f,1f], start_interpolation: 0, interpolation_duration: 1 }
$data merge entity $(bone_hips) { transformation: [-0.9945218953682733f,0f,0.1045284632676536f,-0.046500000000000034f,0f,1f,0f,0.24012937499999998f,-0.1045284632676536f,0f,-0.9945218953682733f,0.125f,0f,0f,0f,1f], start_interpolation: 0, interpolation_duration: 1 }