# This file was generated by Animated Java via MC-Build. It is not recommended to edit this file directly.
$data merge entity $(bone_foot) { transformation: [-0.9957571292423191f,0.035086887741602485f,0.08506850105475999f,0.6578194348612733f,0.02462918592090206f,0.9923463861836587f,-0.12100435128170378f,-1.6828298788229616f,-0.08866308568941847f,-0.11839577752960836f,-0.9890001502018035f,0.6355837149761758f,0f,0f,0f,1f], start_interpolation: 0, interpolation_duration: 1 }
$data merge entity $(bone_leg_low) { transformation: [-0.9953787929776415f,0.0643346713528184f,0.0712889090412964f,0.7770935701517445f,0.03343725139165724f,0.9281393091850062f,-0.3707281658640868f,-0.7302198568837085f,-0.0900167135022408f,-0.36663124908755884f,-0.9260013598708975f,0.009578756067256f,0f,0f,0f,1f], start_interpolation: 0, interpolation_duration: 1 }
$data merge entity $(bone_bone4) { transformation: [-0.9953787929776415f,-0.09202339403369222f,0.027436352543536158f,0.7256401571336382f,0.03343725139165724f,-0.06431578078763622f,0.9973692548705557f,-0.7780220358359682f,-0.0900167135022408f,0.9936776012833318f,0.06709557361002999f,0.5607793136016295f,0f,0f,0f,1f], start_interpolation: 0, interpolation_duration: 1 }
$data merge entity $(bone_leg) { transformation: [-0.9953787929776415f,0.07676753915170209f,0.057687116611642796f,0.7874002312191729f,0.03343725139165724f,0.8402330390473768f,-0.5411934869458246f,-0.17507687500000002f,-0.0900167135022408f,-0.5367636211832926f,-0.8389170437322477f,0.21484256621705958f,0f,0f,0f,1f], start_interpolation: 0, interpolation_duration: 1 }
$data merge entity $(bone_foot2) { transformation: [-0.9946354954141778f,0.004057056289497513f,0.10336233141941348f,-0.8648504631587763f,0.002480673788270251f,0.9998787201342825f,-0.015375021306842207f,-2.070918238002261f,-0.10341217297663276f,-0.015036133708287824f,-0.994524930388051f,-0.6368534129979728f,0f,0f,0f,1f], start_interpolation: 0, interpolation_duration: 1 }
$data merge entity $(bone_leg_low2) { transformation: [-0.9941447618052015f,0.0265864003741954f,0.10473469286927853f,-0.8407634413283921f,0.06167455125804126f,0.935482685426686f,0.34794883962156786f,-0.9382639693826843f,-0.08872678458277614f,0.3523709814698414f,-0.9316449157890481f,-0.46339302851740105f,0f,0f,0f,1f], start_interpolation: 0, interpolation_duration: 1 }
$data merge entity $(bone_bone3) { transformation: [-0.9941447618052015f,-0.058510808117260005f,0.09084425082934143f,-0.8877196156509187f,0.06167455125804126f,0.38307177500119527f,0.9216573468076695f,-0.8720798805920434f,-0.08872678458277614f,0.9218636019123972f,-0.3772201706784816f,0.1087353197873697f,0f,0f,0f,1f], start_interpolation: 0, interpolation_duration: 1 }
$data merge entity $(bone_leg2) { transformation: [-0.9941447618052015f,0.06693211211896168f,0.08483091973198136f,-0.8539392849657031f,0.06167455125804126f,0.9960963024317888f,-0.0631538281407996f,-0.17507687500000002f,-0.08872678458277614f,-0.05755213852684499f,-0.9943919292957825f,0.1000689265333472f,0f,0f,0f,1f], start_interpolation: 0, interpolation_duration: 1 }
$data merge entity $(bone_hips) { transformation: [-0.9975640502598242f,0f,0.06975647374412541f,-0.031000000000000007f,0f,1f,0f,0.22162937500000002f,-0.06975647374412541f,0f,-0.9975640502598242f,0.125f,0f,0f,0f,1f], start_interpolation: 0, interpolation_duration: 1 }