# This file was generated by Animated Java via MC-Build. It is not recommended to edit this file directly.
$data merge entity $(bone_foot) { transformation: [-0.998440824333349f,0.021703184152886145f,0.0514285144853377f,0.711690733138234f,0.020810346776089533f,0.9996243836124052f,-0.017833147635153618f,-1.7033206549438225f,-0.051796233179658716f,-0.01673509740468207f,-0.9985174443860529f,0.1998617789501042f,0f,0f,0f,1f], start_interpolation: 0, interpolation_duration: 1 }
$data merge entity $(bone_leg_low) { transformation: [-0.9982241868555792f,0.037481536677918245f,0.04629910565852912f,0.795066951928683f,0.03102645880917566f,0.9906271378480596f,-0.13302342881133306f,-0.62470032139306f,-0.05085107304944804f,-0.13135070676331795f,-0.9900308885092912f,-0.17855725336460587f,0f,0f,0f,1f], start_interpolation: 0, interpolation_duration: 1 }
$data merge entity $(bone_bone4) { transformation: [-0.9982241868555792f,-0.05809143033428872f,0.013185541256780214f,0.762398998665848f,0.03102645880917566f,-0.31807254700844084f,0.9475585542294076f,-0.8299066269119791f,-0.05085107304944804f,0.946284967946379f,0.31931008096901675f,0.3375206683528886f,0f,0f,0f,1f], start_interpolation: 0, interpolation_duration: 1 }
$data merge entity $(bone_leg) { transformation: [-0.9982241868555792f,0.05024589409971624f,0.03199723273406428f,0.8065371442541849f,0.03102645880917566f,0.8970837809654322f,-0.44076983651621043f,-0.19057687499999998f,-0.05085107304944804f,-0.43899435082342975f,-0.8970496799591622f,0.06122608038242549f,0f,0f,0f,1f], start_interpolation: 0, interpolation_duration: 1 }
$data merge entity $(bone_foot2) { transformation: [-0.9977740018747696f,0.0010708054725350122f,0.06667754163470281f,-0.9181267753553177f,-0.0002494692887025432f,0.9998041391778436f,-0.01978941757417202f,-2.105357084827533f,-0.06668567273321557f,-0.01976200036663653f,-0.9975783099053567f,-0.5197113577461794f,0f,0f,0f,1f], start_interpolation: 0, interpolation_duration: 1 }
$data merge entity $(bone_leg_low2) { transformation: [-0.9951818612883775f,0.0641854290574036f,0.07411675694009962f,-0.8591060437223135f,0.07890764610832296f,0.9730026593259541f,0.2168857033791416f,-0.9609072920870139f,-0.05819489967552531f,0.22168909680301907f,-0.9733793186679165f,-0.5016667751619228f,0f,0f,0f,1f], start_interpolation: 0, interpolation_duration: 1 }
$data merge entity $(bone_bone3) { transformation: [-0.9951818612883775f,-0.01344503061577974f,0.09711999852935306f,-0.8872660244418306f,0.07890764610832296f,0.47810822732854846f,0.8747491676740234f,-0.8816671555274344f,-0.05819489967552531f,0.8781980153202886f,-0.47474371985236596f,0.08733595309482778f,0f,0f,0f,1f], start_interpolation: 0, interpolation_duration: 1 }
$data merge entity $(bone_leg2) { transformation: [-0.9951818612883775f,0.0875403845703964f,0.04415590596814765f,-0.8378080545046167f,0.07890764610832296f,0.9824103345777806f,-0.16924395971619466f,-0.19057687499999998f,-0.05819489967552531f,-0.16494428024045077f,-0.9845845509999206f,0.00380428073170707f,0f,0f,0f,1f], start_interpolation: 0, interpolation_duration: 1 }
$data merge entity $(bone_hips) { transformation: [-0.9993908270190958f,0f,0.034899496702501094f,-0.01450000000000002f,0f,1f,0f,0.20612937500000006f,-0.034899496702501094f,0f,-0.9993908270190958f,0f,0f,0f,0f,1f], start_interpolation: 0, interpolation_duration: 1 }