# This file was generated by Animated Java via MC-Build. It is not recommended to edit this file directly.
$data merge entity $(bone_foot) { transformation: [-0.9992535485407277f,0.017539159432243868f,0.03441981428151327f,0.7307663691407669f,0.019009522606706308f,0.9988999321065641f,0.04286681336146331f,-1.7061302128950007f,-0.03363010227502521f,0.04348911960377831f,-0.998487712842306f,0.02412060261716409f,0f,0f,0f,1f], start_interpolation: 0, interpolation_duration: 1 }
$data merge entity $(bone_leg_low) { transformation: [-0.9990813815655368f,0.029231102751444756f,0.031335852326573974f,0.8014004584715201f,0.029349950846192224f,0.9995636192212912f,0.00333938835108738f,-0.5853891970717663f,-0.031224563958916596f,0.0042560264528966885f,-0.9995033330831906f,-0.2050622560413149f,0f,0f,0f,1f], start_interpolation: 0, interpolation_duration: 1 }
$data merge entity $(bone_bone4) { transformation: [-0.9990813815655368f,-0.04054251825270473f,0.013881542523346467f,0.7783191313715017f,0.029349950846192224f,-0.4113404475489831f,0.9110091199299424f,-0.8505811661007442f,-0.031224563958916596f,0.9105796727491402f,0.41215250354892197f,0.28419206730959645f,0f,0f,0f,1f], start_interpolation: 0, interpolation_duration: 1 }
$data merge entity $(bone_leg) { transformation: [-0.9990813815655368f,0.0391011254820434f,0.01753553521098997f,0.8151681387597283f,0.029349950846192224f,0.9225156717377929f,-0.3848420660264349f,-0.195326875f,-0.031224563958916596f,-0.3839738759137219f,-0.9228158479465821f,0.04688768141219746f,0f,0f,0f,1f], start_interpolation: 0, interpolation_duration: 1 }
$data merge entity $(bone_foot2) { transformation: [-0.9989978714570188f,-0.0007083516094284099f,0.04475210679223345f,-0.932740399194111f,-0.001722017535829789f,0.9997427380465022f,-0.022616197268542138f,-2.1167249875290457f,-0.04472457355808259f,-0.022670596844387186f,-0.9987420871069602f,-0.3951691339918567f,0f,0f,0f,1f], start_interpolation: 0, interpolation_duration: 1 }
$data merge entity $(bone_leg_low2) { transformation: [-0.9956588567723857f,0.07604446603415448f,0.05367196769531074f,-0.865241234410107f,0.08336217251630172f,0.9850451373447955f,0.15078735221077283f,-0.9741702830552348f,-0.041402767106420574f,0.15460697454821892f,-0.9871081472143657f,-0.4550606347676535f,0f,0f,0f,1f], start_interpolation: 0, interpolation_duration: 1 }
$data merge entity $(bone_bone3) { transformation: [-0.9956588567723857f,0.007910608892539528f,0.0927408388880294f,-0.8820987783034897f,0.08336217251630172f,0.5189981885204187f,0.8507006691580102f,-0.8807966579062513f,-0.041402767106420574f,0.8547387335200582f,-0.517404588592388f,0.13833427204783338f,0f,0f,0f,1f], start_interpolation: 0, interpolation_duration: 1 }
$data merge entity $(bone_leg2) { transformation: [-0.9956588567723857f,0.09040981354303669f,0.022124794819828077f,-0.8299287668466022f,0.08336217251630172f,0.9719080582743947f,-0.22010332676872038f,-0.195326875f,-0.041402767106420574f,-0.21730345573968465f,-0.9752256246630943f,0.01817240811162893f,0f,0f,0f,1f], start_interpolation: 0, interpolation_duration: 1 }
$data merge entity $(bone_hips) { transformation: [-0.9998476951563913f,0f,0.017452406437283633f,-0.006812500000000006f,0f,1f,0f,0.20137937500000003f,-0.017452406437283633f,0f,-0.9998476951563913f,0f,0f,0f,0f,1f], start_interpolation: 0, interpolation_duration: 1 }