# This file was generated by Animated Java via MC-Build. It is not recommended to edit this file directly.
$data merge entity $(bone_foot) { transformation: [-0.9974333799274474f,0.010997215079904591f,0.07075106972332657f,0.8888806742638699f,0.010533762376771076f,0.9999205718122826f,-0.006920254098491729f,-2.1237910122618846f,-0.07082155361680806f,-0.006157217479047419f,-0.9974699976521687f,0.21389725781474583f,0f,0f,0f,1f], start_interpolation: 0, interpolation_duration: 1 }
$data merge entity $(bone_leg_low) { transformation: [-0.9945945160453007f,-0.05738853095796604f,0.0865349938874495f,0.8752208371703284f,-0.06457718613468484f,0.9944800905229287f,-0.08269907245207692f,-1.026104958597751f,-0.08131135027498075f,-0.08784023035030225f,-0.9928104341960077f,-0.11545531659266822f,0f,0f,0f,1f], start_interpolation: 0, interpolation_duration: 1 }
$data merge entity $(bone_bone4) { transformation: [-0.9945945160453007f,-0.1038280752194422f,-0.0012163259596835105f,0.8177772689612511f,-0.06457718613468484f,0.6093427588413403f,0.7902728574856603f,-0.8406243072516515f,-0.08131135027498075f,0.786079597142586f,-0.612753891274963f,0.4398821513469943f,0f,0f,0f,1f], start_interpolation: 0, interpolation_duration: 1 }
$data merge entity $(bone_leg) { transformation: [-0.9945945160453007f,-0.025949370185595573f,0.10054043385417266f,0.8065371442541849f,-0.06457718613468484f,0.9128164538456498f,-0.40323182986909534f,-0.1905768750000001f,-0.08131135027498075f,-0.4075447849937767f,-0.9095579764593545f,0.1862260803824255f,0f,0f,0f,1f], start_interpolation: 0, interpolation_duration: 1 }
$data merge entity $(bone_foot2) { transformation: [-0.9997417627557568f,-0.016829012972782373f,0.015270629468827464f,-0.7560957358340645f,-0.011660420741215533f,0.9566766644428553f,0.29091887924064025f,-1.6293832841290343f,-0.01950493245694867f,0.2906656911863772f,-0.9566258482693196f,-0.5882495146306452f,0f,0f,0f,1f], start_interpolation: 0, interpolation_duration: 1 }
$data merge entity $(bone_leg_low2) { transformation: [-0.9996041752855074f,-0.02624934011169914f,0.010122494528580071f,-0.813658459087117f,-0.017514174541662608f,0.8621937289110919f,0.506275841332085f,-0.5441169324612888f,-0.022016958052941106f,0.5058981577057647f,-0.862312186848828f,-0.2243019076094887f,0f,0f,0f,1f], start_interpolation: 0, interpolation_duration: 1 }
$data merge entity $(bone_bone3) { transformation: [-0.9996041752855074f,-0.005809958120863483f,-0.027527025600573036f,-0.8174397421921652f,-0.017514174541662608f,-0.6372073831529933f,0.7704933513959988f,-0.8826030902240248f,-0.022016958052941106f,0.7706704842161454f,0.6368534041018756f,0.21663511935819468f,0f,0f,0f,1f], start_interpolation: 0, interpolation_duration: 1 }
$data merge entity $(bone_leg2) { transformation: [-0.9996041752855074f,-0.013478605886367435f,0.02469453249488178f,-0.8378080545046167f,-0.017514174541662608f,0.9850648655695051f,-0.17129058441915856f,-0.1905768750000001f,-0.022016958052941106f,-0.17165528772482566f,-0.9849110192064064f,0.12880428073170708f,0f,0f,0f,1f], start_interpolation: 0, interpolation_duration: 1 }
$data merge entity $(bone_hips) { transformation: [-0.9993908270190958f,0f,0.034899496702501094f,-0.014500000000000013f,0f,1f,0f,0.20612937499999995f,-0.034899496702501094f,0f,-0.9993908270190958f,0.125f,0f,0f,0f,1f], start_interpolation: 0, interpolation_duration: 1 }