# This file was generated by Animated Java via MC-Build. It is not recommended to edit this file directly.
$data merge entity $(bone_foot) { transformation: [-0.9998707254727364f,0.016077431016659316f,-0.0002203509216607923f,0.7491076798255403f,0.01583681796646736f,0.9870911003301851f,0.1593748877509911f,-1.6718121664971686f,0.0027798451973253045f,0.15935079498028448f,-0.9872181099432029f,-0.3451303412146922f,0f,0f,0f,1f], start_interpolation: 0, interpolation_duration: 1 }
$data merge entity $(bone_leg_low) { transformation: [-0.9996508267081402f,0.02641334117723012f,-0.0007483779706975646f,0.8090588797546945f,0.02521389466965532f,0.9619630957874575f,0.2720133486772256f,-0.5299628412467601f,0.007904693372883784f,0.27189949935751206f,-0.9622931871689702f,-0.26664241934645977f,0f,0f,0f,1f], start_interpolation: 0, interpolation_duration: 1 }
$data merge entity $(bone_bone4) { transformation: [-0.9996508267081402f,-0.006546359475232933f,0.02560019217413834f,0.8038234526649842f,0.02521389466965532f,-0.5261390402910258f,0.8500246877574944f,-0.8753312276650116f,0.007904693372883784f,0.8503733623881097f,0.5261203858086297f,0.17290443403288314f,0f,0f,0f,1f], start_interpolation: 0, interpolation_duration: 1 }
$data merge entity $(bone_leg) { transformation: [-0.9996508267081402f,0.022191525604009762f,-0.014344366598019064f,0.8299287668466022f,0.02521389466965532f,0.9634824877873251f,-0.2665816108487874f,-0.195326875f,0.007904693372883784f,-0.2668502050186834f,-0.9637056002245538f,0.018172408111629134f,0f,0f,0f,1f], start_interpolation: 0, interpolation_duration: 1 }
$data merge entity $(bone_foot2) { transformation: [-0.9999781231463202f,-0.0049006247287089215f,-0.004442646286986541f,-0.9292612816445518f,-0.004772131962985176f,0.9995828039626072f,-0.028485869809078197f,-2.1326081391935547f,0.004580391390565233f,-0.028464045733526202f,-0.9995843226637706f,-0.13734299690890234f,0f,0f,0f,1f], start_interpolation: 0, interpolation_duration: 1 }
$data merge entity $(bone_leg_low2) { transformation: [-0.9967878865155888f,0.07992778826209956f,0.005045588103941623f,-0.8688704596048916f,0.0800202211854138f,0.99654967607262f,0.02203423066489285f,-1.0075151175392312f,-0.003267031867477073f,0.02236720329154329f,-0.9997444847158157f,-0.34732638450199416f,0f,0f,0f,1f], start_interpolation: 0, interpolation_duration: 1 }
$data merge entity $(bone_bone3) { transformation: [-0.9967878865155888f,0.04453543612032603f,0.0665620329118486f,-0.8593826012958976f,0.0800202211854138f,0.5877458559339122f,0.8050786129527665f,-0.8654913650796712f,-0.003267031867477073f,0.8078189176802467f,-0.5894216849935975f,0.2365031988586077f,0f,0f,0f,1f], start_interpolation: 0, interpolation_duration: 1 }
$data merge entity $(bone_leg2) { transformation: [-0.9967878865155888f,0.07694324826730309f,-0.022218142178449966f,-0.8151681387597283f,0.0800202211854138f,0.9455467880138314f,-0.3154964910710799f,-0.195326875f,-0.003267031867477073f,-0.3162609811892746f,-0.9486666001709844f,0.04688768141219727f,0f,0f,0f,1f], start_interpolation: 0, interpolation_duration: 1 }
$data merge entity $(bone_hips) { transformation: [-0.9998476951563913f,0f,-0.01745240643728339f,0.006812500000000006f,0f,1f,0f,0.20137937500000003f,0.01745240643728339f,0f,-0.9998476951563913f,6.938893903907228e-18f,0f,0f,0f,1f], start_interpolation: 0, interpolation_duration: 1 }