# This file was generated by Animated Java via MC-Build. It is not recommended to edit this file directly.
$data merge entity $(bone_foot) { transformation: [-0.9996705182546646f,0.018399769759521213f,-0.017897022245252112f,0.749648091410634f,0.01436768764021182f,0.9788946656715365f,0.2038597632483785f,-1.6370586106689298f,0.021270272314282763f,0.20353545635247f,-0.9788364998931478f,-0.5234151162117644f,0f,0f,0f,1f], start_interpolation: 0, interpolation_duration: 1 }
$data merge entity $(bone_leg_low) { transformation: [-0.9993662045473604f,0.03160658795731393f,-0.016377203860855474f,0.8117408418804334f,0.0228181022720242f,0.9218929014405864f,0.3867723005621801f,-0.5130973064818176f,0.027322580721939205f,0.38615346932424993f,-0.9220298122683122f,-0.30793922694325404f,0f,0f,0f,1f], start_interpolation: 0, interpolation_duration: 1 }
$data merge entity $(bone_bone4) { transformation: [-0.9993662045473604f,0.010412918182082537f,0.034040569083619854f,0.8149983064047669f,0.0228181022720242f,-0.5465827451794203f,0.8370941624935828f,-0.8788835566211387f,0.027322580721939205f,0.8373403572067111f,0.5459987204890052f,0.11668932998490034f,0f,0f,0f,1f], start_interpolation: 0, interpolation_duration: 1 }
$data merge entity $(bone_leg) { transformation: [-0.9993662045473604f,0.016669161603391436f,-0.03145358898509773f,0.8378080545046167f,0.0228181022720242f,0.9781576265855418f,-0.20660830516037618f,-0.19057687499999998f,0.027322580721939205f,-0.2071950689663721f,-0.9779180333641022f,0.003804280731707254f,0f,0f,0f,1f], start_interpolation: 0, interpolation_duration: 1 }
$data merge entity $(bone_foot2) { transformation: [-0.9994719732609064f,-0.0076031721988405725f,-0.03159060680747876f,-0.9066852732079983f,-0.006715602201604112f,0.9995823406743013f,-0.028107737353878864f,-2.137826189736545f,0.03179112066316246f,-0.027880745768354382f,-0.9991055943504572f,0.01992537153932794f,0f,0f,0f,1f], start_interpolation: 0, interpolation_duration: 1 }
$data merge entity $(bone_leg_low2) { transformation: [-0.9972474415689627f,0.07071070377932812f,-0.022305529699838834f,-0.8630721699984452f,0.07179382811047424f,0.996051818768893f,-0.05221513738777156f,-1.0309929581152333f,0.01852529431350439f,-0.05367281153631048f,-0.9983867200500944f,-0.2743406245154471f,0f,0f,0f,1f], start_interpolation: 0, interpolation_duration: 1 }
$data merge entity $(bone_bone3) { transformation: [-0.9972474415689627f,0.059518617856340425f,0.04421622340984352f,-0.8394272508056836f,0.07179382811047424f,0.6261325641056905f,0.7764043137513321f,-0.8485541943772972f,0.01852529431350439f,0.7774416674548028f,-0.6286821670571656f,0.2914726764347349f,0f,0f,0f,1f], start_interpolation: 0, interpolation_duration: 1 }
$data merge entity $(bone_leg2) { transformation: [-0.9972474415689627f,0.05968752569597853f,-0.04398794789996667f,-0.8065371442541849f,0.07179382811047424f,0.9255576359566162f,-0.3717374191114524f,-0.19057687499999998f,0.01852529431350439f,-0.3738722533148079f,-0.9272951804425095f,0.06122608038242532f,0f,0f,0f,1f], start_interpolation: 0, interpolation_duration: 1 }
$data merge entity $(bone_hips) { transformation: [-0.9993908270190958f,0f,-0.03489949670250088f,0.014500000000000013f,0f,1f,0f,0.20612937500000006f,0.03489949670250088f,0f,-0.9993908270190958f,6.938893903907228e-18f,0f,0f,0f,1f], start_interpolation: 0, interpolation_duration: 1 }