# This file was generated by Animated Java via MC-Build. It is not recommended to edit this file directly.
$data merge entity $(bone_foot) { transformation: [-0.9991171506135238f,0.022095972813671753f,-0.03573076175133455f,0.7445350919946988f,0.01289589445821063f,0.97075689582221f,0.23971805338720167f,-1.5975562689799376f,0.03998268695367841f,0.23904563831838496f,-0.9701848110256723f,-0.5713805796869573f,0f,0f,0f,1f], start_interpolation: 0, interpolation_duration: 1 }
$data merge entity $(bone_leg_low) { transformation: [-0.9987090738295298f,0.0403366823970373f,-0.030872931570607873f,0.8129903438523696f,0.02024634432066595f,0.873529241888216f,0.48635043858091404f,-0.5043452909166755f,0.046586171684437995f,0.48509753206896333f,-0.8732182504897551f,-0.23407060686963738f,0f,0f,0f,1f], start_interpolation: 0, interpolation_duration: 1 }
$data merge entity $(bone_bone4) { transformation: [-0.9987090738295298f,0.0282469921416725f,0.042217215511106215f,0.8250369153611564f,0.02024634432066595f,-0.5408828976916765f,0.8408541945702028f,-0.8774246769197762f,0.046586171684437995f,0.8406234581663798f,0.539612759474963f,0.1863226831174276f,0f,0f,0f,1f], start_interpolation: 0, interpolation_duration: 1 }
$data merge entity $(bone_leg) { transformation: [-0.9987090738295298f,0.013116047124392304f,-0.04907295750608084f,0.8459365545536647f,0.02024634432066595f,0.9888165308157575f,-0.1477564006300207f,-0.18357687500000008f,0.046586171684437995f,-0.14855920602009445f,-0.9878055936845402f,0.11443499453102168f,0f,0f,0f,1f], start_interpolation: 0, interpolation_duration: 1 }
$data merge entity $(bone_foot2) { transformation: [-0.9982116778380971f,-0.010378776696123469f,-0.05887042739732014f,-0.8694996867184674f,-0.008876175371182642f,0.9996295679969686f,-0.025728200422381053f,-2.1355128195486395f,0.059115647153957014f,-0.02515964587362486f,-0.997934032128919f,0.31615455146209565f,0f,0f,0f,1f], start_interpolation: 0, interpolation_duration: 1 }
$data merge entity $(bone_leg_low2) { transformation: [-0.9973104738737578f,0.054222063052279605f,-0.0493131481458574f,-0.8507253657444065f,0.06027968542318825f,0.9895411380655854f,-0.13105226286160587f,-1.05486038261849f,0.0416914646778226f,-0.1336723754341959f,-0.9901482302255541f,-0.06517498746171396f,0f,0f,0f,1f], start_interpolation: 0, interpolation_duration: 1 }
$data merge entity $(bone_bone3) { transformation: [-0.9973104738737578f,0.0712886852979905f,0.017021811013659422f,-0.8143381389447206f,0.06027968542318825f,0.6657033489372624f,0.743777796616029f,-0.8255451554808851f,0.0416914646778226f,0.7428034562131476f,-0.6682101819119641f,0.4736958059142648f,0f,0f,0f,1f], start_interpolation: 0, interpolation_duration: 1 }
$data merge entity $(bone_leg2) { transformation: [-0.9973104738737578f,0.03623262151402214f,-0.06371040605679958f,-0.7971560538809365f,0.06027968542318825f,0.8999553538990381f,-0.431794766658581f,-0.18357687500000008f,0.0416914646778226f,-0.43447388658776553f,-0.8997189914891978f,0.20054582929545844f,0f,0f,0f,1f], start_interpolation: 0, interpolation_duration: 1 }
$data merge entity $(bone_hips) { transformation: [-0.9986295347545738f,0f,-0.052335956242943675f,0.02268749999999997f,0f,1f,0f,0.21312937499999995f,0.052335956242943675f,0f,-0.9986295347545738f,0.125f,0f,0f,0f,1f], start_interpolation: 0, interpolation_duration: 1 }