# This file was generated by Animated Java via MC-Build. It is not recommended to edit this file directly.
$data merge entity $(bone_foot) { transformation: [-0.9968912011275587f,0.02818000090553222f,-0.07357866989432074f,0.7202733548743748f,0.00942940239996529f,0.9698113948884668f,0.24367384905825612f,-1.560130847141151f,0.07822416177136543f,0.24222251318457266f,-0.9670621668857265f,-0.9797768421808568f,0f,0f,0f,1f], start_interpolation: 0, interpolation_duration: 1 }
$data merge entity $(bone_leg_low) { transformation: [-0.9963164709359619f,0.06266945940929206f,-0.058532286808715445f,0.8071976101131675f,0.014702667173880059f,0.7973055207166777f,0.6033968331145612f,-0.524714653419041f,0.08448266875332917f,0.6003136226107605f,-0.7952900308618616f,-0.49611181196247117f,0f,0f,0f,1f], start_interpolation: 0, interpolation_duration: 1 }
$data merge entity $(bone_bone4) { transformation: [-0.9963164709359619f,0.07003227887466337f,0.049487065555880436f,0.8406052840577757f,0.014702667173880059f,-0.429038589473128f,0.9031664964561532f,-0.8633797680229198f,0.08448266875332917f,0.9005672482710716f,0.42642855207148733f,-0.04319174167186245f,0f,0f,0f,1f], start_interpolation: 0, interpolation_duration: 1 }
$data merge entity $(bone_leg) { transformation: [-0.9963164709359619f,0.011383124078464892f,-0.08499361286546715f,0.8614413400995492f,0.014702667173880059f,0.9991491524182673f,-0.038533138982337393f,-0.16582687500000004f,0.08448266875332917f,-0.039640833846833916f,-0.9956361197607502f,-0.0392895472178362f,0f,0f,0f,1f], start_interpolation: 0, interpolation_duration: 1 }
$data merge entity $(bone_foot2) { transformation: [-0.9938595586713509f,-0.01600975335540401f,-0.1094845442749193f,-0.7579581116353555f,-0.014171749924185972f,0.9997456276015526f,-0.01754541523202252f,-2.0985393174009896f,0.109737592199182f,-0.01588609105717581f,-0.9938336344525927f,0.5392548943539414f,0f,0f,0f,1f], start_interpolation: 0, interpolation_duration: 1 }
$data merge entity $(bone_leg_low2) { transformation: [-0.9954225799263194f,0.003910530309018723f,-0.09549133534270197f,-0.806395598779635f,0.03125008406208545f,0.9575572502759181f,-0.28654414091049835f,-1.0911821771132466f,0.09031788094803106f,-0.2882166202645593f,-0.953296312897691f,-0.0052263115452163555f,0f,0f,0f,1f], start_interpolation: 0, interpolation_duration: 1 }
$data merge entity $(bone_bone3) { transformation: [-0.9954225799263194f,0.08393021770428066f,-0.045712207657716206f,-0.7540265256972724f,0.03125008406208545f,0.7378512603223958f,0.6742395345029575f,-0.7660055532329445f,0.09031788094803106f,0.6697247465912876f,-0.7370966315106136f,0.45943872005421726f,0f,0f,0f,1f], start_interpolation: 0, interpolation_duration: 1 }
$data merge entity $(bone_leg2) { transformation: [-0.9954225799263194f,-0.023677044661038312f,-0.09259203491094314f,-0.7776451159189591f,0.03125008406208545f,0.8349340555401299f,-0.5494620597870467f,-0.16582687500000004f,0.09031788094803106f,-0.549840449999298f,-0.8303723019981019f,0.1041119362226661f,0f,0f,0f,1f], start_interpolation: 0, interpolation_duration: 1 }
$data merge entity $(bone_hips) { transformation: [-0.9961946980917455f,0f,-0.08715574274765805f,0.0390625f,0f,1f,0f,0.230879375f,0.08715574274765805f,0f,-0.9961946980917455f,6.938893903907228e-18f,0f,0f,0f,1f], start_interpolation: 0, interpolation_duration: 1 }