# This file was generated by Animated Java via MC-Build. It is not recommended to edit this file directly.
$data merge entity $(bone_foot) { transformation: [-0.995198046551209f,0.027062733102944443f,-0.0940662352688583f,0.7042832212502146f,0.007378471612375848f,0.9790259290162358f,0.20360203454426046f,-1.5851963127352413f,0.09760331089324156f,0.20193028200568536f,-0.9745243736878937f,-0.9512066550780649f,0f,0f,0f,1f], start_interpolation: 0, interpolation_duration: 1 }
$data merge entity $(bone_leg_low) { transformation: [-0.994608021681472f,0.0728832020812668f,-0.0737761618766495f,0.7990257349226704f,0.01179463862186931f,0.7862814056388119f,0.6177559693329024f,-0.5586784067910839f,0.10303285741280725f,0.6135548793718745f,-0.7829014243774989f,-0.4503481653766327f,0f,0f,0f,1f], start_interpolation: 0, interpolation_duration: 1 }
$data merge entity $(bone_bone4) { transformation: [-0.994608021681472f,0.09389528113685248f,0.04402907433843911f,0.8457499155032799f,0.01179463862186931f,-0.31938532182666973f,0.9475515303673222f,-0.8531147422062983f,0.10303285741280725f,0.9429616600805708f,0.3165557421868162f,0.03440025604421745f,0f,0f,0f,1f], start_interpolation: 0, interpolation_duration: 1 }
$data merge entity $(bone_leg) { transformation: [-0.994608021681472f,0.012697084072211196f,-0.10292554232517584f,0.8680678906721381f,0.01179463862186931f,0.9998865211804682f,0.009371833406584108f,-0.15657687500000006f,0.10303285741280725f,0.008107331107365586f,-0.9946449122554579f,0.07136394700766917f,0f,0f,0f,1f], start_interpolation: 0, interpolation_duration: 1 }
$data merge entity $(bone_foot2) { transformation: [-0.9911065237568037f,-0.019060213504654186f,-0.13169877306892794f,-0.690427404324611f,-0.017520939181587182f,0.9997640879201004f,-0.012836868601204698f,-2.0653655139280285f,0.1319123771937232f,-0.010415218022032657f,-0.9912066625969855f,0.822824694792052f,0f,0f,0f,1f], start_interpolation: 0, interpolation_duration: 1 }
$data merge entity $(bone_leg_low2) { transformation: [-0.9932593753277759f,-0.026278779352031767f,-0.11289481422653411f,-0.7767416426731778f,0.015680229225321658f,0.9345474584858926f,-0.3554928666640161f,-1.1004900588370314f,0.11484748031592938f,-0.3548668392416032f,-0.9278359675458567f,0.21033829474042565f,0f,0f,0f,1f], start_interpolation: 0, interpolation_duration: 1 }
$data merge entity $(bone_bone3) { transformation: [-0.9932593753277759f,0.08573542633860468f,-0.07800801237061555f,-0.7220127906303891f,0.015680229225321658f,0.7661845835938139f,0.642429229000841f,-0.7333324886058796f,0.11484748031592938f,0.6368756711742969f,-0.7623643720238837f,0.6335328689330009f,0f,0f,0f,1f], start_interpolation: 0, interpolation_duration: 1 }
$data merge entity $(bone_leg2) { transformation: [-0.9932593753277759f,-0.05658148207145837f,-0.10116496038685358f,-0.768266223567312f,0.015680229225321658f,0.7991559783626785f,-0.6009191731494606f,-0.15657687500000006f,0.11484748031592938f,-0.5984548923133532f,-0.7928819572491826f,0.2433495927239444f,0f,0f,0f,1f], start_interpolation: 0, interpolation_duration: 1 }
$data merge entity $(bone_hips) { transformation: [-0.9945218953682733f,0f,-0.10452846326765333f,0.04649999999999999f,0f,1f,0f,0.24012937499999998f,0.10452846326765333f,0f,-0.9945218953682733f,0.125f,0f,0f,0f,1f], start_interpolation: 0, interpolation_duration: 1 }