# This file was generated by Animated Java via MC-Build. It is not recommended to edit this file directly.
$data merge entity $(bone_foot) { transformation: [-0.9931242616032249f,0.02258783979650881f,-0.1148650969980737f,0.6876753405691365f,0.005290679469107648f,0.9888660971070058f,0.14871398960122384f,-1.6316835495231383f,0.11694532793491495f,0.14708375670238039f,-0.9821864175341204f,-1.019833257331808f,0f,0f,0f,1f], start_interpolation: 0, interpolation_duration: 1 }
$data merge entity $(bone_leg_low) { transformation: [-0.9925809908591109f,0.0814593543111445f,-0.09026267323959004f,0.7880980414563543f,0.008838414843879152f,0.7887590230648226f,0.6146389883149899f,-0.6030297353191467f,0.12126359308627252f,0.609281197091325f,-0.7836271842290621f,-0.5244939862286079f,0f,0f,0f,1f], start_interpolation: 0, interpolation_duration: 1 }
$data merge entity $(bone_bone4) { transformation: [-0.9925809908591109f,0.11735910855158933f,0.03177760571726344f,0.848979366484309f,0.008838414843879152f,-0.19102334702283452f,0.9815457010833685f,-0.8424170182846045f,0.12126359308627252f,0.9745444682169048f,0.1885688745780621f,-0.008713046175454792f,0f,0f,0f,1f], start_interpolation: 0, interpolation_duration: 1 }
$data merge entity $(bone_leg) { transformation: [-0.9925809908591109f,0.014978875839509118f,-0.12065906457340929f,0.8734441837065214f,0.008838414843879152f,0.9986459048410209f,0.05126635512015778f,-0.148076875f,0.12126359308627252f,0.04981957469552706f,-0.9913693312630584f,0.0570337792945001f,0f,0f,0f,1f], start_interpolation: 0, interpolation_duration: 1 }
$data merge entity $(bone_foot2) { transformation: [-0.9881575855729823f,-0.022301010713369623f,-0.15181321087354746f,-0.6214102983481721f,-0.02128080454268066f,0.9997387367141775f,-0.008341802632331308f,-2.027575744273663f,0.15195957828511583f,-0.00501230828089394f,-0.9883739997253606f,0.9596927491573826f,0f,0f,0f,1f], start_interpolation: 0, interpolation_duration: 1 }
$data merge entity $(bone_leg_low2) { transformation: [-0.9903054756173466f,-0.05686881239285031f,-0.12673201308007181f,-0.7451883390718493f,0.0007104100441446513f,0.9102682018078432f,-0.4140184731326429f,-1.1041374714006622f,0.13890486053363962f,-0.4100947926449962f,-0.9014031843551407f,0.29222354787923366f,0f,0f,0f,1f], start_interpolation: 0, interpolation_duration: 1 }
$data merge entity $(bone_bone3) { transformation: [-0.9903054756173466f,0.08621248720527672f,-0.1089149760693207f,-0.691043427490759f,0.0007104100441446513f,0.7872205693274504f,0.6166711202459005f,-0.7022136869271449f,0.13890486053363962f,0.6106154127416412f,-0.7796500865404205f,0.6761875900099539f,0f,0f,0f,1f], start_interpolation: 0, interpolation_duration: 1 }
$data merge entity $(bone_leg2) { transformation: [-0.9903054756173466f,-0.08893607156772751f,-0.10670257792762437f,-0.7596391455311486f,0.0007104100441446513f,0.7649074085228936f,-0.6441398541499822f,-0.148076875f,0.13890486053363962f,-0.6379710272111823f,-0.7574288139219678f,0.25755119879280075f,0f,0f,0f,1f], start_interpolation: 0, interpolation_duration: 1 }
$data merge entity $(bone_hips) { transformation: [-0.992546151641322f,0f,-0.12186934340514734f,0.0529375f,0f,1f,0f,0.24862937500000004f,0.12186934340514734f,0f,-0.992546151641322f,0.125f,0f,0f,0f,1f], start_interpolation: 0, interpolation_duration: 1 }