# This file was generated by Animated Java via MC-Build. It is not recommended to edit this file directly.
$data merge entity $(bone_foot) { transformation: [-0.9906860157949477f,0.015417884798077063f,-0.1352904539747204f,0.6714548282599128f,0.0033024728126050716f,0.995997297114252f,0.08932232539755403f,-1.68825055962188f,0.13612608780705748f,0.08804358562358627f,-0.9867715111660287f,-1.1888763329704193f,0f,0f,0f,1f], start_interpolation: 0, interpolation_duration: 1 }
$data merge entity $(bone_leg_low) { transformation: [-0.9902560055721533f,0.0883157066994711f,-0.10767255629201213f,0.7754031250424596f,0.005865941264007322f,0.7989494405246858f,0.6013695887042999f,-0.6511977325730645f,0.13913530882335634f,0.5948782458919344f,-0.7916825363762704f,-0.7121263279017038f,0f,0f,0f,1f], start_interpolation: 0, interpolation_duration: 1 }
$data merge entity $(bone_bone4) { transformation: [-0.9902560055721533f,0.138523800311129f,0.014289862688143048f,0.8502440173597978f,0.005865941264007322f,-0.0610306313149915f,0.9981186566608105f,-0.832658645641776f,0.13913530882335634f,0.9884768175271771f,0.059623376707238065f,-0.1718171657404334f,0f,0f,0f,1f], start_interpolation: 0, interpolation_duration: 1 }
$data merge entity $(bone_leg) { transformation: [-0.9902560055721533f,0.01776527132831274f,-0.1381211010776954f,0.8771955424566211f,0.005865941264007322f,0.9962704792074613f,0.08608555623809787f,-0.1410768750000001f,0.13913530882335634f,0.08443652879155396f,-0.9866670352475867f,-0.08227568524943854f,0f,0f,0f,1f], start_interpolation: 0, interpolation_duration: 1 }
$data merge entity $(bone_foot2) { transformation: [-0.9850781108291367f,-0.0255329278939799f,-0.17020336412204146f,-0.5564415098207118f,-0.02513530731006463f,0.9996739710274862f,-0.004490877037407137f,-1.9914256494973264f,0.1702625381336953f,-0.0001457508055602852f,-0.985398724813958f,0.942409849173372f,0f,0f,0f,1f], start_interpolation: 0, interpolation_duration: 1 }
$data merge entity $(bone_leg_low2) { transformation: [-0.9867023497764f,-0.0855511153814236f,-0.13820086686676486f,-0.7149677022429801f,-0.012681995237819486f,0.8882000568667813f,-0.45928185896966844f,-1.1037800529530164f,0.1620420931194079f,-0.4514218267195778f,-0.8774740420198426f,0.23492902040233987f,0f,0f,0f,1f], start_interpolation: 0, interpolation_duration: 1 }
$data merge entity $(bone_bone3) { transformation: [-0.9867023497764f,0.08727627217825815f,-0.13711792465027145f,-0.6627779392274796f,-0.012681995237819486f,0.799696357341504f,0.6002706914813659f,-0.6757510494781613f,0.1620420931194079f,0.5940274306540028f,-0.7879554376283501f,0.5862206045183109f,0f,0f,0f,1f], start_interpolation: 0, interpolation_duration: 1 }
$data merge entity $(bone_leg2) { transformation: [-0.9867023497764f,-0.11896888836293248f,-0.11074690310531952f,-0.7521395487771498f,-0.012681995237819486f,0.735635246604786f,-0.6772591460803639f,-0.1410768750000001f,0.1620420931194079f,-0.6668486991472681f,-0.7273617892789511f,0.14671242848245253f,0f,0f,0f,1f], start_interpolation: 0, interpolation_duration: 1 }
$data merge entity $(bone_hips) { transformation: [-0.9902680687415704f,0f,-0.13917310096006533f,0.05799999999999999f,0f,1f,0f,0.25562937499999994f,0.13917310096006533f,0f,-0.9902680687415704f,6.938893903907228e-18f,0f,0f,0f,1f], start_interpolation: 0, interpolation_duration: 1 }