# This file was generated by Animated Java via MC-Build. It is not recommended to edit this file directly.
$data merge entity $(bone_foot) { transformation: [-0.9879058816707887f,0.007104660772399657f,-0.15489187440137347f,0.6556662946280745f,0.0015197805462418936f,0.9993453903176439f,0.03614527794840444f,-1.7415255983976325f,0.15504728061901954f,0.03547273102236803f,-0.9872699864406199f,-1.0900248569420663f,0f,0f,0f,1f], start_interpolation: 0, interpolation_duration: 1 }
$data merge entity $(bone_leg_low) { transformation: [-0.9876563378758975f,0.09397266203837881f,-0.12531598877633995f,0.7617319808286197f,0.002909158000746029f,0.8109108951866676f,0.5851624192198985f,-0.6947787496571979f,0.15660937089873583f,0.5775748080179556f,-0.8011746664053502f,-0.6354420958415922f,0f,0f,0f,1f], start_interpolation: 0, interpolation_duration: 1 }
$data merge entity $(bone_bone4) { transformation: [-0.9876563378758975f,0.15654738759882902f,-0.005279553916110336f,0.8495403647203156f,0.002909158000746029f,0.05203298596899705f,0.998641129320677f,-0.825214558410871f,0.15660937089873583f,0.9862988815805949f,-0.05184612945601659f,-0.07925593184624269f,0f,0f,0f,1f], start_interpolation: 0, interpolation_duration: 1 }
$data merge entity $(bone_leg) { transformation: [-0.9876563378758975f,0.020524746839057452f,-0.1552858429502307f,0.8789473663087631f,0.002909158000746029f,0.99361044827115f,0.1128264768843342f,-0.13632687500000007f,0.15660937089873583f,0.11098203392259987f,-0.9814053663461929f,0.028439912177372295f,0f,0f,0f,1f], start_interpolation: 0, interpolation_duration: 1 }
$data merge entity $(bone_foot2) { transformation: [-0.9818739556989029f,-0.028361626489668876f,-0.18740104925813367f,-0.5013050172807514f,-0.02854551438281989f,0.9995910176385919f,-0.0017178663697395846f,-1.9639033126434797f,0.18737312701881548f,0.003662731099135119f,-0.9822819837867772f,1.1394085049355027f,0f,0f,0f,1f], start_interpolation: 0, interpolation_duration: 1 }
$data merge entity $(bone_leg_low2) { transformation: [-0.9826766180680702f,-0.1100763032188675f,-0.1490968536622023f,-0.6897702809700856f,-0.023523184890736838f,0.8720760953818893f,-0.4888046068073355f,-1.1016076293686015f,0.1838296060891619f,-0.47682962505820237f,-0.8595581333405891f,0.40831249153167215f,0f,0f,0f,1f], start_interpolation: 0, interpolation_duration: 1 }
$data merge entity $(bone_bone3) { transformation: [-0.9826766180680702f,0.09115103289043178f,-0.16136342059248637f,-0.6387866720693547f,-0.023523184890736838f,0.8023007809479162f,0.5964562990387141f,-0.6571918690754437f,0.1838296060891619f,0.5899194403419599f,-0.7862580554956068f,0.737717943446955f,0f,0f,0f,1f], start_interpolation: 0, interpolation_duration: 1 }
$data merge entity $(bone_leg2) { transformation: [-0.9826766180680702f,-0.1450584052797867f,-0.11534610249152492f,-0.7461431756685953f,-0.023523184890736838f,0.7149792653544704f,-0.6987498192384581f,-0.13632687500000007f,0.1838296060891619f,-0.6839318015495894f,-0.7060056421546762f,0.28582896814515335f,0f,0f,0f,1f], start_interpolation: 0, interpolation_duration: 1 }
$data merge entity $(bone_hips) { transformation: [-0.9876883405951378f,0f,-0.15643446504023076f,0.06131249999999998f,0f,1f,0f,0.26037937499999997f,0.15643446504023076f,0f,-0.9876883405951378f,0.125f,0f,0f,0f,1f], start_interpolation: 0, interpolation_duration: 1 }