# This file was generated by Animated Java via MC-Build. It is not recommended to edit this file directly.
$data merge entity $(bone_foot) { transformation: [-0.9954462662986558f,0.014618582570163578f,0.09419675130122532f,0.841695218471934f,0.014271268927231844f,0.9998886555690225f,-0.004359741687219781f,-2.1262605690991663f,-0.09424999626139095f,-0.0029955814146782334f,-0.9955440546237599f,0.2684324421449493f,0f,0f,0f,1f], start_interpolation: 0, interpolation_duration: 1 }
$data merge entity $(bone_leg_low) { transformation: [-0.9937428504769901f,-0.036265587230390965f,0.10564068491211831f,0.8561857322337701f,-0.053466631833404915f,0.9848677691542329f,-0.1648538642603068f,-1.0590007250119153f,-0.098063583486724f,-0.1694706005890091f,-0.9806443030629113f,-0.1490850210068665f,0f,0f,0f,1f], start_interpolation: 0, interpolation_duration: 1 }
$data merge entity $(bone_bone4) { transformation: [-0.9937428504769901f,-0.10872313846874025f,0.0255817569250764f,0.7915084181353456f,-0.053466631833404915f,0.664146522917751f,0.7456880818255395f,-0.8147770797369527f,-0.098063583486724f,0.7396544296208659f,-0.665803918834948f,0.3731761581735694f,0f,0f,0f,1f], start_interpolation: 0, interpolation_duration: 1 }
$data merge entity $(bone_leg) { transformation: [-0.9937428504769901f,-0.0011889612913811715f,0.11168586972806432f,0.7971560538809365f,-0.053466631833404915f,0.8829946845027351f,-0.4663278958204264f,-0.18357687500000008f,-0.098063583486724f,-0.4693814797272714f,-0.877533224489409f,0.07554582929545867f,0f,0f,0f,1f], start_interpolation: 0, interpolation_duration: 1 }
$data merge entity $(bone_foot2) { transformation: [-0.9992288004455664f,-0.01899388782919755f,0.034366212844103725f,-0.7477344114494714f,-0.010050581759702828f,0.9697833752854227f,0.24376051941671073f,-1.6632770870004268f,-0.0379577418507201f,0.24322713098078713f,-0.9692263784010673f,-0.8130825501272374f,0f,0f,0f,1f], start_interpolation: 0, interpolation_duration: 1 }
$data merge entity $(bone_leg_low2) { transformation: [-0.9990242642689695f,-0.03550385704647328f,0.02626776611490599f,-0.8118623653139531f,-0.016605308958353056f,0.8530867852537236f,0.5215047464212238f,-0.5846158154889777f,-0.04092411411675828f,0.5205597112342548f,-0.8528439505111516f,-0.4310461006863347f,0f,0f,0f,1f], start_interpolation: 0, interpolation_duration: 1 }
$data merge entity $(bone_bone3) { transformation: [-0.9990242642689695f,-0.02435219389344049f,-0.03684413188582537f,-0.8262700642271388f,-0.016605308958353056f,-0.5659171178678087f,0.8242948983334728f,-0.8793215183535835f,-0.04092411411675828f,0.8241024125415292f,0.5649605566116891f,0.040248647426771374f,0f,0f,0f,1f], start_interpolation: 0, interpolation_duration: 1 }
$data merge entity $(bone_leg2) { transformation: [-0.9990242642689695f,-0.011644367891623555f,0.042601972938448994f,-0.8459365545536647f,-0.016605308958353056f,0.9928728010285736f,-0.11801637467772097f,-0.18357687500000008f,-0.04092411411675828f,-0.1186086408069796f,-0.9920973778867068f,-0.010565005468978546f,0f,0f,0f,1f], start_interpolation: 0, interpolation_duration: 1 }
$data merge entity $(bone_hips) { transformation: [-0.9986295347545738f,0f,0.05233595624294395f,-0.0226875f,0f,1f,0f,0.21312937499999995f,-0.05233595624294395f,0f,-0.9986295347545738f,0f,0f,0f,0f,1f], start_interpolation: 0, interpolation_duration: 1 }