# This file was generated by Animated Java via MC-Build. It is not recommended to edit this file directly.
$data merge entity $(bone_foot) { transformation: [-0.9872438241725016f,-0.003947442065073317f,-0.15916673438378434f,0.6689570130212867f,-0.0031189680027803542f,0.9999802597894958f,-0.005454545804188415f,-1.7768875917102673f,0.15918512390249565f,-0.004888530707201244f,-0.9872366477170871f,-1.1255944163490783f,0f,0f,0f,1f], start_interpolation: 0, interpolation_duration: 1 }
$data merge entity $(bone_leg_low) { transformation: [-0.9879399767829534f,0.08442907220732668f,-0.12979342834021965f,0.7632774245198608f,-0.007151324439589922f,0.812481674796087f,0.582942867422962f,-0.7285939735239296f,0.1546721074817869f,0.5768407578238167f,-0.8020793472471331f,-0.6719882745570068f,0f,0f,0f,1f], start_interpolation: 0, interpolation_duration: 1 }
$data merge entity $(bone_bone4) { transformation: [-0.9879399767829534f,0.1516884305230668f,-0.03106802728765462f,0.8531847441241902f,-0.007151324439589922f,0.15573424003180714f,0.9877731040276785f,-0.8214163991274802f,0.1546721074817869f,0.9760827150027626f,-0.15277130830093183f,-0.10201329072135232f,0f,0f,0f,1f], start_interpolation: 0, interpolation_duration: 1 }
$data merge entity $(bone_leg) { transformation: [-0.9879399767829534f,0.01534878672221179f,-0.15407471246201881f,0.8789473663087631f,-0.007151324439589922f,0.9894896198723216f,0.144426973670738f,-0.13632687500000007f,0.1546721074817869f,0.14378701927185353f,-0.9774465879300303f,0.028439912177372295f,0f,0f,0f,1f], start_interpolation: 0, interpolation_duration: 1 }
$data merge entity $(bone_foot2) { transformation: [-0.9820664965937144f,-0.03150856166555489f,-0.18588331503907501f,-0.48007996516010815f,-0.031787999034808896f,0.9994935415475743f,-0.0014776745415731596f,-1.9440914771245161f,0.18583573226242325f,0.004457683978900728f,-0.9825707148434832f,1.122116419148161f,0f,0f,0f,1f], start_interpolation: 0, interpolation_duration: 1 }
$data merge entity $(bone_leg_low2) { transformation: [-0.9815319026114195f,-0.12257420037109432f,-0.14686963457227575f,-0.682001248297592f,-0.034942205676346955f,0.8697111068046769f,-0.4923226919034468f,-1.0856230924242474f,0.18808021272446193f,-0.4780984795039314f,-0.8579322103042586f,0.3901094453335823f,0f,0f,0f,1f], start_interpolation: 0, interpolation_duration: 1 }
$data merge entity $(bone_bone3) { transformation: [-0.9815319026114195f,0.09984958712752068f,-0.1631722528693854f,-0.6306279299555977f,-0.034942205676346955f,0.7450430184622968f,0.6661005501446924f,-0.6550139457843482f,0.18808021272446193f,0.6595005387344682f,-0.727794526628545f,0.7382108394956712f,0f,0f,0f,1f], start_interpolation: 0, interpolation_duration: 1 }
$data merge entity $(bone_leg2) { transformation: [-0.9815319026114195f,-0.15652906767853408f,-0.10997170148586359f,-0.7461431756685953f,-0.034942205676346955f,0.71189705640561f,-0.7014140170708737f,-0.13632687500000007f,0.18808021272446193f,-0.6846175808819964f,-0.7042191431144176f,0.28582896814515335f,0f,0f,0f,1f], start_interpolation: 0, interpolation_duration: 1 }
$data merge entity $(bone_hips) { transformation: [-0.9876883405951378f,0f,-0.15643446504023076f,0.06131249999999998f,0f,1f,0f,0.26037937499999997f,0.15643446504023076f,0f,-0.9876883405951378f,0.125f,0f,0f,0f,1f], start_interpolation: 0, interpolation_duration: 1 }