# This file was generated by Animated Java via MC-Build. It is not recommended to edit this file directly.
$data merge entity $(bone_foot) { transformation: [-0.9894289248175544f,-0.007865735115768067f,-0.14480515510667125f,0.7090969763447431f,-0.006557645489527053f,0.9999332902080037f,-0.009508544548451292f,-1.7969773959146327f,0.14487028687764866f,-0.00845844813690827f,-0.9894145009221884f,-1.102581861995155f,0f,0f,0f,1f], start_interpolation: 0, interpolation_duration: 1 }
$data merge entity $(bone_leg_low) { transformation: [-0.9908556182089863f,0.06306024348315722f,-0.11928348400148565f,0.7820147219529787f,-0.016601036590812773f,0.8203679873807457f,0.5715949360036136f,-0.7422191783897699f,0.1339012675361897f,0.5683482831615748f,-0.8118193638855211f,-0.6601539167135078f,0f,0f,0f,1f], start_interpolation: 0, interpolation_duration: 1 }
$data merge entity $(bone_bone4) { transformation: [-0.9908556182089863f,0.12852251091027364f,-0.04107442090895928f,0.8612825889251363f,-0.016601036590812773f,0.18598153676539655f,0.9824129852391467f,-0.8271450300614661f,0.1339012675361897f,0.9741113037901266f,-0.1821472436807697f,-0.0841089278873175f,0f,0f,0f,1f], start_interpolation: 0, interpolation_duration: 1 }
$data merge entity $(bone_leg) { transformation: [-0.9908556182089863f,0.0020700638343050075f,-0.13491055814653521f,0.8771955424566211f,-0.016601036590812773f,0.9904147925411618f,0.13712382834415726f,-0.1410768750000001f,0.1339012675361897f,0.1381095708174105f,-0.9813236963412392f,0.04272431475056149f,0f,0f,0f,1f], start_interpolation: 0, interpolation_duration: 1 }
$data merge entity $(bone_foot2) { transformation: [-0.9853561840061817f,-0.03190957678679306f,-0.1674961777177714f,-0.5109910761160024f,-0.03163952970683325f,0.9994901753326426f,-0.004281305111063893f,-1.9429279843058276f,0.16754739866887194f,0.0010808898238784392f,-0.9858634291201207f,1.0317251821504305f,0f,0f,0f,1f], start_interpolation: 0, interpolation_duration: 1 }
$data merge entity $(bone_leg_low2) { transformation: [-0.9845504986839585f,-0.1122840231511926f,-0.1343600152059791f,-0.6985256114409476f,-0.03699223600229656f,0.8833898747306455f,-0.46717652306052915f,-1.0632736201929656f,0.17114873653263957f,-0.45498860136091007f,-0.873895578782113f,0.3213637392323857f,0f,0f,0f,1f], start_interpolation: 0, interpolation_duration: 1 }
$data merge entity $(bone_bone3) { transformation: [-0.9845504986839585f,0.10379659601759683f,-0.1410197936331219f,-0.6452320955460581f,-0.03699223600229656f,0.6638878931788306f,0.74691662169624f,-0.6713315559777547f,0.17114873653263957f,0.7405937698534424f,-0.6497914881233423f,0.7126548018855987f,0f,0f,0f,1f], start_interpolation: 0, interpolation_duration: 1 }
$data merge entity $(bone_leg2) { transformation: [-0.9845504986839585f,-0.14367471380473923f,-0.10008942079108438f,-0.7521395487771498f,-0.03699223600229656f,0.7293765464965293f,-0.6831115779258514f,-0.1410768750000001f,0.17114873653263957f,-0.6688553132284458f,-0.7234228915021689f,0.27171242848245253f,0f,0f,0f,1f], start_interpolation: 0, interpolation_duration: 1 }
$data merge entity $(bone_hips) { transformation: [-0.9902680687415704f,0f,-0.1391731009600653f,0.05799999999999998f,0f,1f,0f,0.25562937499999994f,0.1391731009600653f,0f,-0.9902680687415704f,0.125f,0f,0f,0f,1f], start_interpolation: 0, interpolation_duration: 1 }