# This file was generated by Animated Java via MC-Build. It is not recommended to edit this file directly.
$data merge entity $(bone_foot) { transformation: [-0.991455310198943f,-0.01115084541482897f,-0.12996932916981724f,0.7553631157954259f,-0.009630479627607727f,0.9998777216568674f,-0.012320535557127144f,-1.8333098318631162f,0.1300908211230137f,-0.010963593425824703f,-0.9914414646759198f,-1.0445993112457885f,0f,0f,0f,1f], start_interpolation: 0, interpolation_duration: 1 }
$data merge entity $(bone_leg_low) { transformation: [-0.9933541937271616f,0.0376479593878642f,-0.10876615723004268f,0.8023331086785539f,-0.02758986042601105f,0.839553147201013f,0.5425765500153388f,-0.7635231773754043f,0.1117418695312275f,0.5419715344728022f,-0.832934937684128f,-0.636035099064275f,0f,0f,0f,1f], start_interpolation: 0, interpolation_duration: 1 }
$data merge entity $(bone_bone4) { transformation: [-0.9933541937271616f,0.10299918925708426f,-0.051367429535104966f,0.869871229313407f,-0.02758986042601105f,0.22019678399744658f,0.9750652162388191f,-0.8370847739756199f,0.1117418695312275f,0.9700023419196291f,-0.21589166557350223f,-0.053802839490470517f,0f,0f,0f,1f], start_interpolation: 0, interpolation_duration: 1 }
$data merge entity $(bone_leg) { transformation: [-0.9933541937271616f,-0.014700996855193271f,-0.11415483562304417f,0.8734441837065214f,-0.02758986042601105f,0.993306775147946f,0.11216260538549024f,-0.148076875f,0.1117418695312275f,0.11456671042083545f,-0.9871110492021729f,0.05703377929450004f,0f,0f,0f,1f], start_interpolation: 0, interpolation_duration: 1 }
$data merge entity $(bone_foot2) { transformation: [-0.988349473677174f,-0.03129262384248253f,-0.14894995661330673f,-0.5495156081743282f,-0.030557593823012128f,0.9995069215783415f,-0.007221300210823511f,-1.9410675683790053f,0.1491024860349447f,-0.0025856159884874996f,-0.9888183671676811f,0.9091456383798422f,0f,0f,0f,1f], start_interpolation: 0, interpolation_duration: 1 }
$data merge entity $(bone_leg_low2) { transformation: [-0.9874822191742328f,-0.09874547438079898f,-0.1229967402171426f,-0.7192876308706808f,-0.0373369872722139f,0.9039663401497502f,-0.4259704276797871f,-1.0286660238389322f,0.1532475650578724f,-0.41604589550382187f,-0.8963375461500293f,0.23663150198014465f,0f,0f,0f,1f], start_interpolation: 0, interpolation_duration: 1 }
$data merge entity $(bone_bone3) { transformation: [-0.9874822191742328f,0.10786385608929527f,-0.11508368852396107f,-0.6632046032289491f,-0.0373369872722139f,0.5490361247420676f,0.8349642406173136f,-0.6958166732170078f,0.1532475650578724f,0.8288092194695715f,-0.5381360994451798f,0.6791089047094816f,0f,0f,0f,1f], start_interpolation: 0, interpolation_duration: 1 }
$data merge entity $(bone_leg2) { transformation: [-0.9874822191742328f,-0.128222886709215f,-0.09185727047266379f,-0.7596391455311486f,-0.0373369872722139f,0.7558395297245556f,-0.6536914828014797f,-0.148076875f,0.1532475650578724f,-0.6420790423536018f,-0.7511655524410812f,0.25755119879280075f,0f,0f,0f,1f], start_interpolation: 0, interpolation_duration: 1 }
$data merge entity $(bone_hips) { transformation: [-0.992546151641322f,0f,-0.12186934340514738f,0.0529375f,0f,1f,0f,0.24862937500000004f,0.12186934340514738f,0f,-0.992546151641322f,0.125f,0f,0f,0f,1f], start_interpolation: 0, interpolation_duration: 1 }