# This file was generated by Animated Java via MC-Build. It is not recommended to edit this file directly.
$data merge entity $(bone_foot) { transformation: [-0.9933921716131181f,-0.013224786359736139f,-0.11400481745747633f,0.8037764572688487f,-0.01170086528357778f,0.9998331665620925f,-0.01402600420769684f,-1.8795462278441524f,0.11417128855096943f,-0.01259936776819004f,-0.9933811820255369f,-0.9567759910556327f,0f,0f,0f,1f], start_interpolation: 0, interpolation_duration: 1 }
$data merge entity $(bone_leg_low) { transformation: [-0.9952882346855046f,0.01026550369288532f,-0.09641550357978297f,0.8230031111503248f,-0.03935737387776297f,0.8660032052088289f,0.4984871569955247f,-0.7901030046860138f,0.08861335688290882f,0.49993306352147404f,-0.8615187780773996f,-0.6013632997764927f,0f,0f,0f,1f], start_interpolation: 0, interpolation_duration: 1 }
$data merge entity $(bone_bone4) { transformation: [-0.9952882346855046f,0.07559637497782629f,-0.060716702700522734f,0.8777064896515876f,-0.03935737387776297f,0.25730985664011113f,0.9655271279447779f,-0.8492409468192184f,0.08861335688290882f,0.9633674406819327f,-0.2531221981887106f,-0.01321139182175593f,0f,0f,0f,1f], start_interpolation: 0, interpolation_duration: 1 }
$data merge entity $(bone_leg) { transformation: [-0.9952882346855046f,-0.03261665976914813f,-0.09130982095106428f,0.8680678906721381f,-0.03935737387776297f,0.9965534031154729f,0.07302268045214327f,-0.15657687500000006f,0.08861335688290882f,0.0762723294811f,-0.9931415834298093f,0.07136394700766915f,0f,0f,0f,1f], start_interpolation: 0, interpolation_duration: 1 }
$data merge entity $(bone_foot2) { transformation: [-0.9910265833614008f,-0.029647683123225f,-0.13033543630361294f,-0.5910676871338627f,-0.028767316720996892f,0.999548858186265f,-0.008632588673597119f,-1.9326952681546907f,0.13053257279201294f,-0.004805724082643903f,-0.9914323741215733f,0.7655500416787622f,0f,0f,0f,1f], start_interpolation: 0, interpolation_duration: 1 }
$data merge entity $(bone_leg_low2) { transformation: [-0.9902391917743066f,-0.08326055751352499f,-0.11177666409722842f,-0.7409229764846837f,-0.03631897993756322f,0.9284020295588683f,-0.36979805733301124f,-0.9796599968196353f,0.13456327422615175f,-0.3621289149923148f,-0.9223640139099238f,0.14680813613829197f,0f,0f,0f,1f], start_interpolation: 0, interpolation_duration: 1 }
$data merge entity $(bone_bone3) { transformation: [-0.9902391917743066f,0.1086810855989345f,-0.08726261918602206f,-0.6834254012749947f,-0.03631897993756322f,0.4032506419280349f,0.9143685534186543f,-0.7254928809135837f,0.13456327422615175f,0.9086128666366468f,-0.39536740357782735f,0.6385280587436363f,0f,0f,0f,1f], start_interpolation: 0, interpolation_duration: 1 }
$data merge entity $(bone_leg2) { transformation: [-0.9902391917743066f,-0.11118541957425018f,-0.08404847142135054f,-0.768266223567312f,-0.03631897993756322f,0.7880311262118609f,-0.6145631585260876f,-0.15657687500000006f,0.13456327422615175f,-0.6055119706458032f,-0.7843774465358966f,0.2433495927239444f,0f,0f,0f,1f], start_interpolation: 0, interpolation_duration: 1 }
$data merge entity $(bone_hips) { transformation: [-0.9945218953682733f,0f,-0.10452846326765335f,0.04649999999999999f,0f,1f,0f,0.24012937499999998f,0.10452846326765335f,0f,-0.9945218953682733f,0.125f,0f,0f,0f,1f], start_interpolation: 0, interpolation_duration: 1 }