# This file was generated by Animated Java via MC-Build. It is not recommended to edit this file directly.
$data merge entity $(bone_foot) { transformation: [-0.9969856274191433f,-0.012620762298858175f,-0.07655308666966171f,0.8918174905597053f,-0.011531194068298691f,0.9998260688691752f,-0.014658225437299f,-1.9761758518472203f,0.07672476968369633f,-0.013731291585541594f,-0.9969577530409082f,-0.7145253020405992f,0f,0f,0f,1f], start_interpolation: 0, interpolation_duration: 1 }
$data merge entity $(bone_leg_low) { transformation: [-0.9972145972240835f,-0.0419951665683049f,-0.0616397036666241f,0.8606740728799515f,-0.06218904086689607f,0.9244073146471355f,0.3763025907736052f,-0.8492613110759846f,0.04117730296248695f,0.3790877505430268f,-0.9244441070767682f,-0.5079627518033115f,0f,0f,0f,1f], start_interpolation: 0, interpolation_duration: 1 }
$data merge entity $(bone_bone4) { transformation: [-0.9972145972240835f,0.017920152626884196f,-0.07240107190531146f,0.8867751007843043f,-0.06218904086689607f,0.3361373536540484f,0.9397575233402012f,-0.8721009744715108f,0.04117730296248695f,0.9416424733455273f,-0.3340866386320368f,0.08964679272906026f,0f,0f,0f,1f], start_interpolation: 0, interpolation_duration: 1 }
$data merge entity $(bone_leg) { transformation: [-0.9972145972240835f,-0.06348934920669048f,-0.039142682847753504f,0.8539392849657031f,-0.06218904086689607f,0.9974990392479919f,-0.033588538154983416f,-0.17507687500000002f,0.04117730296248695f,-0.03106073464430865f,-0.9986689443875238f,0.1000689265333474f,0f,0f,0f,1f], start_interpolation: 0, interpolation_duration: 1 }
$data merge entity $(bone_foot2) { transformation: [-0.9953783024818722f,-0.02395461235292705f,-0.09299576063094073f,-0.6690092246852986f,-0.024039785951697236f,0.9997109816916221f,-0.00020439317480752672f,-1.8876524139665367f,0.09297377931278693f,0.0020321496486042367f,-0.9956664836822133f,0.4558361860185911f,0f,0f,0f,1f], start_interpolation: 0, interpolation_duration: 1 }
$data merge entity $(bone_leg_low2) { transformation: [-0.994918261811044f,-0.05151513194982677f,-0.08650921046387251f,-0.7774713778556633f,-0.03156338550318247f,0.9754659696496143f,-0.21787587005245754f,-0.8459917553846964f,0.09561069506319961f,-0.2140381583637129f,-0.9721348989485987f,-0.00973165599742265f,0f,0f,0f,1f], start_interpolation: 0, interpolation_duration: 1 }
$data merge entity $(bone_bone3) { transformation: [-0.994918261811044f,0.09381248061064208f,-0.036563243791662633f,-0.7263424930657165f,-0.03156338550318247f,0.05423789182559735f,0.9980290595898962f,-0.788939416645844f,0.09561069506319961f,0.9941113969631337f,-0.0510012295688953f,0.5411463196329012f,0f,0f,0f,1f], start_interpolation: 0, interpolation_duration: 1 }
$data merge entity $(bone_leg2) { transformation: [-0.994918261811044f,-0.07614867075764911f,-0.06587133106848383f,-0.7874002312191729f,-0.03156338550318247f,0.8571313476903822f,-0.5141299500146306f,-0.17507687500000002f,0.09561069506319961f,-0.509438153997433f,-0.8551791404385514f,0.21484256621705938f,0f,0f,0f,1f], start_interpolation: 0, interpolation_duration: 1 }
$data merge entity $(bone_hips) { transformation: [-0.9975640502598242f,0f,-0.06975647374412516f,0.030999999999999975f,0f,1f,0f,0.22162937500000002f,0.06975647374412516f,0f,-0.9975640502598242f,0.125f,0f,0f,0f,1f], start_interpolation: 0, interpolation_duration: 1 }