# This file was generated by Animated Java via MC-Build. It is not recommended to edit this file directly.
$data merge entity $(bone_foot) { transformation: [-0.9984539584614568f,-0.010166264531766332f,-0.05464741437723867f,0.9247356896755006f,-0.009417413125387311f,0.9998584366394945f,-0.013943421777022569f,-2.0164060017838352f,0.05478143081987969f,-0.013407227390341059f,-0.9984083538768246f,-0.5736604489970094f,0f,0f,0f,1f], start_interpolation: 0, interpolation_duration: 1 }
$data merge entity $(bone_leg_low) { transformation: [-0.9972655002284957f,-0.06285088432640631f,-0.0388752928400161f,0.875557654557634f,-0.07174001274358312f,0.9496334425840096f,0.30504048140794887f,-0.8776612507405495f,0.0177452141592837f,0.3069952622849926f,-0.9515455933947725f,-0.45359257377526685f,0f,0f,0f,1f], start_interpolation: 0, interpolation_duration: 1 }
$data merge entity $(bone_bone4) { transformation: [-0.9972655002284957f,-0.010559545457750123f,-0.07314381760431993f,0.8863757364350917f,-0.07174001274358312f,0.3759800134454991f,0.9238465240834502f,-0.8795252120207899f,0.0177452141592837f,0.9265676043814871f,-0.3757094381103475f,0.14683856970932727f,0f,0f,0f,1f], start_interpolation: 0, interpolation_duration: 1 }
$data merge entity $(bone_leg) { transformation: [-0.9972655002284957f,-0.07308321098608402f,-0.01097115882538581f,0.8459365545536647f,-0.07174001274358312f,0.9930087328211585f,-0.09373914397127595f,-0.18357687500000008f,0.0177452141592837f,-0.09269574322956042f,-0.9955363411556407f,0.11443499453102168f,0f,0f,0f,1f], start_interpolation: 0, interpolation_duration: 1 }
$data merge entity $(bone_foot2) { transformation: [-0.9970272852877442f,-0.020516600790465023f,-0.07426749951193734f,-0.7007077622248299f,-0.021537340264692437f,0.9996839197229322f,0.012969333896413499f,-1.8539617445987973f,0.0739779383740435f,0.01453030417432799f,-0.9971540176394655f,0.30374057082752887f,0f,0f,0f,1f], start_interpolation: 0, interpolation_duration: 1 }
$data merge entity $(bone_leg_low2) { transformation: [-0.9967202999581142f,-0.03774050480065879f,-0.07158420181016331f,-0.7902711046885994f,-0.028510426654509532f,0.9916408749752273f,-0.125839304870709f,-0.7724394293326997f,0.07573505940701815f,-0.12338569356192333f,-0.9894645882500589f,-0.0648544251980952f,0f,0f,0f,1f], start_interpolation: 0, interpolation_duration: 1 }
$data merge entity $(bone_bone3) { transformation: [-0.9967202999581142f,0.07867446494482672f,-0.018946562143353916f,-0.7469984014951002f,-0.028510426654509532f,-0.12227983209145121f,0.9920860840852797f,-0.8176997660339544f,0.07573505940701815f,0.9893725138840942f,0.12412183348341144f,0.4876029244724622f,0f,0f,0f,1f], start_interpolation: 0, interpolation_duration: 1 }
$data merge entity $(bone_leg2) { transformation: [-0.9967202999581142f,-0.05994740922927118f,-0.054359468155097235f,-0.7971560538809365f,-0.028510426654509532f,0.8888005902494612f,-0.4574064563866444f,-0.18357687500000008f,0.07573505940701815f,-0.4543564887826602f,-0.8875947171303511f,0.20054582929545844f,0f,0f,0f,1f], start_interpolation: 0, interpolation_duration: 1 }
$data merge entity $(bone_hips) { transformation: [-0.9986295347545738f,0f,-0.052335956242943675f,0.02268749999999997f,0f,1f,0f,0.21312937499999995f,0.052335956242943675f,0f,-0.9986295347545738f,0.125f,0f,0f,0f,1f], start_interpolation: 0, interpolation_duration: 1 }