# This file was generated by Animated Java via MC-Build. It is not recommended to edit this file directly.
$data merge entity $(bone_foot) { transformation: [-0.9994959835071198f,-0.00684013433511854f,-0.03099986315152345f,0.9469782639566786f,-0.0064431813732542505f,0.9998962019297961f,-0.012886845236910471f,-2.047391504498144f,0.031084793178128085f,-0.012680612313538508f,-0.9994363099789936f,-0.5549896478554819f,0f,0f,0f,1f], start_interpolation: 0, interpolation_duration: 1 }
$data merge entity $(bone_leg_low) { transformation: [-0.9968588628880216f,-0.07801590482125695f,-0.013635471261427137f,0.8867146445498655f,-0.07904581718687562f,0.9693932073369118f,0.23244046195599088f,-0.9033291651333479f,-0.0049159197369024465f,0.2327881615632032f,-0.9725150413074157f,-0.5223699965683526f,0f,0f,0f,1f], start_interpolation: 0, interpolation_duration: 1 }
$data merge entity $(bone_bone4) { transformation: [-0.9968588628880216f,-0.037391226557941956f,-0.06981621343279285f,0.8821315049770652f,-0.07904581718687562f,0.4150121236705583f,0.9063755821908005f,-0.8829452254044229f,-0.0049159197369024465f,0.9090472118558783f,-0.41666413374586775f,0.07924237465018247f,0f,0f,0f,1f], start_interpolation: 0, interpolation_duration: 1 }
$data merge entity $(bone_leg) { transformation: [-0.9968588628880216f,-0.07734197306227102f,0.01704777652468415f,0.8378080545046167f,-0.07904581718687562f,0.9849745020944815f,-0.1535480022956581f,-0.19057687499999998f,-0.0049159197369024465f,-0.15441324239378992f,-0.9879941215951525f,0.003804280731707254f,0f,0f,0f,1f], start_interpolation: 0, interpolation_duration: 1 }
$data merge entity $(bone_foot2) { transformation: [-0.9983074793378974f,-0.017241411960925688f,-0.05554196982109259f,-0.7258957350983591f,-0.019167544921828063f,0.9992265616413887f,0.03433487632128214f,-1.8173983526765465f,0.05490702978383745f,0.03534136703527031f,-0.9978658255779659f,0.0320522574443477f,0f,0f,0f,1f], start_interpolation: 0, interpolation_duration: 1 }
$data merge entity $(bone_leg_low2) { transformation: [-0.9981138057360188f,-0.02689233098309851f,-0.0551872569843477f,-0.7994834097410416f,-0.025464284280915975f,0.999326588301793f,-0.0264185567198425f,-0.7037984023261356f,0.055860549811308224f,-0.02496342218916142f,-0.9981264581842244f,-0.22882009936487419f,0f,0f,0f,1f], start_interpolation: 0, interpolation_duration: 1 }
$data merge entity $(bone_bone3) { transformation: [-0.9981138057360188f,0.060775382220269014f,-0.00867085434897633f,-0.7658856949943985f,-0.025464284280915975f,-0.2813402612361245f,0.9592701536239151f,-0.8418877997843198f,0.055860549811308224f,0.9576815808626422f,0.2823572004592923f,0.3085536887225601f,0f,0f,0f,1f], start_interpolation: 0, interpolation_duration: 1 }
$data merge entity $(bone_leg2) { transformation: [-0.9981138057360188f,-0.045666927782580094f,-0.04102880093375345f,-0.8065371442541849f,-0.025464284280915975f,0.916086124368607f,-0.4001721916442542f,-0.19057687499999998f,0.055860549811308224f,-0.3983726201010878f,-0.915521083606802f,0.06122608038242532f,0f,0f,0f,1f], start_interpolation: 0, interpolation_duration: 1 }
$data merge entity $(bone_hips) { transformation: [-0.9993908270190958f,0f,-0.03489949670250088f,0.01450000000000002f,0f,1f,0f,0.20612937500000006f,0.03489949670250088f,0f,-0.9993908270190958f,6.938893903907228e-18f,0f,0f,0f,1f], start_interpolation: 0, interpolation_duration: 1 }