# This file was generated by Animated Java via MC-Build. It is not recommended to edit this file directly.
$data merge entity $(bone_foot) { transformation: [-0.9906572181000937f,0.020509677496267822f,0.13482443901304583f,0.716938354339121f,0.020831625841123313f,0.9997825203345443f,0.0009774447924026375f,-2.091729169815868f,-0.13477507036169142f,0.003776925006647114f,-0.9908690202274444f,0.7608988851365684f,0f,0f,0f,1f], start_interpolation: 0, interpolation_duration: 1 }
$data merge entity $(bone_leg_low) { transformation: [-0.9912135455667654f,0.018261086747417096f,0.13100473195944123f,0.7984558692098275f,-0.02571168981426666f,0.9449312665811289f,-0.3262572764618109f,-1.1080326738808133f,-0.12974827972600125f,-0.3267589848010104f,-0.9361591476666543f,0.17842958939527975f,0f,0f,0f,1f], start_interpolation: 0, interpolation_duration: 1 }
$data merge entity $(bone_bone4) { transformation: [-0.9912135455667654f,-0.1033522702137099f,0.08254704916975546f,0.732742412282745f,-0.02571168981426666f,0.762721408681393f,0.6462158785931884f,-0.7492877630802143f,-0.12974827972600125f,0.638415508098561f,-0.7586771532920967f,0.6093573125316809f,0f,0f,0f,1f], start_interpolation: 0, interpolation_duration: 1 }
$data merge entity $(bone_leg) { transformation: [-0.9912135455667654f,0.05555450939097536f,0.12003917515248828f,0.7776451159189591f,-0.02571168981426666f,0.8092857675328815f,-0.5868521581076531f,-0.16582687500000004f,-0.12974827972600125f,-0.584782218398476f,-0.8007466146997441f,0.2291119362226663f,0f,0f,0f,1f], start_interpolation: 0, interpolation_duration: 1 }
$data merge entity $(bone_foot2) { transformation: [-0.9972102802610834f,-0.02442233239107587f,0.07053514458900388f,-0.7167579179504602f,-0.007248305597497628f,0.9721770720626921f,0.2341350093889784f,-1.6717238129670036f,-0.07429077336774172f,0.2329705780483698f,-0.9696419910236104f,-0.9516936305842787f,0f,0f,0f,1f], start_interpolation: 0, interpolation_duration: 1 }
$data merge entity $(bone_leg_low2) { transformation: [-0.9967912709315085f,-0.06013391026085783f,0.052830625885816995f,-0.8021934807952296f,-0.014519476972130702f,0.7848987049261724f,0.6194539593817069f,-0.6464404766205389f,-0.0787168786424095f,0.6166992263996742f,-0.783253290561131f,-0.446649843731482f,0f,0f,0f,1f], start_interpolation: 0, interpolation_duration: 1 }
$data merge entity $(bone_bone3) { transformation: [-0.9967912709315085f,-0.06429902643472098f,-0.04767386489781495f,-0.8394055384075073f,-0.014519476972130702f,-0.44046726926051466f,0.8976512515997743f,-0.8630317670412522f,-0.0787168786424095f,0.8954631315189545f,0.43812034089627f,0.06451684820170381f,0f,0f,0f,1f], start_interpolation: 0, interpolation_duration: 1 }
$data merge entity $(bone_leg2) { transformation: [-0.9967912709315085f,-0.01338095605122884f,0.07891838955467312f,-0.8614413400995492f,-0.014519476972130702f,0.999798378049869f,-0.013870401483261675f,-0.16582687500000004f,-0.0787168786424095f,-0.014971748862647401f,-0.9967845804148406f,0.08571045278216359f,0f,0f,0f,1f], start_interpolation: 0, interpolation_duration: 1 }
$data merge entity $(bone_hips) { transformation: [-0.9961946980917455f,0f,0.0871557427476583f,-0.03906250000000002f,0f,1f,0f,0.230879375f,-0.0871557427476583f,0f,-0.9961946980917455f,0.125f,0f,0f,0f,1f], start_interpolation: 0, interpolation_duration: 1 }