# This file was generated by Animated Java via MC-Build. It is not recommended to edit this file directly.
$data merge entity $(bone_foot) { transformation: [-0.9882186220648141f,0.022968129592876155f,0.1513156304792228f,0.6485701186470273f,0.023710379129471094f,0.9997140549259538f,0.003102628731178614f,-2.056214617312299f,-0.15120110094128483f,0.0066538264563815175f,-0.9884806288782959f,0.9239127544162988f,0f,0f,0f,1f], start_interpolation: 0, interpolation_duration: 1 }
$data merge entity $(bone_leg_low) { transformation: [-0.9893833770214988f,0.04728027590032954f,0.13742310134880306f,0.7640806690220356f,-0.010996745297953636f,0.9185328081553985f,-0.3951917913305001f,-1.1187702270132371f,-0.14491240411499157f,-0.39250739592133316f,-0.9082611624861359f,0.2747365767296591f,0f,0f,0f,1f], start_interpolation: 0, interpolation_duration: 1 }
$data merge entity $(bone_bone4) { transformation: [-0.9893833770214988f,-0.09593516423815834f,0.10916490982056583f,0.7035955942987521f,-0.010996745297953636f,0.7984232030375681f,0.6019962295929122f,-0.7148796687890774f,-0.14491240411499157f,0.5944046038800742f,-0.7910016194798752f,0.6570464709752767f,0f,0f,0f,1f], start_interpolation: 0, interpolation_duration: 1 }
$data merge entity $(bone_leg) { transformation: [-0.9893833770214988f,0.08387754920724506f,0.11868062189136383f,0.7682662235673119f,-0.010996745297953636f,0.7710840699688779f,-0.63663838136974f,-0.15657687500000006f,-0.14491240411499157f,-0.6311845322718362f,-0.7619753810684414f,0.2433495927239446f,0f,0f,0f,1f], start_interpolation: 0, interpolation_duration: 1 }
$data merge entity $(bone_foot2) { transformation: [-0.9956459350515195f,-0.023745419459821275f,0.09014059612662112f,-0.698115429692195f,-0.005760581161250158f,0.9808360350700892f,0.1947498087615785f,-1.7180791722251918f,-0.09303756080245298f,0.19338259322561552f,-0.9767021986855902f,-1.0360727172367523f,0f,0f,0f,1f], start_interpolation: 0, interpolation_duration: 1 }
$data merge entity $(bone_leg_low2) { transformation: [-0.9951379429736325f,-0.07181771829740859f,0.06739947917277657f,-0.7931780251657181f,-0.013010787957625928f,0.7741814208833505f,0.6328300300679149f,-0.701623813305092f,-0.0976278333823361f,0.6288762540417554f,-0.7713517117706294f,-0.5151543089505779f,0f,0f,0f,1f], start_interpolation: 0, interpolation_duration: 1 }
$data merge entity $(bone_bone3) { transformation: [-0.9951379429736325f,-0.08800170358684496f,-0.04422866287850626f,-0.8435470529005445f,-0.013010787957625928f,-0.3276689152376049f,0.9447030228509554f,-0.8519998126618412f,-0.0976278333823361f,0.9406852726352338f,0.3249307987806734f,0.018306683543256763f,0f,0f,0f,1f], start_interpolation: 0, interpolation_duration: 1 }
$data merge entity $(bone_leg2) { transformation: [-0.9951379429736325f,-0.016118618753009274f,0.0971630824114932f,-0.8680678906721382f,-0.013010787957625928f,0.9993859111013945f,0.032534905697683913f,-0.15657687500000006f,-0.0976278333823361f,0.031112550868269015f,-0.9947365557410365f,0.07136394700766896f,0f,0f,0f,1f], start_interpolation: 0, interpolation_duration: 1 }
$data merge entity $(bone_hips) { transformation: [-0.9945218953682733f,0f,0.10452846326765358f,-0.046500000000000034f,0f,1f,0f,0.24012937499999998f,-0.10452846326765358f,0f,-0.9945218953682733f,0.125f,0f,0f,0f,1f], start_interpolation: 0, interpolation_duration: 1 }