# This file was generated by Animated Java via MC-Build. It is not recommended to edit this file directly.
$data merge entity $(bone_foot) { transformation: [-0.9858659494219258f,0.02527408089776262f,0.1656186903860128f,0.5833908861361172f,0.02637106980316848f,0.9996424175016349f,0.0044276188773872405f,-2.016095189510899f,-0.1654475640432371f,0.008732580733112727f,-0.9861799255642443f,1.0568659564394935f,0f,0f,0f,1f], start_interpolation: 0, interpolation_duration: 1 }
$data merge entity $(bone_leg_low) { transformation: [-0.987148330804312f,0.07460542994105887f,0.1413230441703354f,0.7303906307475856f,0.00298525255960674f,0.8927920792268378f,-0.45045908974841997f,-1.1209308590110363f,-0.15977878850903887f,-0.4442480535614416f,-0.881540926814776f,0.35640448118775003f,0f,0f,0f,1f], start_interpolation: 0, interpolation_duration: 1 }
$data merge entity $(bone_bone4) { transformation: [-0.987148330804312f,-0.08864644972466232f,0.13296608568155163f,0.6766058911510262f,0.00298525255960674f,0.821669154386961f,0.5699569185439999f,-0.6839312531077749f,-0.15977878850903887f,0.5630289581187005f,-0.8108447021855384f,0.6968631278902859f,0f,0f,0f,1f], start_interpolation: 0, interpolation_duration: 1 }
$data merge entity $(bone_leg) { transformation: [-0.987148330804312f,0.11011979859415826f,0.11580933877646843f,0.7596391455311486f,0.00298525255960674f,0.7372644263465431f,-0.6755977012328106f,-0.148076875f,-0.15977878850903887f,-0.6665694229421903f,-0.7281180832400053f,0.257551198792801f,0f,0f,0f,1f], start_interpolation: 0, interpolation_duration: 1 }
$data merge entity $(bone_foot2) { transformation: [-0.9936631430218803f,-0.02022227762954909f,0.11056499304640445f,-0.6801676953308702f,-0.004219125903374213f,0.9896995825768502f,0.1430976422720499f,-1.7823574422005188f,-0.11231988771579815f,0.14172436535289729f,-0.9835133182061282f,-1.0867508471925336f,0f,0f,0f,1f], start_interpolation: 0, interpolation_duration: 1 }
$data merge entity $(bone_leg_low2) { transformation: [-0.9931224621407293f,-0.08194607701524903f,0.0836218610971231f,-0.7827134607023907f,-0.010970400984278771f,0.7762156920700026f,0.6303719931013202f,-0.7641363998880288f,-0.11656511267862188f,0.6251192205060547f,-0.7717762205847769f,-0.5707230796999418f,0f,0f,0f,1f], start_interpolation: 0, interpolation_duration: 1 }
$data merge entity $(bone_bone3) { transformation: [-0.9931224621407293f,-0.11212454367573858f,-0.03370255030473314f,-0.8461376239909097f,-0.010970400984278771f,-0.19747552432315463f,0.9802464320748835f,-0.8407930453503448f,-0.11656511267862188f,0.9738744806179092f,0.19488732772404066f,-0.023141441623361098f,0f,0f,0f,1f], start_interpolation: 0, interpolation_duration: 1 }
$data merge entity $(bone_leg2) { transformation: [-0.9931224621407293f,-0.019289558659194482f,0.11548024990564046f,-0.8734441837065214f,-0.010970400984278771f,0.9973264778607711f,0.07224643146947032f,-0.148076875f,-0.11656511267862188f,0.07048268925461222f,-0.9906789414445317f,0.057033779294499876f,0f,0f,0f,1f], start_interpolation: 0, interpolation_duration: 1 }
$data merge entity $(bone_hips) { transformation: [-0.992546151641322f,0f,0.12186934340514759f,-0.05293750000000002f,0f,1f,0f,0.24862937500000004f,-0.12186934340514759f,0f,-0.992546151641322f,0.125f,0f,0f,0f,1f], start_interpolation: 0, interpolation_duration: 1 }