# This file was generated by Animated Java via MC-Build. It is not recommended to edit this file directly.
$data merge entity $(bone_foot) { transformation: [-0.9811649899934791f,0.02915690999506905f,0.1909584693346582f,0.4844845794715881f,0.03030647245995549f,0.9995358412390385f,0.0031015811454775943f,-1.9568395908096932f,-0.19077940176583555f,0.00883044042545228f,-0.9815932167572076f,1.1893962712592434f,0f,0f,0f,1f], start_interpolation: 0, interpolation_duration: 1 }
$data merge entity $(bone_leg_low) { transformation: [-0.9816395870087362f,0.1168651051367329f,0.15075234133736795f,0.6809198382405732f,0.02487311862434846f,0.862011447446919f,-0.506278176934743f,-1.1099777373840598f,-0.1891164963381487f,-0.4932330196487744f,-0.8490913608917091f,0.4425277606418683f,0f,0f,0f,1f], start_interpolation: 0, interpolation_duration: 1 }
$data merge entity $(bone_bone4) { transformation: [-0.9816395870087362f,-0.08736896089402865f,0.1695593875007091f,0.6339324324097252f,0.02487311862434846f,0.8227096480608046f,0.5679173909624236f,-0.6477563419430403f,-0.1891164963381487f,0.5617076638786092f,-0.8054312206221077f,0.7472160684819834f,0f,0f,0f,1f], start_interpolation: 0, interpolation_duration: 1 }
$data merge entity $(bone_leg) { transformation: [-0.9816395870087362f,0.15203065024208628f,0.11519723349232985f,0.7461431756685953f,0.02487311862434846f,0.7008008873870972f,-0.712923168516325f,-0.13632687500000007f,-0.1891164963381487f,-0.6969682902574735f,-0.691715370068034f,0.2858289681451536f,0f,0f,0f,1f], start_interpolation: 0, interpolation_duration: 1 }
$data merge entity $(bone_foot2) { transformation: [-0.988281466439124f,-0.00687293264840394f,0.15248772373455174f,-0.652570192229904f,-0.0012455404196181942f,0.999315644917912f,0.03696877670900883f,-1.9164218372260136f,-0.1526374518982729f,0.03634562723503304f,-0.9876136915104479f,-1.1019424244085805f,0f,0f,0f,1f], start_interpolation: 0, interpolation_duration: 1 }
$data merge entity $(bone_leg_low2) { transformation: [-0.9879717489757834f,-0.09583618223227074f,0.12135587913601235f,-0.7616658714119228f,-0.004630898988843462f,0.8027767664875809f,0.5962617025789086f,-0.8762400599160912f,-0.15456512543354203f,0.5885277303261817f,-0.7935645737032533f,-0.6332267485845924f,0f,0f,0f,1f], start_interpolation: 0, interpolation_duration: 1 }
$data merge entity $(bone_bone3) { transformation: [-0.9879717489757834f,-0.15460596754223935f,0.002969516132213419f,-0.8474785624110879f,-0.004630898988843462f,0.04877655873597356f,0.9987989798214809f,-0.8239880855681231f,-0.15456512543354203f,0.9867714234402026f,-0.04890582666216034f,-0.086282277388602f,0f,0f,0f,1f], start_interpolation: 0, interpolation_duration: 1 }
$data merge entity $(bone_leg2) { transformation: [-0.9879717489757834f,-0.02359298054921549f,0.15282406385951064f,-0.8789473663087631f,-0.004630898988843462f,0.9923631886343128f,0.12326336283784553f,-0.13632687500000007f,-0.15456512543354203f,0.12107300736474488f,-0.9805360518039965f,0.0284399121773721f,0f,0f,0f,1f], start_interpolation: 0, interpolation_duration: 1 }
$data merge entity $(bone_hips) { transformation: [-0.9876883405951378f,0f,0.15643446504023098f,-0.06131250000000001f,0f,1f,0f,0.26037937499999997f,-0.15643446504023098f,0f,-0.9876883405951378f,0.125f,0f,0f,0f,1f], start_interpolation: 0, interpolation_duration: 1 }