# This file was generated by Animated Java via MC-Build. It is not recommended to edit this file directly.
execute unless entity @s[type=item_display,tag=aj.mech_torso.root] run return run function animated_java:global/errors/function_not_executed_as_root_entity {'export_namespace': 'mech_torso', 'function_path': 'animated_java:mech_torso/set_default_pose'}
execute on passengers if entity @s[tag=aj.mech_torso.bone.jetpack2] run data merge entity @s {transformation: [-1f,0f,1.2246467991473532e-16f,-0.06249999999999989f,0f,1f,0f,1.175015625f,-1.2246467991473532e-16f,0f,-1f,-0.931846875f,0f,0f,0f,1f], start_interpolation: -1}
execute on passengers if entity @s[tag=aj.mech_torso.bone.ammo_left] run data merge entity @s {transformation: [-1f,1.368136703841374e-15f,8.665293146946319e-16f,0.16562499999999997f,1.5801474953939527e-15f,0.7071067811865475f,0.7071067811865477f,0.8702167224389782f,3.546899863589409e-16f,0.7071067811865477f,-0.7071067811865475f,0.3321193487677502f,0f,0f,0f,1f], start_interpolation: -1}
execute on passengers if entity @s[tag=aj.mech_torso.bone.ammo_right] run data merge entity @s {transformation: [-1f,1.368136703841374e-15f,8.665293146946319e-16f,-0.14687500000000003f,1.5801474953939527e-15f,0.7071067811865475f,0.7071067811865477f,0.8702167224389782f,3.546899863589409e-16f,0.7071067811865477f,-0.7071067811865475f,0.3321193487677502f,0f,0f,0f,1f], start_interpolation: -1}
execute on passengers if entity @s[tag=aj.mech_torso.bone.health] run data merge entity @s {transformation: [-1f,1.368136703841374e-15f,8.665293146946319e-16f,0.009374999999999958f,1.5801474953939527e-15f,0.7071067811865475f,0.7071067811865477f,0.87905555720381f,3.546899863589409e-16f,0.7071067811865477f,-0.7071067811865475f,0.340958183532582f,0f,0f,0f,1f], start_interpolation: -1}
execute on passengers if entity @s[tag=aj.mech_torso.bone.barrel1] run data merge entity @s {transformation: [4.593457131196888e-16f,-5.921189464667501e-16f,-1.3333333333333333f,3.6567806250000006f,-6.573840876841765e-32f,-1.3333333333333333f,5.921189464667501e-16f,1.6292206249999994f,-1.3333333333333333f,-7.251365725050085e-32f,-4.593457131196888e-16f,-0.5817581249999996f,0f,0f,0f,1f], start_interpolation: -1}
execute on passengers if entity @s[tag=aj.mech_torso.bone.barrel2] run data merge entity @s {transformation: [4.593457131196888e-16f,-5.921189464667501e-16f,-1.3333333333333333f,3.656780625f,-6.573840876841765e-32f,-1.3333333333333333f,5.921189464667501e-16f,1.2542206249999994f,-1.3333333333333333f,-7.251365725050085e-32f,-4.593457131196888e-16f,-0.5817581249999996f,0f,0f,0f,1f], start_interpolation: -1}
execute on passengers if entity @s[tag=aj.mech_torso.bone.blaster_left] run data merge entity @s {transformation: [3.4450928483976665e-16f,-4.440892098500626e-16f,-1f,3.4375818750000002f,-4.930380657631324e-32f,-1f,4.440892098500626e-16f,1.4418024999999997f,-1f,-5.438524293787564e-32f,-3.4450928483976665e-16f,-0.5149556249999996f,0f,0f,0f,1f], start_interpolation: -1}
execute on passengers if entity @s[tag=aj.mech_torso.bone.sword_left] run data merge entity @s {transformation: [-5.915375596761882e-16f,-2.6640483333333336f,3.262518264190508e-16f,3.328733125f,-2.6640483333333336f,5.915375596761882e-16f,0f,1.4374999999999996f,-7.244245790328803e-32f,-3.262518264190508e-16f,-2.6640483333333336f,1.0461912500000001f,0f,0f,0f,1f], start_interpolation: -1}
execute on passengers if entity @s[tag=aj.mech_torso.bone.rocket_left] run data merge entity @s {transformation: [-5.116563654243104e-16f,-2.3042954166666667f,2.82194800631075e-16f,2.625f,-2.3042954166666667f,5.116563654243104e-16f,0f,1.5312499999999996f,-6.265983301802502e-32f,-2.82194800631075e-16f,-2.3042954166666667f,-0.2124237499999997f,0f,0f,0f,1f], start_interpolation: -1}
execute on passengers if entity @s[tag=aj.mech_torso.bone.drillhead_left1] run data merge entity @s {transformation: [1.2246467991473527e-16f,-1f,2.2204460492503136e-16f,4.08658875f,-2.220446049250313e-16f,2.220446049250313e-16f,1f,1.4358312499999992f,-1f,-1.2246467991473532e-16f,-2.2204460492503128e-16f,-0.3407112499999995f,0f,0f,0f,1f], start_interpolation: -1}
execute on passengers if entity @s[tag=aj.mech_torso.bone.drillhead_left2] run data merge entity @s {transformation: [-2.5200766984805435e-16f,-1f,2.8169819677908664e-17f,4.08658875f,-0.9238795325112867f,2.220446049250313e-16f,-0.38268343236509006f,1.2460106249999994f,0.38268343236509006f,-1.2246467991473532e-16f,-0.9238795325112867f,-0.0023993749999994263f,0f,0f,0f,1f], start_interpolation: -1}
execute on passengers if entity @s[tag=aj.mech_torso.bone.drillhead_left3] run data merge entity @s {transformation: [1.582772617415284e-16f,-1f,-1.9811540277963134e-16f,4.08658875f,0.923879532511287f,2.220446049250313e-16f,-0.3826834323650896f,1.6254568749999994f,0.3826834323650896f,-1.2246467991473532e-16f,0.923879532511287f,-0.002269374999999546f,0f,0f,0f,1f], start_interpolation: -1}
execute on passengers if entity @s[tag=aj.mech_torso.bone.drill_left] run data merge entity @s {transformation: [1.8722466600399682e-16f,-1.5288054166666667f,3.39462994750998e-16f,3.569764375f,-3.394629947509979e-16f,3.394629947509979e-16f,1.5288054166666667f,1.4357606249999995f,-1.5288054166666667f,-1.872246660039969e-16f,-3.3946299475099783e-16f,-0.07179874999999958f,0f,0f,0f,1f], start_interpolation: -1}
execute on passengers if entity @s[tag=aj.mech_torso.bone.left_hand] run data merge entity @s {transformation: [-2.220446049250313e-16f,-1f,1.2246467991473532e-16f,3.125f,-1f,2.220446049250313e-16f,0f,1.5312499999999996f,-2.719262146893782e-32f,-1.2246467991473532e-16f,-1f,-0.14992374999999963f,0f,0f,0f,1f], start_interpolation: -1}
execute on passengers if entity @s[tag=aj.mech_torso.bone.left_arm_low] run data merge entity @s {transformation: [-2.220446049250313e-16f,-1f,1.2246467991473532e-16f,2.125f,-1f,2.220446049250313e-16f,0f,1.4687499999999998f,-2.719262146893782e-32f,-1.2246467991473532e-16f,-1f,-0.18117374999999974f,0f,0f,0f,1f], start_interpolation: -1}
execute on passengers if entity @s[tag=aj.mech_torso.bone.left_arm] run data merge entity @s {transformation: [-2.4573546901033677e-16f,-1.1066941666666668f,1.355309468843381e-16f,1f,-1.1066941666666668f,2.4573546901033677e-16f,0f,1.4375f,-3.0093915556048256e-32f,-1.355309468843381e-16f,-1.1066941666666668f,-0.18117374999999988f,0f,0f,0f,1f], start_interpolation: -1}
execute on passengers if entity @s[tag=aj.mech_torso.bone.drillhead_right1] run data merge entity @s {transformation: [1.2246467991473527e-16f,1f,2.2204460492503136e-16f,-4.08658875f,2.220446049250313e-16f,2.220446049250313e-16f,-1f,1.4391687499999994f,-1f,1.2246467991473532e-16f,-2.2204460492503128e-16f,-0.2782112500000006f,0f,0f,0f,1f], start_interpolation: -1}
execute on passengers if entity @s[tag=aj.mech_torso.bone.drillhead_right2] run data merge entity @s {transformation: [-2.5200766984805435e-16f,1f,2.8169819677908664e-17f,-4.08658875f,0.9238795325112867f,2.220446049250313e-16f,0.38268343236509006f,1.6289893749999993f,0.38268343236509006f,1.2246467991473532e-16f,-0.9238795325112867f,-0.002399375000000467f,0f,0f,0f,1f], start_interpolation: -1}
execute on passengers if entity @s[tag=aj.mech_torso.bone.drillhead_right3] run data merge entity @s {transformation: [1.582772617415284e-16f,1f,-1.9811540277963134e-16f,-4.08658875f,-0.923879532511287f,2.220446049250313e-16f,0.3826834323650896f,1.2495431249999993f,0.3826834323650896f,1.2246467991473532e-16f,0.923879532511287f,-0.002269375000000476f,0f,0f,0f,1f], start_interpolation: -1}
execute on passengers if entity @s[tag=aj.mech_torso.bone.drill_right] run data merge entity @s {transformation: [1.8722466600399682e-16f,1.5288054166666667f,3.39462994750998e-16f,-3.410140625f,3.394629947509979e-16f,3.394629947509979e-16f,-1.5288054166666667f,1.4370187499999996f,-1.5288054166666667f,1.872246660039969e-16f,-3.3946299475099783e-16f,-0.09881312500000039f,0f,0f,0f,1f], start_interpolation: -1}
execute on passengers if entity @s[tag=aj.mech_torso.bone.barrel3] run data merge entity @s {transformation: [1.327732333470613e-16f,5.921189464667501e-16f,1.3333333333333333f,-3.6239075f,6.573840876841765e-32f,-1.3333333333333333f,5.921189464667501e-16f,1.6025068749999993f,1.3333333333333333f,7.251365725050085e-32f,-1.327732333470613e-16f,-0.5844800000000004f,0f,0f,0f,1f], start_interpolation: -1}
execute on passengers if entity @s[tag=aj.mech_torso.bone.barrel4] run data merge entity @s {transformation: [1.327732333470613e-16f,5.921189464667501e-16f,1.3333333333333333f,-3.6132993749999995f,6.573840876841765e-32f,-1.3333333333333333f,5.921189464667501e-16f,1.2275068749999993f,1.3333333333333333f,7.251365725050085e-32f,-1.327732333470613e-16f,-0.5844800000000004f,0f,0f,0f,1f], start_interpolation: -1}
execute on passengers if entity @s[tag=aj.mech_torso.bone.blaster_right] run data merge entity @s {transformation: [9.957992501029599e-17f,4.440892098500626e-16f,1f,-3.228473125f,4.930380657631324e-32f,-1f,4.440892098500626e-16f,1.4151006249999996f,1f,5.438524293787564e-32f,-9.957992501029599e-17f,-0.6132750000000003f,0f,0f,0f,1f], start_interpolation: -1}
execute on passengers if entity @s[tag=aj.mech_torso.bone.rocket_right] run data merge entity @s {transformation: [-5.116563654243104e-16f,2.3042954166666667f,2.82194800631075e-16f,-2.625f,2.3042954166666667f,5.116563654243104e-16f,0f,1.2812499999999996f,-6.265983301802502e-32f,2.82194800631075e-16f,-2.3042954166666667f,-0.2124237500000003f,0f,0f,0f,1f], start_interpolation: -1}
execute on passengers if entity @s[tag=aj.mech_torso.bone.sword_right] run data merge entity @s {transformation: [-5.915375596761882e-16f,2.6640483333333336f,3.262518264190508e-16f,-3.3287331250000003f,2.6640483333333336f,5.915375596761882e-16f,0f,1.4374999999999996f,-7.244245790328803e-32f,3.262518264190508e-16f,-2.6640483333333336f,1.0461912499999995f,0f,0f,0f,1f], start_interpolation: -1}
execute on passengers if entity @s[tag=aj.mech_torso.bone.right_hand] run data merge entity @s {transformation: [-2.220446049250313e-16f,1f,1.2246467991473532e-16f,-3.125f,1f,2.220446049250313e-16f,0f,1.5312499999999996f,-2.719262146893782e-32f,1.2246467991473532e-16f,-1f,-0.14992375000000036f,0f,0f,0f,1f], start_interpolation: -1}
execute on passengers if entity @s[tag=aj.mech_torso.bone.right_arm_low] run data merge entity @s {transformation: [-2.220446049250313e-16f,1f,1.2246467991473532e-16f,-2.125f,1f,2.220446049250313e-16f,0f,1.4687499999999998f,-2.719262146893782e-32f,1.2246467991473532e-16f,-1f,-0.18117375000000024f,0f,0f,0f,1f], start_interpolation: -1}
execute on passengers if entity @s[tag=aj.mech_torso.bone.right_arm] run data merge entity @s {transformation: [-2.4573546901033677e-16f,1.1066941666666668f,1.355309468843381e-16f,-1f,1.1066941666666668f,2.4573546901033677e-16f,0f,1.4375f,-3.0093915556048256e-32f,1.355309468843381e-16f,-1.1066941666666668f,-0.1811737500000001f,0f,0f,0f,1f], start_interpolation: -1}
execute on passengers if entity @s[tag=aj.mech_torso.bone.torso] run data merge entity @s {transformation: [-1.3197129166666666f,0f,1.616182199189251e-16f,0f,0f,1.3197129166666666f,0f,0.20333875f,-1.616182199189251e-16f,0f,-1.3197129166666666f,-0.005674375000000009f,0f,0f,0f,1f], start_interpolation: -1}