# This file was generated by Animated Java via MC-Build. It is not recommended to edit this file directly.
$data merge entity $(bone_jetpack2) { transformation: [-1f,0f,1.2246467991473532e-16f,-0.03149999999999988f,0f,1f,0f,1.197015741634369f,-1.2246467991473532e-16f,0f,-1f,-1.0568466700744628f,0f,0f,0f,1f], start_interpolation: 0, interpolation_duration: 1 }
$data merge entity $(bone_barrel_left) { transformation: [-2.2776679054499773f,-0.04920988204689246f,0.27830880949538417f,1.2591299879885887f,-0.2762408196641045f,0.8653136496714301f,-2.1077409211509623f,-0.8398652681479056f,-0.05973621585864641f,-2.125196265913324f,-0.864650744123689f,1.584384375190873f,0f,0f,0f,1f], start_interpolation: 0, interpolation_duration: 1 }
$data merge entity $(bone_blaster_left) { transformation: [-0.9923891529077883f,-0.0214409453820529f,0.12126027812967535f,1.4277448104965087f,-0.12035924656490028f,0.37702067002051665f,-0.9183512760069593f,0.032061589907787964f,-0.026027311756920597f,-0.9259566405822709f,-0.37673183938221044f,0.772699297265048f,0f,0f,0f,1f], start_interpolation: 0, interpolation_duration: 1 }
$data merge entity $(bone_sword_left) { transformation: [-2.643772668822072f,-0.05711971481014906f,0.3230432418508981f,1.038974515500125f,-0.32064285021247835f,1.004401287600374f,-2.44653218626088f,1.0236139154747534f,-0.06933801650717139f,-2.4667932450821315f,-1.0036318288197787f,1.4054551133887982f,0f,0f,0f,1f], start_interpolation: 0, interpolation_duration: 1 }
$data merge entity $(bone_rocket_left) { transformation: [-2.2867577765951324f,-0.04940627217286483f,0.2794195031179362f,1.2695423000467452f,-0.27734326021295297f,0.8687670019168723f,-2.1161526361928216f,0.14436883789184565f,-0.05997461518962658f,-2.133677642925791f,-0.8681014508008303f,0.2821084695505056f,0f,0f,0f,1f], start_interpolation: 0, interpolation_duration: 1 }
$data merge entity $(bone_drillhead_left1) { transformation: [0.12126027812967513f,-0.0214409453820529f,0.9923891529077883f,1.2217437900530588f,-0.9183512760069593f,0.37702067002051665f,0.12035924656490007f,-0.5359778501065111f,-0.37673183938221044f,-0.9259566405822709f,0.026027311756920513f,1.5846627990148952f,0f,0f,0f,1f], start_interpolation: 0, interpolation_duration: 1 }
$data merge entity $(bone_drillhead_left2) { transformation: [-0.9632523261019289f,-0.0214409453820529f,-0.2677409982060035f,0.9923440687478099f,0.2402403739694126f,0.37702067002051665f,-0.8945054371507855f,-0.24813537541943256f,0.12012293275748877f,-0.9259566405822709f,-0.3580150566489284f,1.7071751333837213f,0f,0f,0f,1f], start_interpolation: 0, interpolation_duration: 1 }
$data merge entity $(bone_drillhead_left3) { transformation: [0.8704437272135098f,-0.0214409453820529f,-0.49180077634726926f,1.3688866475231898f,0.46263526286899376f,0.37702067002051665f,0.8023864579661213f,-0.20234612499167495f,0.16821513399450727f,-0.9259566405822709f,0.33809461465217916f,1.7171000743665852f,0f,0f,0f,1f], start_interpolation: 0, interpolation_duration: 1 }
$data merge entity $(bone_drill_left) { transformation: [0.18538337003115388f,-0.03277903343853662f,1.5171699124066718f,1.1779840948300997f,-1.4039804051621845f,0.5763912425226618f,0.18400586809433814f,-0.09417674082364355f,-0.57594967667832f,-1.4156075277206457f,0.0397906951952521f,1.2074118995478393f,0f,0f,0f,1f], start_interpolation: 0, interpolation_duration: 1 }
$data merge entity $(bone_left_hand) { transformation: [-0.9923891529077883f,-0.0214409453820529f,0.12126027812967535f,1.2726840053546669f,-0.12035924656490028f,0.37702067002051665f,-0.9183512760069593f,0.013255457632022294f,-0.026027311756920597f,-0.9259566405822709f,-0.37673183938221044f,0.7686325298030292f,0f,0f,0f,1f], start_interpolation: 0, interpolation_duration: 1 }
$data merge entity $(bone_left_arm_low) { transformation: [-0.9923891529077883f,-0.0214409453820529f,0.12126027812967535f,1.1930081216074295f,-0.12035924656490028f,0.37702067002051665f,-0.9183512760069593f,0.3540551973670152f,-0.026027311756920597f,-0.9259566405822709f,-0.37673183938221044f,-0.17072368774474317f,0f,0f,0f,1f], start_interpolation: 0, interpolation_duration: 1 }
$data merge entity $(bone_left_arm) { transformation: [-1.098271286586324f,-0.1288644137153278f,0.04434097959961175f,1.031f,-0.1332008760777702f,1.0911571929096353f,-0.12808390026739325f,1.4595000000000002f,-0.028804274095398777f,-0.1324459201840429f,-1.0983625861046376f,-0.3061737499999999f,0f,0f,0f,1f], start_interpolation: 0, interpolation_duration: 1 }