# This file was generated by Animated Java via MC-Build. It is not recommended to edit this file directly.
$data merge entity $(bone_jetpack2) { transformation: [-1f,0f,1.2246467991473532e-16f,-0.009562499999999863f,0f,1f,0f,1.224015741634369f,-1.2246467991473532e-16f,0f,-1f,-1.0568466700744628f,0f,0f,0f,1f], start_interpolation: 0, interpolation_duration: 1 }
$data merge entity $(bone_barrel_left) { transformation: [-2.282185035534411f,0.011549604162110146f,0.24320066545384042f,1.192593346938473f,-0.2327636177457537f,0.5690082609438795f,-2.21126642236575f,-0.5504775846399157f,-0.07142167239291526f,-2.2234533273878303f,-0.5646261941242884f,1.8328741962750286f,0f,0f,0f,1f], start_interpolation: 0, interpolation_duration: 1 }
$data merge entity $(bone_blaster_left) { transformation: [-0.9943572848234813f,0.005032209420623317f,0.10596351724447992f,1.3974645595340893f,-0.10141605318744913f,0.24791920925982067f,-0.9634577571621217f,0.1990906644703247f,-0.031118712607604678f,-0.9687676411546435f,-0.24600992495692744f,0.914345320261262f,0f,0f,0f,1f], start_interpolation: 0, interpolation_duration: 1 }
$data merge entity $(bone_sword_left) { transformation: [-2.6490158673718542f,0.013406049119995846f,0.28229193150929466f,1.02110545814842f,-0.27017726746726856f,0.6604687562299432f,-2.566698032204822f,1.2756335711314013f,-0.08290175445776823f,-2.580843819805293f,-0.655382330564961f,1.3981918624305303f,0f,0f,0f,1f], start_interpolation: 0, interpolation_duration: 1 }
$data merge entity $(bone_rocket_left) { transformation: [-2.2912929339478594f,0.011595697103649131f,0.24417124712033436f,1.2512350583185121f,-0.23369254653626192f,0.571279097601029f,-2.2200912939806234f,0.2469879009670635f,-0.07170670683427068f,-2.232326835327623f,-0.5668795425327585f,0.409723580529194f,0f,0f,0f,1f], start_interpolation: 0, interpolation_duration: 1 }
$data merge entity $(bone_drillhead_left1) { transformation: [0.1059635172444797f,0.005032209420623317f,0.9943572848234813f,1.1625935031889356f,-0.9634577571621217f,0.24791920925982067f,0.10141605318744892f,-0.24864460624300183f,-0.24600992495692744f,-0.9687676411546435f,0.031118712607604623f,1.7911341592983194f,0f,0f,0f,1f], start_interpolation: 0, interpolation_duration: 1 }
$data merge entity $(bone_drillhead_left2) { transformation: [-0.9592168259365054f,0.005032209420623317f,-0.2826265339783995f,0.9379952657098647f,0.27500310564161184f,0.24791920925982067f,-0.9289291456120073f,0.05805373546473548f,0.06539398082212833f,-0.9687676411546435f,-0.23919215021380383f,1.868455264802736f,0f,0f,0f,1f], start_interpolation: 0, interpolation_duration: 1 }
$data merge entity $(bone_drillhead_left3) { transformation: [0.8781158609673155f,0.005032209420623317f,-0.4784215835285626f,1.3152866333390747f,0.4623955372575321f,0.24791920925982067f,0.8513086589506204f,0.09666092604494456f,0.12289386413466202f,-0.9687676411546435f,0.21537491871088196f,1.8802951248967636f,0f,0f,0f,1f], start_interpolation: 0, interpolation_duration: 1 }
$data merge entity $(bone_drill_left) { transformation: [0.1619975991324123f,0.007693269020049955f,1.5201788031400978f,1.1366291308633716f,-1.4729394378789695f,0.37902023001213064f,0.15504541144992667f,0.13856475574730187f,-0.37610130582791085f,-1.4810572172886087f,0.04757445639419924f,1.3566043748242484f,0f,0f,0f,1f], start_interpolation: 0, interpolation_duration: 1 }
$data merge entity $(bone_left_hand) { transformation: [-0.9943572848234813f,0.005032209420623317f,0.10596351724447992f,1.2420962337804204f,-0.10141605318744913f,0.24791920925982067f,-0.9634577571621217f,0.18324440615978577f,-0.031118712607604678f,-0.9687676411546435f,-0.24600992495692744f,0.9094830214163238f,0f,0f,0f,1f], start_interpolation: 0, interpolation_duration: 1 }
$data merge entity $(bone_left_arm_low) { transformation: [-0.9943572848234813f,0.005032209420623317f,0.10596351724447992f,1.1882924728134663f,-0.10141605318744913f,0.24791920925982067f,-0.9634577571621217f,0.39471705718407457f,-0.031118712607604678f,-0.9687676411546435f,-0.24600992495692744f,-0.06891734943119898f,0f,0f,0f,1f], start_interpolation: 0, interpolation_duration: 1 }
$data merge entity $(bone_left_arm) { transformation: [-1.100449406696652f,-0.10258445767352706f,0.05709212624209201f,1.0529375f,-0.11223655446890637f,1.0771352945846266f,-0.22793527926818508f,1.4865000000000002f,-0.03443889771701256f,-0.232439163520147f,-1.081461037726334f,-0.3061737499999999f,0f,0f,0f,1f], start_interpolation: 0, interpolation_duration: 1 }