# This file was generated by Animated Java via MC-Build. It is not recommended to edit this file directly.
$data merge entity $(bone_jetpack2) { transformation: [-1f,0f,1.2246467991473532e-16f,-0.009562499999999863f,0f,1f,0f,1.224015741634369f,-1.2246467991473532e-16f,0f,-1f,-1.0568466700744628f,0f,0f,0f,1f], start_interpolation: 0, interpolation_duration: 1 }
$data merge entity $(bone_barrel_left) { transformation: [-2.2827397815837784f,0.019211342596243373f,0.2374415872192285f,1.1807344094861403f,-0.226728557976309f,0.5266586265988652f,-2.2223576097193884f,-0.51154329186239f,-0.0730872357085712f,-2.2338106698633484f,-0.5219163157363765f,1.8644785854499464f,0f,0f,0f,1f], start_interpolation: 0, interpolation_duration: 1 }
$data merge entity $(bone_blaster_left) { transformation: [-0.9945989899292578f,0.00837045996024638f,0.10345426347789663f,1.3904512793287416f,-0.09878655314575456f,0.22946730165158646f,-0.9682902325182883f,0.2197903242605925f,-0.03184440530581721f,-0.9732803773182699f,-0.22740105755674297f,0.932443153544267f,0f,0f,0f,1f], start_interpolation: 0, interpolation_duration: 1 }
$data merge entity $(bone_sword_left) { transformation: [-2.649659781456056f,0.02229930990632777f,0.2756071581945181f,1.0163529955211743f,-0.2631721522636922f,0.6113119825194062f,-2.579571980123292f,1.3065300669919708f,-0.08483503488095351f,-2.5928659670607748f,-0.6058074083822785f,1.3947693209495267f,0f,0f,0f,1f], start_interpolation: 0, interpolation_duration: 1 }
$data merge entity $(bone_rocket_left) { transformation: [-2.291849893915285f,0.019288012521787582f,0.23838918516674293f,1.2456963085997868f,-0.2276334016420603f,0.5287604514706181f,-2.2312267447949927f,0.2585704366249686f,-0.07337891719267028f,-2.242725512586093f,-0.5239992146731557f,0.4266147104588016f,0f,0f,0f,1f], start_interpolation: 0, interpolation_duration: 1 }
$data merge entity $(bone_drillhead_left1) { transformation: [0.10345426347789641f,0.00837045996024638f,0.9945989899292578f,1.1518306349451735f,-0.9682902325182883f,0.22946730165158646f,0.09878655314575435f,-0.21046201258401298f,-0.22740105755674297f,-0.9732803773182699f,0.03184440530581716f,1.8169390940228551f,0f,0f,0f,1f], start_interpolation: 0, interpolation_duration: 1 }
$data merge entity $(bone_drillhead_left2) { transformation: [-0.9584798824925645f,0.00837045996024638f,-0.28503727871472134f,0.9280354271984819f,0.27928175516698855f,0.22946730165158646f,-0.932387504583575f,0.09837034626371231f,0.05760222294222746f,-0.9732803773182699f,-0.22227750907215113f,1.8878268472639563f,0f,0f,0f,1f], start_interpolation: 0, interpolation_duration: 1 }
$data merge entity $(bone_drillhead_left3) { transformation: [0.879299417211517f,0.00837045996024638f,-0.4761958318712382f,1.3054188351266744f,0.4618155042443904f,0.22946730165158646f,0.8567795501249078f,0.13598041113552184f,0.11644301151630405f,-0.9732803773182699f,0.19790485642404074f,1.899939649578211f,0f,0f,0f,1f], start_interpolation: 0, interpolation_duration: 1 }
$data merge entity $(bone_drill_left) { transformation: [0.15816143838226854f,0.012796804527216116f,1.5205483232150447f,1.1282663045014267f,-1.4803273523793852f,0.35081085371282933f,0.1510254175430588f,0.1685106525267629f,-0.3476519685484771f,-1.487956312779548f,0.04868389932206202f,1.3750728091946791f,0f,0f,0f,1f], start_interpolation: 0, interpolation_duration: 1 }
$data merge entity $(bone_left_hand) { transformation: [-0.9945989899292578f,0.00837045996024638f,0.10345426347789663f,1.235045187152295f,-0.09878655314575456f,0.22946730165158646f,-0.9682902325182883f,0.20435492533156835f,-0.03184440530581721f,-0.9732803773182699f,-0.22740105755674297f,0.927467465215233f,0f,0f,0f,1f], start_interpolation: 0, interpolation_duration: 1 }
$data merge entity $(bone_left_arm_low) { transformation: [-0.9945989899292578f,0.00837045996024638f,0.10345426347789663f,1.184486155975647f,-0.09878655314575456f,0.22946730165158646f,-0.9682902325182883f,0.39738899764534863f,-0.03184440530581721f,-0.9732803773182699f,-0.22740105755674297f,-0.05490947048329864f,0f,0f,0f,1f], start_interpolation: 0, interpolation_duration: 1 }
$data merge entity $(bone_left_arm) { transformation: [-1.1007169003272683f,-0.09883264628076571f,0.05853539012511338f,1.0529375f,-0.10932650211151324f,1.0744259967549903f,-0.2417198212127729f,1.4865000000000002f,-0.03524201759291696f,-0.2461967994516067f,-1.0783863475906f,-0.3061737499999999f,0f,0f,0f,1f], start_interpolation: 0, interpolation_duration: 1 }