# This file was generated by Animated Java via MC-Build. It is not recommended to edit this file directly.
$data merge entity $(bone_jetpack2) { transformation: [-1f,0f,1.2246467991473532e-16f,-0.03149999999999988f,0f,1f,0f,1.197015741634369f,-1.2246467991473532e-16f,0f,-1f,-1.0568466700744628f,0f,0f,0f,1f], start_interpolation: 0, interpolation_duration: 1 }
$data merge entity $(bone_barrel_left) { transformation: [-2.276241276182715f,-0.0677614950819046f,0.28597644280087725f,1.2845849599076558f,-0.28839825365449084f,0.9449061072688744f,-2.0716243359223494f,-0.9071443256391631f,-0.05657378670213232f,-2.0905045615068483f,-0.9456418869889035f,1.5087327208531542f,0f,0f,0f,1f], start_interpolation: 0, interpolation_duration: 1 }
$data merge entity $(bone_blaster_left) { transformation: [-0.9917675647444463f,-0.029523958494208774f,0.12460109708868093f,1.44275543219524f,-0.12565628990927155f,0.41169942691215056f,-0.9026151332026534f,-0.004015165313568686f,-0.02464942853511531f,-0.9108413241366681f,-0.4120200091231653f,0.7297205955549579f,0f,0f,0f,1f], start_interpolation: 0, interpolation_duration: 1 }
$data merge entity $(bone_sword_left) { transformation: [-2.642116727911501f,-0.0786532524198994f,0.3319433450306053f,1.0517913080912962f,-0.33475442970564506f,1.0967871720996032f,-2.4046103412499735f,0.9603254514542836f,-0.06566726900659306f,-2.4265253114974175f,-1.0976412186045534f,1.4019501009790352f,0f,0f,0f,1f], start_interpolation: 0, interpolation_duration: 1 }
$data merge entity $(bone_rocket_left) { transformation: [-2.285325453839289f,-0.06803192224006219f,0.28711773693308584f,1.2808173395248583f,-0.28954921291327235f,0.9486771024779619f,-2.079891914452847f,0.12578730701901708f,-0.056799565196918755f,-2.098847488518722f,-0.9494158185974679f,0.24469720970781428f,0f,0f,0f,1f], start_interpolation: 0, interpolation_duration: 1 }
$data merge entity $(bone_drillhead_left1) { transformation: [0.12460109708868071f,-0.029523958494208774f,0.9917675647444463f,1.245320767039766f,-0.9026151332026534f,0.41169942691215056f,0.12565628990927136f,-0.6037321487507452f,-0.4120200091231653f,-0.9108413241366681f,0.02464942853511522f,1.5207636075216489f,0f,0f,0f,1f], start_interpolation: 0, interpolation_duration: 1 }
$data merge entity $(bone_drillhead_left2) { transformation: [-0.9639565295863086f,-0.029523958494208774f,-0.2644166124560874f,1.0149087972621185f,0.22932458290018384f,0.41169942691215056f,-0.881994227621623f,-0.3222188861193397f,0.1349001287826559f,-0.9108413241366681f,-0.39008978133166194f,1.6554758994151957f,0f,0f,0f,1f], start_interpolation: 0, interpolation_duration: 1 }
$data merge entity $(bone_drillhead_left3) { transformation: [0.8685909785656043f,-0.029523958494208774f,-0.49464941911345495f,1.3912150824334093f,0.4615071316571445f,0.41169942691215056f,0.7858210669801375f,-0.2744217381570375f,0.18044633380604114f,-0.9108413241366681f,0.3712239254963502f,1.6648825952386739f,0f,0f,0f,1f], start_interpolation: 0, interpolation_duration: 1 }
$data merge entity $(bone_drill_left) { transformation: [0.1904908321517843f,-0.04513638766738822f,1.5162196250556186f,1.1964852295383506f,-1.3799229048055215f,0.6294083139018583f,0.19210401665153107f,-0.14824023221713106f,-0.6298984217225445f,-1.3924991500639772f,0.03768417986222205f,1.160814199287986f,0f,0f,0f,1f], start_interpolation: 0, interpolation_duration: 1 }
$data merge entity $(bone_left_hand) { transformation: [-0.9917675647444463f,-0.029523958494208774f,0.12460109708868093f,1.2877917502039202f,-0.12565628990927155f,0.41169942691215056f,-0.9026151332026534f,-0.023648960611892367f,-0.02464942853511531f,-0.9108413241366681f,-0.4120200091231653f,0.7258691223463462f,0f,0f,0f,1f], start_interpolation: 0, interpolation_duration: 1 }
$data merge entity $(bone_left_arm_low) { transformation: [-0.9917675647444463f,-0.029523958494208774f,0.12460109708868093f,1.200176103197205f,-0.12565628990927155f,0.41169942691215056f,-0.9026151332026534f,0.3519902252683458f,-0.02464942853511531f,-0.9108413241366681f,-0.4120200091231653f,-0.1993884163588655f,0f,0f,0f,1f], start_interpolation: 0, interpolation_duration: 1 }
$data merge entity $(bone_left_arm) { transformation: [-1.0975833785918845f,-0.1359348675259987f,0.04005517898526163f,1.031f,-0.13906308304756637f,1.0933514031707312f,-0.10008070069662094f,1.4595000000000002f,-0.027279378771478995f,-0.10428997799074535f,-1.1014315296551846f,-0.3061737499999999f,0f,0f,0f,1f], start_interpolation: 0, interpolation_duration: 1 }