# This file was generated by Animated Java via MC-Build. It is not recommended to edit this file directly.
$data merge entity $(bone_foot) { transformation: [-0.9997431731889884f,0.003648730038189194f,0.022366815399616637f,0.9391092239882315f,0.003428519149460703f,0.9999453546087759f,-0.00987588237937187f,-2.104894953115397f,-0.022401627584929928f,-0.00979666093308433f,-0.9997010515729731f,-0.2051888119976821f,0f,0f,0f,1f], start_interpolation: 0, interpolation_duration: 1 }
$data merge entity $(bone_leg_low) { transformation: [-0.9960397170454406f,-0.07886465211687808f,0.04105178089343227f,0.8907217408465589f,-0.0764662106817367f,0.9954392834974513f,0.05703991141347581f,-0.9729283165206839f,-0.0453629881292539f,0.053674943097917815f,-0.9975275433748285f,-0.3780603450464159f,0f,0f,0f,1f], start_interpolation: 0, interpolation_duration: 1 }
$data merge entity $(bone_bone4) { transformation: [-0.9960397170454406f,-0.07853040114403907f,-0.04168762603213189f,0.8561902953699261f,-0.0764662106817367f,0.517410087555741f,0.8523143316403501f,-0.8714264490786232f,-0.0453629881292539f,0.8521266205158227f,-0.5213659194042783f,0.20905327113367972f,0f,0f,0f,1f], start_interpolation: 0, interpolation_duration: 1 }
$data merge entity $(bone_leg) { transformation: [-0.9960397170454406f,-0.05953980145876682f,0.06602949424529315f,0.82267375f,-0.0764662106817367f,0.9525819350867726f,-0.2945175301579109f,-0.19707687500000004f,-0.0453629881292539f,-0.2984001826215767f,-0.9533622240887222f,0.032535000000000106f,0f,0f,0f,1f], start_interpolation: 0, interpolation_duration: 1 }
$data merge entity $(bone_foot2) { transformation: [-0.9997546016215317f,-0.011362879206324379f,-0.01901634856419381f,-0.7579482141726632f,-0.014506406615510605f,0.9845798192323529f,0.17433342687933592f,-1.7347424177231323f,0.01674218336053888f,0.17456650462368134f,-0.9845030394873303f,-0.3816010409926284f,0f,0f,0f,1f], start_interpolation: 0, interpolation_duration: 1 }
$data merge entity $(bone_leg_low2) { transformation: [-0.9996759669034977f,-0.014591844259293f,-0.020857595179443033f,-0.8097221930736482f,-0.01989293141190665f,0.9590655297840555f,0.2824846559724443f,-0.5935188412868531f,0.01588182846520403f,0.2828080403049771f,-0.959045035367714f,-0.28939157552567685f,0f,0f,0f,1f], start_interpolation: 0, interpolation_duration: 1 }
$data merge entity $(bone_bone3) { transformation: [-0.9996759669034977f,0.0240586328058206f,-0.008315250030617255f,-0.7964919360159415f,-0.01989293141190665f,-0.5345694755069537f,0.8448903758098218f,-0.8767772028203391f,0.01588182846520403f,0.8447820180636749f,0.5348748540367799f,0.18858429956589282f,0f,0f,0f,1f], start_interpolation: 0, interpolation_duration: 1 }
$data merge entity $(bone_leg2) { transformation: [-0.9996759669034977f,-0.023434371945829206f,-0.00993938665419152f,-0.82267375f,-0.01989293141190665f,0.962839958246117f,-0.26933897988307764f,-0.19707687500000004f,0.01588182846520403f,-0.2690539816024291f,-0.9629941445868098f,0.0325349999999999f,0f,0f,0f,1f], start_interpolation: 0, interpolation_duration: 1 }
$data merge entity $(bone_hips) { transformation: [-1f,0f,1.2246467991473532e-16f,0f,0f,1f,0f,0.199629375f,-1.2246467991473532e-16f,0f,-1f,0f,0f,0f,0f,1f], start_interpolation: 0, interpolation_duration: 1 }