# This file was generated by Animated Java via MC-Build. It is not recommended to edit this file directly.
$data merge entity $(bone_foot) { transformation: [-0.9938774177525722f,0.04597026166322882f,0.10047095861040241f,0.6225509394890055f,0.026498984281490615f,0.9819708797153357f,-0.18716568922518573f,-1.6657355986135527f,-0.1072636113205603f,-0.1833573735460446f,-0.9771768474809296f,0.6724684776341545f,0f,0f,0f,1f], start_interpolation: 0, interpolation_duration: 1 }
$data merge entity $(bone_leg_low) { transformation: [-0.993404476439086f,0.08317465324887784f,0.07892732890269472f,0.7646860883498977f,0.034107942435417794f,0.8715364067503114f,-0.48914306697690996f,-0.8044476772495631f,-0.10947234561115166f,-0.48322486356321154f,-0.8686250841304942f,-0.07019907773482958f,0f,0f,0f,1f], start_interpolation: 0, interpolation_duration: 1 }
$data merge entity $(bone_bone4) { transformation: [-0.993404476439086f,-0.10529731424508906f,0.04538746306587508f,0.7059856428436119f,0.034107942435417794f,0.10655105874328208f,0.9937220537673035f,-0.7497476045341182f,-0.10947234561115166f,0.9887160095262221f,-0.10225682399202468f,0.4795195925863651f,0f,0f,0f,1f], start_interpolation: 0, interpolation_duration: 1 }
$data merge entity $(bone_leg) { transformation: [-0.993404476439086f,0.09152942100153519f,0.06906454431840511f,0.7776451159189591f,0.034107942435417794f,0.8109458068060158f,-0.5841263105583949f,-0.16582687500000004f,-0.10947234561115166f,-0.5779180422126167f,-0.8087190748532699f,0.10411193622266629f,0f,0f,0f,1f], start_interpolation: 0, interpolation_duration: 1 }
$data merge entity $(bone_foot2) { transformation: [-0.9930198996705142f,0.004911849637110541f,0.11784461205971451f,-0.8296654390781055f,0.0033490914039088888f,0.9999038613803147f,-0.013455540996357707f,-2.0487485348243837f,-0.11789937423553384f,-0.012966947592969402f,-0.9929408823414367f,-0.8734191500712407f,0f,0f,0f,1f], start_interpolation: 0, interpolation_duration: 1 }
$data merge entity $(bone_leg_low2) { transformation: [-0.9934036646349343f,0.0037155135612940426f,0.11460957223922813f,-0.8288810247087354f,0.05046237355618068f,0.9116584240945862f,0.4078387752929484f,-0.9290759497119536f,-0.10296945151334685f,0.41093200500368854f,-0.9058323130241541f,-0.6286599445881803f,0f,0f,0f,1f], start_interpolation: 0, interpolation_duration: 1 }
$data merge entity $(bone_bone3) { transformation: [-0.9934036646349343f,-0.08051949812742377f,0.08164416397508649f,-0.8838765865597527f,0.05046237355618068f,0.3323750228919233f,0.9417963649391888f,-0.8628436062155379f,-0.10296945151334685f,0.9397039185716431f,-0.32611936078089454f,-0.065628549466488f,0f,0f,0f,1f], start_interpolation: 0, interpolation_duration: 1 }
$data merge entity $(bone_leg2) { transformation: [-0.9934036646349343f,0.051468579770601805f,0.10247021219008093f,-0.8614413400995492f,0.05046237355618068f,0.9986491133290868f,-0.012389402814712522f,-0.16582687500000004f,-0.10296945151334685f,-0.007136788032856827f,-0.9946589155643328f,-0.03928954721783642f,0f,0f,0f,1f], start_interpolation: 0, interpolation_duration: 1 }
$data merge entity $(bone_hips) { transformation: [-0.9961946980917455f,0f,0.0871557427476583f,-0.03906250000000001f,0f,1f,0f,0.230879375f,-0.0871557427476583f,0f,-0.9961946980917455f,0f,0f,0f,0f,1f], start_interpolation: 0, interpolation_duration: 1 }