# This file was generated by Animated Java via MC-Build. It is not recommended to edit this file directly.
$data merge entity $(bone_foot) { transformation: [-0.9972784697743371f,0.027549167757692533f,0.06838638081091392f,0.6871793588612363f,0.02271401618212737f,0.997253083952119f,-0.07050078025714451f,-1.6944549097181412f,-0.07014076698636024f,-0.06875558089236572f,-0.9951647817837599f,0.3593941792734327f,0f,0f,0f,1f], start_interpolation: 0, interpolation_duration: 1 }
$data merge entity $(bone_leg_low) { transformation: [-0.9969881227692071f,0.04933797092165951f,0.05983684218327344f,0.7869946690704569f,0.03239949528270926f,0.9659629232903556f,-0.2566435339800645f,-0.672587296782088f,-0.07046244221255885f,-0.25393187167759057f,-0.9646520869120419f,-0.14991699015755805f,0f,0f,0f,1f], start_interpolation: 0, interpolation_duration: 1 }
$data merge entity $(bone_bone4) { transformation: [-0.9969881227692071f,-0.07558353657155215f,0.017372738887962636f,0.7446471403908628f,0.03239949528270926f,-0.20239921604921984f,0.9787669947684622f,-0.8052500384677257f,-0.07046244221255885f,0.9763819367143157f,0.20423848289547125f,0.3882672688318301f,0f,0f,0f,1f], start_interpolation: 0, interpolation_duration: 1 }
$data merge entity $(bone_leg) { transformation: [-0.9969881227692071f,0.06289720518982429f,0.04537206890193163f,0.7971560538809365f,0.03239949528270926f,0.8693270649950857f,-0.4931741343303152f,-0.18357687500000008f,-0.07046244221255885f,-0.4902187222519548f,-0.8687465963047583f,0.07554582929545867f,0f,0f,0f,1f], start_interpolation: 0, interpolation_duration: 1 }
$data merge entity $(bone_foot2) { transformation: [-0.9962641307022791f,0.0027107853483504564f,0.08631589377876422f,-0.8949374904362706f,0.001209923895032825f,0.9998472566831141f,-0.017435578207201652f,-2.0900653821243385f,-0.08634997371279257f,-0.017266005503485393f,-0.9961152378584288f,-0.6429352108243832f,0f,0f,0f,1f], start_interpolation: 0, interpolation_duration: 1 }
$data merge entity $(bone_leg_low2) { transformation: [-0.9947062806086867f,0.04723215023007793f,0.09126083115047612f,-0.8508833692086983f,0.07141771213050169f,0.9563143204811932f,0.28348268172260294f,-0.948905545393049f,-0.07388454311746913f,0.2884996437211615f,-0.954625072927108f,-0.5460443275523406f,0f,0f,0f,1f], start_interpolation: 0, interpolation_duration: 1 }
$data merge entity $(bone_bone3) { transformation: [-0.9947062806086867f,-0.03589102858998502f,0.09628732722630347f,-0.8890142002927081f,0.07141771213050169f,0.4322643866531171f,0.8989143509953824f,-0.8786121876531744f,-0.07388454311746913f,0.901032371282052f,-0.42741284513941025f,0.03525679633173329f,0f,0f,0f,1f], start_interpolation: 0, interpolation_duration: 1 }
$data merge entity $(bone_leg2) { transformation: [-0.9947062806086867f,0.079365650638286f,0.06527257323251394f,-0.8459365545536647f,0.07141771213050169f,0.9906554223267916f,-0.11619528651615382f,-0.18357687500000008f,-0.07388454311746913f,-0.11091856342960729f,-0.9910792836978458f,-0.010565005468978546f,0f,0f,0f,1f], start_interpolation: 0, interpolation_duration: 1 }
$data merge entity $(bone_hips) { transformation: [-0.9986295347545738f,0f,0.05233595624294395f,-0.0226875f,0f,1f,0f,0.21312937499999995f,-0.05233595624294395f,0f,-0.9986295347545738f,0f,0f,0f,0f,1f], start_interpolation: 0, interpolation_duration: 1 }