# This file was generated by Animated Java via MC-Build. It is not recommended to edit this file directly.
$data merge entity $(bone_foot) { transformation: [-0.9996217952465748f,0.020482934904372856f,-0.018349818683527266f,0.7528634219463151f,0.020810346776089533f,0.9996243836124052f,-0.017833147635153618f,-1.7033206549438225f,0.017977650988769425f,-0.018208269144031855f,-0.9996725778972354f,0.14871842089221515f,0f,0f,0f,1f], start_interpolation: 0, interpolation_duration: 1 }
$data merge entity $(bone_leg_low) { transformation: [-0.9993397544490057f,0.0282276714107786f,-0.02287474031604155f,0.8096393631663262f,0.03102645880917566f,0.9906271378480596f,-0.13302342881133306f,-0.62470032139306f,0.018905396889876455f,-0.13364532287246844f,-0.9908488853719066f,-0.23459483269599052f,0f,0f,0f,1f], start_interpolation: 0, interpolation_duration: 1 }
$data merge entity $(bone_bone4) { transformation: [-0.9993397544490057f,0.008059579991352551f,0.03542736722033143f,0.8130507633919631f,0.03102645880917566f,-0.31807254700844084f,0.9475585542294076f,-0.8299066269119791f,0.018905396889876455f,0.9480321186594501f,0.3176124807977642f,0.28250475036623895f,0f,0f,0f,1f], start_interpolation: 0, interpolation_duration: 1 }
$data merge entity $(bone_leg) { transformation: [-0.9993397544490057f,0.01950079972000524f,-0.0306557333639479f,0.8378080545046167f,0.03102645880917566f,0.8970837809654322f,-0.44076983651621043f,-0.19057687499999998f,0.018905396889876455f,-0.4414299590411197f,-0.8970965261494394f,0.0038042807317072817f,0f,0f,0f,1f], start_interpolation: 0, interpolation_duration: 1 }
$data merge entity $(bone_foot2) { transformation: [-0.9999952319332724f,-0.00031033041548427865f,-0.0030724266881397063f,-0.9231788176278201f,-0.0002494692887025432f,0.9998041391778436f,-0.01978941757417202f,-2.105357084827533f,0.0030779661783005407f,-0.019788556740808094f,-0.9997994494629019f,-0.4554115495697493f,0f,0f,0f,1f], start_interpolation: 0, interpolation_duration: 1 }
$data merge entity $(bone_leg_low2) { transformation: [-0.9968171192832022f,0.07949332623866678f,0.006036703359555612f,-0.8630431310794399f,0.07890764610832296f,0.9730026593259541f,0.2168857033791416f,-0.9609072920870139f,0.011367237552811289f,0.21667172410846375f,-0.9761783391790069f,-0.4415280007982672f,0f,0f,0f,1f], start_interpolation: 0, interpolation_duration: 1 }
$data merge entity $(bone_bone3) { transformation: [-0.9968171192832022f,0.04784771760088807f,0.06376697126509964f,-0.8500477621523796f,0.07890764610832296f,0.47810822732854846f,0.8747491676740234f,-0.8816671555274344f,0.011367237552811289f,0.876996647018185f,-0.48036201663878386f,0.1480042873713196f,0f,0f,0f,1f], start_interpolation: 0, interpolation_duration: 1 }
$data merge entity $(bone_leg2) { transformation: [-0.9968171192832022f,0.07582120923951059f,-0.02463280198022004f,-0.8065371442541849f,0.07890764610832296f,0.9824103345777806f,-0.16924395971619466f,-0.19057687499999998f,0.011367237552811289f,-0.17064899280169105f,-0.9852663128140465f,0.061226080382425295f,0f,0f,0f,1f], start_interpolation: 0, interpolation_duration: 1 }
$data merge entity $(bone_hips) { transformation: [-0.9993908270190958f,0f,-0.034899496702500844f,0.01450000000000002f,0f,1f,0f,0.20612937500000006f,0.034899496702500844f,0f,-0.9993908270190958f,6.938893903907228e-18f,0f,0f,0f,1f], start_interpolation: 0, interpolation_duration: 1 }