# This file was generated by Animated Java via MC-Build. It is not recommended to edit this file directly.
$data merge entity $(bone_foot) { transformation: [-0.9981965425438003f,0.026172634023507352f,-0.0540245840509152f,0.7341918399923744f,0.01130344308747124f,0.965800645454537f,0.2590392738832628f,-1.5637553683812453f,0.058956718259848495f,0.2579614437621856f,-0.9643547059584238f,-0.8540307122454873f,0f,0f,0f,1f], start_interpolation: 0, interpolation_duration: 1 }
$data merge entity $(bone_leg_low) { transformation: [-0.9976884829658123f,0.05143871521653965f,-0.04440438643025904f,0.8118848812357261f,0.017530551793630632f,0.8261627367620779f,0.5631587805757845f,-0.5055236415163591f,0.06565341355319519f,0.5610785960653512f,-0.8251547965843427f,-0.4208058452008166f,0f,0f,0f,1f], start_interpolation: 0, interpolation_duration: 1 }
$data merge entity $(bone_bone4) { transformation: [-0.9976884829658123f,0.04775996740042229f,0.04833918153306529f,0.8336474233934881f,0.017530551793630632f,-0.5063805813114739f,0.8621318847046922f,-0.8718916791213823f,0.06565341355319519f,0.8609864646930081f,0.5043728153898154f,0.007730463986316341f,0f,0f,0f,1f], start_interpolation: 0, interpolation_duration: 1 }
$data merge entity $(bone_leg) { transformation: [-0.9976884829658123f,0.011422869337482284f,-0.0669866330955277f,0.8539392849657031f,0.017530551793630632f,0.9956680710567193f,-0.09131140143488395f,-0.17507687500000002f,0.06565341355319519f,-0.09227464621601374f,-0.9935668165526276f,-0.02493107346665261f,0f,0f,0f,1f], start_interpolation: 0, interpolation_duration: 1 }
$data merge entity $(bone_foot2) { transformation: [-0.9962858971960347f,-0.013152448187750786f,-0.08509655783262045f,-0.8190028941348668f,-0.011317278515906424f,0.9996936412549732f,-0.02201233384641843f,-2.1226109641691036f,0.08536000383836324f,-0.020967516329820912f,-0.9961295262181888f,0.36735156084620424f,0f,0f,0f,1f], start_interpolation: 0, interpolation_duration: 1 }
$data merge entity $(bone_leg_low2) { transformation: [-0.9967530020213073f,0.03142540245156196f,-0.07413431757471696f,-0.8316079907071412f,0.04644174930217383f,0.9764930279028831f,-0.21048641376301036f,-1.0756812478762425f,0.0657770239769607f,-0.21324589219447238f,-0.9747818076774504f,-0.09886047515276658f,0f,0f,0f,1f], start_interpolation: 0, interpolation_duration: 1 }
$data merge entity $(bone_bone3) { transformation: [-0.9967530020213073f,0.07938015321430002f,-0.013499786560752722f,-0.7853635275349435f,0.04644174930217383f,0.7037235799834263f,0.7089543616461247f,-0.7974866734667247f,0.0657770239769607f,0.7060254345637871f,-0.7051251441168084f,0.40548683042645667f,0f,0f,0f,1f], start_interpolation: 0, interpolation_duration: 1 }
$data merge entity $(bone_leg2) { transformation: [-0.9967530020213073f,0.007886028298918442f,-0.08013278679279963f,-0.7874002312191729f,0.04644174930217383f,0.8692818529407403f,-0.4921302917619146f,-0.17507687500000002f,0.0657770239769607f,-0.49425385249442594f,-0.8668255374705758f,0.08984256621705938f,0f,0f,0f,1f], start_interpolation: 0, interpolation_duration: 1 }
$data merge entity $(bone_hips) { transformation: [-0.9975640502598242f,0f,-0.06975647374412518f,0.030999999999999993f,0f,1f,0f,0.22162937500000002f,0.06975647374412518f,0f,-0.9975640502598242f,6.938893903907228e-18f,0f,0f,0f,1f], start_interpolation: 0, interpolation_duration: 1 }