# This file was generated by Animated Java via MC-Build. It is not recommended to edit this file directly.
$data merge entity $(bone_foot) { transformation: [-0.984807753012208f,1.3877787807814457e-17f,-0.1736481776669302f,0.6390821106284542f,0f,1f,1.1102230246251565e-16f,-1.7778994661430634f,0.17364817766693022f,1.1102230246251565e-16f,-0.984807753012208f,-1.2332873001162514f,0f,0f,0f,1f], start_interpolation: 0, interpolation_duration: 1 }
$data merge entity $(bone_leg_low) { transformation: [-0.984807753012208f,0.09960050292505114f,-0.14224425972292393f,0.7473930230547665f,0f,0.8191520442889918f,0.5735764363510462f,-0.7245456869065854f,0.17364817766693022f,0.5648625214636235f,-0.8067072841115986f,-0.7947796675206922f,0f,0f,0f,1f], start_interpolation: 0, interpolation_duration: 1 }
$data merge entity $(bone_bone4) { transformation: [-0.984807753012208f,0.17216259343480442f,-0.022665635416815398f,0.8469057357964078f,0f,0.13052619222005157f,0.9914448613738105f,-0.8214087904672364f,0.17364817766693022f,0.9763825861650423f,-0.12854320606946856f,-0.23041502892818197f,0f,0f,0f,1f], start_interpolation: 0, interpolation_duration: 1 }
$data merge entity $(bone_leg) { transformation: [-0.984807753012208f,0.0226656354168154f,-0.17216259343480442f,0.8783251306600205f,0f,0.9914448613738104f,0.13052619222005157f,-0.13457687500000004f,0.17364817766693022f,0.12854320606946854f,-0.9763825861650423f,-0.11081507725766752f,0f,0f,0f,1f], start_interpolation: 0, interpolation_duration: 1 }
$data merge entity $(bone_foot2) { transformation: [-0.9785144915637219f,-0.030292376709138133f,-0.20394058378140945f,-0.4619612334958359f,-0.03084359959334134f,0.9995241097143617f,-0.0004758821685240111f,-1.9513540341791076f,0.20385794604065857f,0.005824604108808473f,-0.9789831519607778f,1.0447091048596326f,0f,0f,0f,1f], start_interpolation: 0, interpolation_duration: 1 }
$data merge entity $(bone_leg_low2) { transformation: [-0.9785144915637219f,-0.1282042596618264f,-0.1614715380627602f,-0.6735354572245207f,-0.03084359959334134f,0.8653753296233996f,-0.5001741809043305f,-1.0994677445894219f,0.20385794604065857f,-0.4844473208551734f,-0.8507365815293992f,0.3077555925607389f,0f,0f,0f,1f], start_interpolation: 0, interpolation_duration: 1 }
$data merge entity $(bone_bone3) { transformation: [-0.9785144915637219f,0.10011860296808842f,-0.18023777389745113f,-0.6206161309747877f,-0.03084359959334134f,0.7932654898524623f,0.6080941826504005f,-0.6496827229539431f,0.20385794604065857f,0.6005881516887019f,-0.7731337593762366f,0.6298196474809459f,0f,0f,0f,1f], start_interpolation: 0, interpolation_duration: 1 }
$data merge entity $(bone_leg2) { transformation: [-0.9785144915637219f,-0.1656277147402669f,-0.12278782476168884f,-0.7420258437392334f,-0.03084359959334134f,0.7064337764300626f,-0.707106775446881f,-0.13457687500000004f,0.20385794604065857f,-0.6881270083557809f,-0.6963642424819118f,0.17489651774617193f,0f,0f,0f,1f], start_interpolation: 0, interpolation_duration: 1 }
$data merge entity $(bone_hips) { transformation: [-0.984807753012208f,0f,-0.17364817766693022f,0.0625f,0f,1f,0f,0.262129375f,0.17364817766693022f,0f,-0.984807753012208f,1.3877787807814457e-17f,0f,0f,0f,1f], start_interpolation: 0, interpolation_duration: 1 }
execute on vehicle unless entity @s[tag=aj.transforms_only] positioned ^0 ^0 ^0 rotated ~0 ~0 run function animated_java:mech_legs/animations/walking_backwards/zzz/frames/zzz/1