# This file was generated by Animated Java via MC-Build. It is not recommended to edit this file directly.
$data merge entity $(bone_foot) { transformation: [-0.9952551768227245f,-0.0137288733593555f,-0.09632575483145782f,0.8504679213291869f,-0.012363766723194527f,0.9998147056276613f,-0.014754378437857152f,-1.9291098438277907f,0.0965104672042456f,-0.013493422358907048f,-0.9952405022270057f,-0.9696410028838653f,0f,0f,0f,1f], start_interpolation: 0, interpolation_duration: 1 }
$data merge entity $(bone_leg_low) { transformation: [-0.9965773265863147f,-0.01698141619056886f,-0.08090280364880148f,0.8428266945903099f,-0.051143238693316835f,0.8955467429036268f,0.44201855211140595f,-0.8194500698164305f,0.06494614130209937f,0.4446432983627079f,-0.893350063497563f,-0.6829858452084201f,0f,0f,0f,1f], start_interpolation: 0, interpolation_duration: 1 }
$data merge entity $(bone_bone4) { transformation: [-0.9965773265863147f,0.046962938009134314f,-0.06803024759343484f,0.883658057426336f,-0.051143238693316835f,0.29628256068489567f,0.9537300526721173f,-0.8615327136800546f,0.06494614130209937f,0.9539450333680403f,-0.2928666454931602f,-0.08958080307093319f,0f,0f,0f,1f], start_interpolation: 0, interpolation_duration: 1 }
$data merge entity $(bone_leg) { transformation: [-0.9965773265863147f,-0.049508486062536855f,-0.06620076994921911f,0.8614413400995492f,-0.051143238693316835f,0.9984211109532487f,0.023230461442663712f,-0.16582687500000004f,0.06494614130209937f,0.026536672939090535f,-0.9975358658811679f,-0.0392895472178362f,0f,0f,0f,1f], start_interpolation: 0, interpolation_duration: 1 }
$data merge entity $(bone_foot2) { transformation: [-0.9933736845843847f,-0.027115832699159393f,-0.11168462021368249f,-0.6318457063603431f,-0.026516409900928774f,0.9996249134088555f,-0.006849269910281119f,-1.914803795244809f,0.11182845246720184f,-0.0038424093182733987f,-0.9937200979699574f,0.4865712541669972f,0f,0f,0f,1f], start_interpolation: 0, interpolation_duration: 1 }
$data merge entity $(bone_leg_low2) { transformation: [-0.9927406270304667f,-0.06709704133243227f,-0.09982001045676894f,-0.7608424079910344f,-0.03428038340598809f,0.9533552576645219f,-0.29989766253999256f,-0.9172968829359749f,0.11528617764803394f,-0.2942987253248759f,-0.9487346085789531f,-0.06289593565551721f,0f,0f,0f,1f], start_interpolation: 0, interpolation_duration: 1 }
$data merge entity $(bone_bone3) { transformation: [-0.9927406270304667f,0.10415904090162068f,-0.060141014637351234f,-0.7048197718420646f,-0.03428038340598809f,0.23425446768544222f,0.9715707383834429f,-0.7574326051804863f,0.11528617764803394f,0.9665794010674263f,-0.2289833152774267f,0.46705619667497544f,0f,0f,0f,1f], start_interpolation: 0, interpolation_duration: 1 }
$data merge entity $(bone_leg2) { transformation: [-0.9927406270304667f,-0.09351830383784095f,-0.07563315602597083f,-0.7776451159189591f,-0.03428038340598809f,0.8227560712228265f,-0.5673599409365432f,-0.16582687500000004f,0.11528617764803394f,-0.5606485299305374f,-0.819989221349911f,0.1041119362226661f,0f,0f,0f,1f], start_interpolation: 0, interpolation_duration: 1 }
$data merge entity $(bone_hips) { transformation: [-0.9961946980917455f,0f,-0.08715574274765805f,0.0390625f,0f,1f,0f,0.230879375f,0.08715574274765805f,0f,-0.9961946980917455f,6.938893903907228e-18f,0f,0f,0f,1f], start_interpolation: 0, interpolation_duration: 1 }