# This file was generated by Animated Java via MC-Build. It is not recommended to edit this file directly.
$data merge entity $(bone_foot) { transformation: [-0.9999742140943652f,-0.0031740634343795987f,-0.006441775195669f,0.9573680983993139f,-0.003097684616272926f,0.9999251972575154f,-0.011832338717969293f,-2.068771202783603f,0.00647884992688579f,-0.011812079022474609f,-0.9999092455282087f,-0.41679145635512144f,0f,0f,0f,1f], start_interpolation: 0, interpolation_duration: 1 }
$data merge entity $(bone_leg_low) { transformation: [-0.9961702772127313f,-0.0865387346669852f,0.012483036495470883f,0.8936649654008758f,-0.08335971674691928f,0.983092861528215f,0.16303246068234128f,-0.9255278340443172f,-0.02638060692598844f,0.1613675091661977f,-0.9865417328038958f,-0.46690026303404464f,0f,0f,0f,1f], start_interpolation: 0, interpolation_duration: 1 }
$data merge entity $(bone_bone4) { transformation: [-0.9961702772127313f,-0.06142702437052555f,-0.0622213747428726f,0.8741141612696532f,-0.08335971674691928f,0.4525299642878524f,0.8878444621922853f,-0.8820863876294429f,-0.02638060692598844f,0.8896310201980469f,-0.4559174393238305f,0.1340966491064589f,0f,0f,0f,1f], start_interpolation: 0, interpolation_duration: 1 }
$data merge entity $(bone_leg) { transformation: [-0.9961702772127313f,-0.0759039541899717f,0.043397794140218736f,0.8299287668466022f,-0.08335971674691928f,0.9742545257089669f,-0.20947380924466266f,-0.195326875f,-0.02638060692598844f,-0.2122892104510322f,-0.9768507330725068f,0.018172408111629134f,0f,0f,0f,1f], start_interpolation: 0, interpolation_duration: 1 }
$data merge entity $(bone_foot2) { transformation: [-0.9992094931294837f,-0.0146548293438808f,-0.036954361269300635f,-0.7439975181644832f,-0.017056467385422203f,0.9977045019117209f,0.06553475250135843f,-1.7811689252888745f,0.03590913198965253f,0.0661132576869875f,-0.9971657692669577f,-0.11044935808721926f,0f,0f,0f,1f], start_interpolation: 0, interpolation_duration: 1 }
$data merge entity $(bone_leg_low2) { transformation: [-0.999085516024674f,-0.01988545757634294f,-0.037851027022923735f,-0.8056833051666498f,-0.022768035740464494f,0.9967467157099128f,0.07731494855474325f,-0.6459996375980244f,0.03619044374184393f,0.07810603880930805f,-0.9962879596197511f,-0.2559139028818995f,0f,0f,0f,1f], start_interpolation: 0, interpolation_duration: 1 }
$data merge entity $(bone_bone3) { transformation: [-0.999085516024674f,0.04235960124965181f,-0.005813419964283882f,-0.7822450837438619f,-0.022768035740464494f,-0.41199039986979935f,0.9109036869854261f,-0.8602050551252293f,0.03619044374184393f,0.9102030403141339f,0.4125780861663343f,0.25636914827588764f,0f,0f,0f,1f], start_interpolation: 0, interpolation_duration: 1 }
$data merge entity $(bone_leg2) { transformation: [-0.999085516024674f,-0.03386838332896293f,-0.02609720828734493f,-0.8151681387597283f,-0.022768035740464494f,0.9380511071066348f,-0.34574808315381556f,-0.195326875f,0.03619044374184393f,-0.3448377199012591f,-0.9379643909632547f,0.04688768141219727f,0f,0f,0f,1f], start_interpolation: 0, interpolation_duration: 1 }
$data merge entity $(bone_hips) { transformation: [-0.9998476951563913f,0f,-0.01745240643728339f,0.006812500000000006f,0f,1f,0f,0.20137937500000003f,0.01745240643728339f,0f,-0.9998476951563913f,6.938893903907228e-18f,0f,0f,0f,1f], start_interpolation: 0, interpolation_duration: 1 }