# This file was generated by Animated Java via MC-Build. It is not recommended to edit this file directly.
$data merge entity $(bone_foot) { transformation: [-0.9931189384291748f,0.017778828193789446f,0.11575269932647238f,0.7830070387849326f,0.017710908546478842f,0.9998418447228618f,-0.0016153202912931597f,-2.1160397350926137f,-0.11576311092816774f,0.0004458802988669963f,-0.9932767506284396f,0.45487738698182245f,0f,0f,0f,1f], start_interpolation: 0, interpolation_duration: 1 }
$data merge entity $(bone_leg_low) { transformation: [-0.9926479247331658f,-0.010337492769725655f,0.12059533061514098f,0.8300530935563892f,-0.04019051980892639f,0.967966237521177f,-0.2478428637999992f,-1.0876419438719214f,-0.11417013462559983f,-0.25086749343494563f,-0.9612651460951029f,-0.04886762149944868f,0f,0f,0f,1f], start_interpolation: 0, interpolation_duration: 1 }
$data merge entity $(bone_bone4) { transformation: [-0.9926479247331658f,-0.10824481052309984f,0.05415864213361987f,0.7625938140827081f,-0.04019051980892639f,0.71683687215254f,0.696081619380983f,-0.7835870619392411f,-0.11417013462559983f,0.6887873109439382f,-0.7159170487159744f,0.4306202077629796f,0f,0f,0f,1f], start_interpolation: 0, interpolation_duration: 1 }
$data merge entity $(bone_leg) { transformation: [-0.9926479247331658f,0.026611125037177517f,0.11807601596935338f,0.7874002312191729f,-0.04019051980892639f,0.8477146876518309f,-0.5289277176106837f,-0.17507687500000002f,-0.11417013462559983f,-0.5297845376788705f,-0.8404127105154691f,0.08984256621705958f,0f,0f,0f,1f], start_interpolation: 0, interpolation_duration: 1 }
$data merge entity $(bone_foot2) { transformation: [-0.9983943856572652f,-0.022545641022145506f,0.051964841565739744f,-0.7339563623377751f,-0.008668600928627371f,0.9673845612233889f,0.2531639114577192f,-1.6521282810020288f,-0.05597772812460403f,0.25230696537656694f,-0.9660267538616494f,-0.9598393391079578f,0f,0f,0f,1f], start_interpolation: 0, interpolation_duration: 1 }
$data merge entity $(bone_leg_low2) { transformation: [-0.9980863066447204f,-0.047668541039709536f,0.039388255653768765f,-0.8086128092227475f,-0.015662360015961076f,0.8110868885955661f,0.5847159563643655f,-0.6056782332798432f,-0.05981985428794979f,0.5829800762834948f,-0.8102813188575058f,-0.498381763173073f,0f,0f,0f,1f], start_interpolation: 0, interpolation_duration: 1 }
$data merge entity $(bone_bone3) { transformation: [-0.9980863066447204f,-0.042809972211130504f,-0.04462096780195778f,-0.8336372898837813f,-0.015662360015961076f,-0.5230496450556931f,0.8521582947351063f,-0.8725170396325079f,-0.05981985428794979f,0.8512263947308f,0.5213781832284244f,-0.010986444728249944f,0f,0f,0f,1f], start_interpolation: 0, interpolation_duration: 1 }
$data merge entity $(bone_leg2) { transformation: [-0.9980863066447204f,-0.011724352479069982f,0.06071461148066126f,-0.8539392849657031f,-0.015662360015961076f,0.9977755561614795f,-0.06479683638404485f,-0.17507687500000002f,-0.05981985428794979f,-0.06562376921205289f,-0.996049750739074f,-0.02493107346665282f,0f,0f,0f,1f], start_interpolation: 0, interpolation_duration: 1 }
$data merge entity $(bone_hips) { transformation: [-0.9975640502598242f,0f,0.06975647374412543f,-0.030999999999999993f,0f,1f,0f,0.22162937500000002f,-0.06975647374412543f,0f,-0.9975640502598242f,0f,0f,0f,0f,1f], start_interpolation: 0, interpolation_duration: 1 }