# This file was generated by Animated Java via MC-Build. It is not recommended to edit this file directly.
$data merge entity $(bone_foot) { transformation: [-0.9835570915989676f,0.027399673962958546f,0.1785068778285685f,0.5268832749010646f,0.02867603002914343f,0.9995782954850296f,0.004573455696834983f,-1.9801339625561982f,-0.17830628947725755f,0.009617123372756442f,-0.9839280350060597f,1.0237062378651947f,0f,0f,0f,1f], start_interpolation: 0, interpolation_duration: 1 }
$data merge entity $(bone_leg_low) { transformation: [-0.9845441932707336f,0.09837107536495977f,0.14489949285080966f,0.7012934962604163f,0.015264710652346239f,0.8724031227863355f,-0.4885486464635333f,-1.1171593694108228f,-0.17446982577391595f,-0.47878588417390894f,-0.8604210347325476f,0.28992813237423026f,0f,0f,0f,1f], start_interpolation: 0, interpolation_duration: 1 }
$data merge entity $(bone_bone4) { transformation: [-0.9845441932707336f,-0.08465373091028246f,0.15331822246507398f,0.6530105561544927f,0.015264710652346239f,0.830612724426953f,0.5566412584679067f,-0.6602921275803921f,-0.17446982577391595f,0.5503782770631525f,-0.8164827199833535f,0.6023640182164017f,0f,0f,0f,1f], start_interpolation: 0, interpolation_duration: 1 }
$data merge entity $(bone_leg) { transformation: [-0.9845441932707336f,0.13315393877038328f,0.1137662519678549f,0.7521395487771497f,0.015264710652346239f,0.7123565017833955f,-0.701651767599586f,-0.1410768750000001f,-0.17446982577391595f,-0.6890705645700275f,-0.7033790137170451f,0.14671242848245272f,0f,0f,0f,1f], start_interpolation: 0, interpolation_duration: 1 }
$data merge entity $(bone_foot2) { transformation: [-0.9912212056169042f,-0.0142293832671943f,0.13144598201240776f,-0.6647048877223269f,-0.0026837351277337945f,0.996152256794345f,0.0875983952438475f,-1.8526659622854296f,-0.13218668276772477f,0.08647662074438639f,-0.9874454288534109f,-1.2312958812983454f,0f,0f,0f,1f], start_interpolation: 0, interpolation_duration: 1 }
$data merge entity $(bone_leg_low2) { transformation: [-0.9907375942122627f,-0.09001652982176409f,0.10166633549678772f,-0.7719866974575555f,-0.008232407906271558f,0.7871406760538282f,0.6167185610645969f,-0.8253196208032225f,-0.13554057279856352f,0.6101693047510418f,-0.7805909124919836f,-0.7346828631745639f,0f,0f,0f,1f], start_interpolation: 0, interpolation_duration: 1 }
$data merge entity $(bone_bone3) { transformation: [-0.9907375942122627f,-0.13470920484211643f,-0.017101156256307842f,-0.8473543280353252f,-0.008232407906271558f,-0.06612017685286312f,0.9977777055401724f,-0.8309353343021391f,-0.13554057279856352f,0.9886766672394727f,0.06439876382110518f,-0.18343998215659474f,0f,0f,0f,1f], start_interpolation: 0, interpolation_duration: 1 }
$data merge entity $(bone_leg2) { transformation: [-0.9907375942122627f,-0.0220971617428631f,0.1339803525051628f,-0.8771955424566212f,-0.008232407906271558f,0.9946299859251436f,0.10316694508714194f,-0.1410768750000001f,-0.13554057279856352f,0.10110839006461508f,-0.9855992322358916f,-0.08227568524943873f,0f,0f,0f,1f], start_interpolation: 0, interpolation_duration: 1 }
$data merge entity $(bone_hips) { transformation: [-0.9902680687415704f,0f,0.13917310096006555f,-0.058f,0f,1f,0f,0.25562937499999994f,-0.13917310096006555f,0f,-0.9902680687415704f,-6.938893903907228e-18f,0f,0f,0f,1f], start_interpolation: 0, interpolation_duration: 1 }