# This file was generated by Animated Java via MC-Build. It is not recommended to edit this file directly.
$data merge entity $(bone_foot) { transformation: [-1f,5.3926038442842604e-33f,1.224646799147353e-16f,0.781980625f,0f,0.9999999999999999f,-7.632783294297951e-17f,-1.5950832245861442f,-1.2246467991473532e-16f,-7.632783294297951e-17f,-0.9999999999999999f,0.33758700155522997f,0f,0f,0f,1f], start_interpolation: 0, interpolation_duration: 1 }
$data merge entity $(bone_leg_low) { transformation: [-1f,-5.3418343117727156e-18f,1.2234812067540774e-16f,0.8125f,0f,0.9990482215818576f,0.04361938736533591f,-0.4645575964717291f,-1.2246467991473532e-16f,0.04361938736533591f,-0.9990482215818576f,0.1516979116304339f,0f,0f,0f,1f], start_interpolation: 0, interpolation_duration: 1 }
$data merge entity $(bone_bone4) { transformation: [-1f,-1.1956177801397677e-16f,2.6506208041798652e-17f,0.8124999999999999f,0f,0.2164396139381029f,0.9762960071199331f,-0.5737739490121267f,-1.2246467991473532e-16f,0.9762960071199331f,-0.2164396139381029f,0.7449234712515372f,0f,0f,0f,1f], start_interpolation: 0, interpolation_duration: 1 }
$data merge entity $(bone_leg) { transformation: [-1f,1.0605752387249068e-16f,6.123233995736767e-17f,0.82267375f,0f,0.5000000000000001f,-0.8660254037844386f,-0.19707687500000004f,-1.2246467991473532e-16f,-0.8660254037844386f,-0.5000000000000001f,0.15753500000000012f,0f,0f,0f,1f], start_interpolation: 0, interpolation_duration: 1 }
$data merge entity $(bone_foot2) { transformation: [-1f,5.3926038442842604e-33f,1.224646799147353e-16f,-0.781980625f,0f,0.9999999999999999f,-7.632783294297951e-17f,-1.5950832245861442f,-1.2246467991473532e-16f,-7.632783294297951e-17f,-0.9999999999999999f,0.33758700155522975f,0f,0f,0f,1f], start_interpolation: 0, interpolation_duration: 1 }
$data merge entity $(bone_leg_low2) { transformation: [-1f,-5.3418343117727156e-18f,1.2234812067540774e-16f,-0.8125f,0f,0.9990482215818576f,0.04361938736533591f,-0.4645575964717291f,-1.2246467991473532e-16f,0.04361938736533591f,-0.9990482215818576f,0.15169791163043367f,0f,0f,0f,1f], start_interpolation: 0, interpolation_duration: 1 }
$data merge entity $(bone_bone3) { transformation: [-1f,-1.1956177801397677e-16f,2.6506208041798652e-17f,-0.8125000000000001f,0f,0.2164396139381029f,0.9762960071199331f,-0.5737739490121267f,-1.2246467991473532e-16f,0.9762960071199331f,-0.2164396139381029f,0.744923471251537f,0f,0f,0f,1f], start_interpolation: 0, interpolation_duration: 1 }
$data merge entity $(bone_leg2) { transformation: [-1f,1.0605752387249068e-16f,6.123233995736767e-17f,-0.82267375f,0f,0.5000000000000001f,-0.8660254037844386f,-0.19707687500000004f,-1.2246467991473532e-16f,-0.8660254037844386f,-0.5000000000000001f,0.1575349999999999f,0f,0f,0f,1f], start_interpolation: 0, interpolation_duration: 1 }
$data merge entity $(bone_hips) { transformation: [-1f,0f,1.2246467991473532e-16f,-1.3877787807814457e-17f,0f,1f,0f,0.199629375f,-1.2246467991473532e-16f,0f,-1f,0.125f,0f,0f,0f,1f], start_interpolation: 0, interpolation_duration: 1 }