# This file was generated by Animated Java via MC-Build. It is not recommended to edit this file directly.
$data merge entity $(bone_foot) { transformation: [-1f,-2.1916809355477164e-19f,1.224644837982235e-16f,0.781980625f,0f,0.9999983985871521f,0.001789643297213192f,-1.629873518245287f,-1.2246467991473532e-16f,0.001789643297213192f,-0.9999983985871521f,0.21252803002800486f,0f,0f,0f,1f], start_interpolation: 0, interpolation_duration: 1 }
$data merge entity $(bone_leg_low) { transformation: [-1f,-4.893453578404694e-18f,1.223668743520671e-16f,0.8125f,0f,0.9992013569729956f,0.03995808082633867f,-0.5000366716692817f,-1.2246467991473532e-16f,0.03995808082633867f,-0.9992013569729956f,0.022497375406834164f,0f,0f,0f,1f], start_interpolation: 0, interpolation_duration: 1 }
$data merge entity $(bone_bone4) { transformation: [-1f,-1.194638432013472e-16f,2.6944164380854385e-17f,0.8124999999999999f,0f,0.2200157988377871f,0.9754963086869013f,-0.5865968030190899f,-1.2246467991473532e-16f,0.9754963086869013f,-0.2200157988377871f,0.6114997030730965f,0f,0f,0f,1f], start_interpolation: 0, interpolation_duration: 1 }
$data merge entity $(bone_leg) { transformation: [-1f,1.0468567863784466e-16f,6.354924480080384e-17f,0.82267375f,0f,0.5189189637783669f,-0.8548234373431662f,-0.19707687500000004f,-1.2246467991473532e-16f,-0.8548234373431662f,-0.5189189637783669f,0.032535000000000106f,0f,0f,0f,1f], start_interpolation: 0, interpolation_duration: 1 }
$data merge entity $(bone_foot2) { transformation: [-1f,-2.1916809355477164e-19f,1.224644837982235e-16f,-0.781980625f,0f,0.9999983985871521f,0.001789643297213192f,-1.629873518245287f,-1.2246467991473532e-16f,0.001789643297213192f,-0.9999983985871521f,0.21252803002800463f,0f,0f,0f,1f], start_interpolation: 0, interpolation_duration: 1 }
$data merge entity $(bone_leg_low2) { transformation: [-1f,-4.893453578404694e-18f,1.223668743520671e-16f,-0.8125f,0f,0.9992013569729956f,0.03995808082633867f,-0.5000366716692817f,-1.2246467991473532e-16f,0.03995808082633867f,-0.9992013569729956f,0.02249737540683394f,0f,0f,0f,1f], start_interpolation: 0, interpolation_duration: 1 }
$data merge entity $(bone_bone3) { transformation: [-1f,-1.194638432013472e-16f,2.6944164380854385e-17f,-0.8125000000000001f,0f,0.2200157988377871f,0.9754963086869013f,-0.5865968030190899f,-1.2246467991473532e-16f,0.9754963086869013f,-0.2200157988377871f,0.6114997030730963f,0f,0f,0f,1f], start_interpolation: 0, interpolation_duration: 1 }
$data merge entity $(bone_leg2) { transformation: [-1f,1.0468567863784466e-16f,6.354924480080384e-17f,-0.82267375f,0f,0.5189189637783669f,-0.8548234373431662f,-0.19707687500000004f,-1.2246467991473532e-16f,-0.8548234373431662f,-0.5189189637783669f,0.0325349999999999f,0f,0f,0f,1f], start_interpolation: 0, interpolation_duration: 1 }