# This file was generated by Animated Java via MC-Build. It is not recommended to edit this file directly.
$data merge entity $(bone_foot) { transformation: [-1f,-2.504777802749547e-19f,1.2246442376257754e-16f,0.781980625f,0f,0.9999979083589f,0.00204530629116359f,-1.6788203784006908f,-1.2246467991473532e-16f,0.00204530629116359f,-0.9999979083589f,0.3372318889216431f,0f,0f,0f,1f], start_interpolation: 0, interpolation_duration: 1 }
$data merge entity $(bone_leg_low) { transformation: [-1f,-4.257267295143367e-18f,1.2239065937315755e-16f,0.8125f,0f,0.99939557640922f,0.034763225593758385f,-0.5499866664103324f,-1.2246467991473532e-16f,0.034763225593758385f,-0.99939557640922f,0.14133038241740314f,0f,0f,0f,1f], start_interpolation: 0, interpolation_duration: 1 }
$data merge entity $(bone_bone4) { transformation: [-1f,-1.193221606411563e-16f,2.756482915863373e-17f,0.8124999999999999f,0f,0.22508391135979328f,0.9743393827855756f,-0.6044628682092832f,-1.2246467991473532e-16f,0.9743393827855756f,-0.22508391135979328f,0.724070571932956f,0f,0f,0f,1f], start_interpolation: 0, interpolation_duration: 1 }
$data merge entity $(bone_leg) { transformation: [-1f,1.026529202623965e-16f,6.678305015661266e-17f,0.82267375f,0f,0.5453249884220464f,-0.8382247055548381f,-0.19707687500000004f,-1.2246467991473532e-16f,-0.8382247055548381f,-0.5453249884220464f,0.15753500000000012f,0f,0f,0f,1f], start_interpolation: 0, interpolation_duration: 1 }
$data merge entity $(bone_foot2) { transformation: [-1f,-2.504777802749547e-19f,1.2246442376257754e-16f,-0.781980625f,0f,0.9999979083589f,0.00204530629116359f,-1.6788203784006908f,-1.2246467991473532e-16f,0.00204530629116359f,-0.9999979083589f,0.33723188892164285f,0f,0f,0f,1f], start_interpolation: 0, interpolation_duration: 1 }
$data merge entity $(bone_leg_low2) { transformation: [-1f,-4.257267295143367e-18f,1.2239065937315755e-16f,-0.8125f,0f,0.99939557640922f,0.034763225593758385f,-0.5499866664103324f,-1.2246467991473532e-16f,0.034763225593758385f,-0.99939557640922f,0.14133038241740292f,0f,0f,0f,1f], start_interpolation: 0, interpolation_duration: 1 }
$data merge entity $(bone_bone3) { transformation: [-1f,-1.193221606411563e-16f,2.756482915863373e-17f,-0.8125000000000001f,0f,0.22508391135979328f,0.9743393827855756f,-0.6044628682092832f,-1.2246467991473532e-16f,0.9743393827855756f,-0.22508391135979328f,0.7240705719329558f,0f,0f,0f,1f], start_interpolation: 0, interpolation_duration: 1 }
$data merge entity $(bone_leg2) { transformation: [-1f,1.026529202623965e-16f,6.678305015661266e-17f,-0.82267375f,0f,0.5453249884220464f,-0.8382247055548381f,-0.19707687500000004f,-1.2246467991473532e-16f,-0.8382247055548381f,-0.5453249884220464f,0.1575349999999999f,0f,0f,0f,1f], start_interpolation: 0, interpolation_duration: 1 }