# This file was generated by Animated Java via MC-Build. It is not recommended to edit this file directly.
$data merge entity $(bone_barrel1) { transformation: [0.178543302947657f,-1.3146526537472332f,-0.13262151690308496f,1.5826536412937227f,-0.9860317512953535f,-0.2216488727209325f,0.8697073878246263f,-0.9292844338592066f,-0.879568901330496f,-0.01838355228659434f,-1.0018973852622666f,0.46818398968690417f,0f,0f,0f,1f], start_interpolation: 0, interpolation_duration: 1 }
$data merge entity $(bone_barrel2) { transformation: [0.178543302947657f,-1.3146526537472332f,-0.13262151690308496f,1.2129075824273132f,-0.9860317512953535f,-0.2216488727209325f,0.8697073878246263f,-0.991623179311969f,-0.879568901330496f,-0.01838355228659434f,-1.0018973852622666f,0.4630136156062995f,0f,0f,0f,1f], start_interpolation: 0, interpolation_duration: 1 }
$data merge entity $(bone_drillhead_right1) { transformation: [-0.13185617940068795f,0.057036564584131616f,0.9896265852604678f,-1.2860913208373994f,-0.8439210687980985f,0.5172628058692659f,-0.14225476899889583f,-0.7723123564177456f,-0.5200107475740562f,-0.8539238958857482f,-0.020069938783589033f,1.333169535244225f,0f,0f,0f,1f], start_interpolation: 0, interpolation_duration: 1 }
$data merge entity $(bone_drillhead_right2) { transformation: [-0.8638365716395798f,0.057036564584131616f,-0.500532923790651f,-1.4375753576973171f,0.4543808807330724f,0.5172628058692659f,-0.7252428592468123f,-0.512546014919937f,0.21754170340928852f,-0.8539238958857482f,-0.47274685330850275f,1.4804043628763899f,0f,0f,0f,1f], start_interpolation: 0, interpolation_duration: 1 }
$data merge entity $(bone_drillhead_right3) { transformation: [0.9647549222627844f,0.057036564584131616f,-0.2568944730237871f,-1.0620481197166052f,0.19152834177267047f,0.5172628058692659f,0.8341199457884132f,-0.5664143438222404f,0.18045729208746375f,-0.8539238958857482f,0.4881077194306249f,1.472856501264412f,0f,0f,0f,1f], start_interpolation: 0, interpolation_duration: 1 }
$data merge entity $(bone_drill_right) { transformation: [-0.20158244128874347f,0.08719780888427858f,1.51294648402354f,-1.2217265951555651f,-1.2901911012176557f,0.7907941794531321f,-0.21747986139217737f,-0.27131889161821443f,-0.7949952476160999f,-1.3054834774512347f,-0.030683031124519325f,0.8487801197058648f,0f,0f,0f,1f], start_interpolation: 0, interpolation_duration: 1 }
$data merge entity $(bone_barrel3) { transformation: [-0.17580823920091695f,-1.3195021136806235f,0.0760487527788424f,-1.0750581922913263f,-1.125228091730798f,0.18967302533186098f,0.6896837411590209f,-0.8401180674254478f,-0.6933476634320745f,0.0267599183781183f,-1.1385651945143311f,0.800734186081766f,0f,0f,0f,1f], start_interpolation: 0, interpolation_duration: 1 }
$data merge entity $(bone_barrel4) { transformation: [-0.17580823920091695f,-1.3195021136806235f,0.0760487527788424f,-1.4461681617640014f,-1.125228091730798f,0.18967302533186098f,0.6896837411590209f,-0.7867725290508618f,-0.6933476634320745f,0.0267599183781183f,-1.1385651945143311f,0.8082604131256117f,0f,0f,0f,1f], start_interpolation: 0, interpolation_duration: 1 }
$data merge entity $(bone_blaster_right) { transformation: [-0.22722434767657063f,-1.7053979290259116f,0.09828963830324926f,-1.4929715136538477f,-1.454307376565486f,0.24514396850093123f,0.8913856307320205f,-2.2537840355820227f,-0.8961210876833916f,0.034586007032339876f,-1.4715449900792663f,-0.4478636638344504f,0f,0f,0f,1f], start_interpolation: 0, interpolation_duration: 1 }
$data merge entity $(bone_rocket_right) { transformation: [-2.28039200462718f,0.13142909435362682f,-0.30383558985218245f,-1.03777223798916f,0.3277970122031306f,1.191926312776689f,-1.944643450859893f,0.016767903445917942f,0.04624706795180452f,-1.9676929194716735f,-1.1982583822523047f,0.1161247630721915f,0f,0f,0f,1f], start_interpolation: 0, interpolation_duration: 1 }
$data merge entity $(bone_sword_right) { transformation: [-2.6364130550855074f,0.15194816481941487f,-0.35127123497210316f,-1.0665837465337669f,0.3789735802602263f,1.3780131158713413f,-2.24824651679646f,0.7371519562866673f,0.05346728696652209f,-2.2748945316279348f,-1.3853337653900852f,1.3746885498289003f,0f,0f,0f,1f], start_interpolation: 0, interpolation_duration: 1 }
$data merge entity $(bone_right_hand) { transformation: [-0.9896265852604678f,0.057036564584131616f,-0.13185617940068772f,-1.3054561553837998f,0.14225476899889564f,0.5172628058692659f,-0.8439210687980985f,-0.15355474043910994f,0.02006993878358892f,-0.8539238958857482f,-0.5200107475740562f,0.5806048674343414f,0f,0f,0f,1f], start_interpolation: 0, interpolation_duration: 1 }
$data merge entity $(bone_right_arm_low) { transformation: [-0.9896265852604678f,0.057036564584131616f,-0.13185617940068772f,-1.1906884348271605f,0.14225476899889564f,0.5172628058692659f,-0.8439210687980985f,0.3284446089677844f,0.02006993878358892f,-0.8539238958857482f,-0.5200107475740562f,-0.29082373548707036f,0f,0f,0f,1f], start_interpolation: 0, interpolation_duration: 1 }
$data merge entity $(bone_right_arm) { transformation: [-1.0952139690860123f,0.15716297061340212f,-0.02404456530823497f,-1f,0.157432523031592f,1.0953821316536083f,-0.011178769159991804f,1.4375f,0.022211284177154955f,-0.014483261234819543f,-1.1063764605834823f,-0.30617375000000013f,0f,0f,0f,1f], start_interpolation: 0, interpolation_duration: 1 }