# This file was generated by Animated Java via MC-Build. It is not recommended to edit this file directly.
$data merge entity $(text_display_ammo_left) { transformation: [-1f,1.368136703841374e-15f,8.665293146946319e-16f,0.15881249999999997f,1.5801474953939527e-15f,0.7071067811865475f,0.7071067811865477f,0.8719667224389782f,3.546899863589409e-16f,0.7071067811865477f,-0.7071067811865475f,0.3321193487677502f,0f,0f,0f,1f], start_interpolation: 0, interpolation_duration: 1 }
$data merge entity $(text_display_ammo_right) { transformation: [-1f,1.368136703841374e-15f,8.665293146946319e-16f,-0.15368750000000003f,1.5801474953939527e-15f,0.7071067811865475f,0.7071067811865477f,0.8719667224389782f,3.546899863589409e-16f,0.7071067811865477f,-0.7071067811865475f,0.3321193487677502f,0f,0f,0f,1f], start_interpolation: 0, interpolation_duration: 1 }
$data merge entity $(text_display_health) { transformation: [-1f,1.368136703841374e-15f,8.665293146946319e-16f,0.002562499999999952f,1.5801474953939527e-15f,0.7071067811865475f,0.7071067811865477f,0.88080555720381f,3.546899863589409e-16f,0.7071067811865477f,-0.7071067811865475f,0.340958183532582f,0f,0f,0f,1f], start_interpolation: 0, interpolation_duration: 1 }
$data merge entity $(bone_barrel1) { transformation: [0.17651390178818122f,-1.3131246124625475f,-0.14941342777131475f,1.6013636622877294f,-0.9405688006172153f,-0.23071181992759293f,0.9164497614321087f,-0.9605451341248035f,-0.9284131362485041f,-0.01592438597119268f,-0.956855913996687f,0.4893397287361643f,0f,0f,0f,1f], start_interpolation: 0, interpolation_duration: 1 }
$data merge entity $(bone_barrel2) { transformation: [0.17651390178818122f,-1.3131246124625475f,-0.14941342777131475f,1.232047365032638f,-0.9405688006172153f,-0.23071181992759293f,0.9164497614321087f,-1.0254328334794391f,-0.9284131362485041f,-0.01592438597119268f,-0.956855913996687f,0.4848609951817664f,0f,0f,0f,1f], start_interpolation: 0, interpolation_duration: 1 }
$data merge entity $(bone_drillhead_right1) { transformation: [-0.12941424692335549f,0.04552009502488235f,0.9905452405832792f,-1.2614120791196988f,-0.869430192303452f,0.4751327897999459f,-0.1354251555956391f,-0.6904986644330035f,-0.4768050895328651f,-0.8787358835314774f,-0.021912407209398098f,1.548343803537719f,0f,0f,0f,1f], start_interpolation: 0, interpolation_duration: 1 }
$data merge entity $(bone_drillhead_right2) { transformation: [-0.8656197855917872f,0.04552009502488235f,-0.4986284265271629f,-1.4137440096823486f,0.4578330596344925f,0.4751327897999459f,-0.7514237962445959f,-0.42499300523629124f,0.20270983276039645f,-0.8787358835314774f,-0.4321249480143517f,1.6840117361230638f,0f,0f,0f,1f], start_interpolation: 0, interpolation_duration: 1 }
$data merge entity $(bone_drillhead_right3) { transformation: [0.964669162010933f,0.04552009502488235f,-0.259502078631463f,-1.0378685088355755f,0.20760000075055776f,0.4751327897999459f,0.855073722988427f,-0.4762665467577235f,0.1622209837027651f,-0.8787358835314774f,0.44889597841889967f,1.6757591400406242f,0f,0f,0f,1f], start_interpolation: 0, interpolation_duration: 1 }
$data merge entity $(bone_drill_right) { transformation: [-0.19784920169026338f,0.06959136784122152f,1.5143509292571038f,-1.2052737506767042f,-1.329189587407059f,0.7263855826821021f,-0.2070387114275392f,-0.21341299741371275f,-0.7289422035720792f,-1.3434161785622918f,-0.03349980683393353f,1.0394153901297858f,0f,0f,0f,1f], start_interpolation: 0, interpolation_duration: 1 }
$data merge entity $(bone_barrel3) { transformation: [0.17255232923114033f,1.3207269874443721f,0.06069346003317613f,-1.4417801266154213f,1.1592402564046027f,-0.1805668741275184f,0.6335103863999276f,-0.7148228385485902f,0.6357401193771531f,-0.029216542945864246f,-1.1716478447086365f,0.9993178192684717f,0f,0f,0f,1f], start_interpolation: 0, interpolation_duration: 1 }
$data merge entity $(bone_barrel4) { transformation: [0.17255232923114033f,1.3207269874443721f,0.06069346003317613f,-1.069842778538656f,1.1592402564046027f,-0.1805668741275184f,0.6335103863999276f,-0.7605670038711582f,0.6357401193771531f,-0.029216542945864246f,-1.1716478447086365f,0.9817789264704601f,0f,0f,0f,1f], start_interpolation: 0, interpolation_duration: 1 }
$data merge entity $(bone_blaster_right) { transformation: [0.12941424692335526f,0.9905452405832792f,0.0455200950248821f,-1.2418720305364144f,0.8694301923034521f,-0.1354251555956388f,0.4751327897999458f,-0.5773537637252653f,0.4768050895328649f,-0.021912407209398185f,-0.8787358835314775f,0.6339993197574441f,0f,0f,0f,1f], start_interpolation: 0, interpolation_duration: 1 }
$data merge entity $(bone_rocket_right) { transformation: [-2.282508857877031f,0.10489174633206753f,-0.2982086560368558f,-1.0299409143515688f,0.31205956534040097f,1.0948463098440622f,-2.003424007236463f,0.03976154338065685f,0.050492659500749416f,-2.0248670688821173f,-1.0986997824539206f,0.2919007568184458f,0f,0f,0f,1f], start_interpolation: 0, interpolation_duration: 1 }
$data merge entity $(bone_sword_right) { transformation: [-2.638860397267151f,0.1212677332842128f,-0.3447658088257531f,-1.0538648945234248f,0.3607791600559692f,1.265776716778563f,-2.316204054755691f,0.8208329224726005f,0.05837571190551804f,-2.3409948659622266f,-1.2702318040948801f,1.5138341575745637f,0f,0f,0f,1f], start_interpolation: 0, interpolation_duration: 1 }
$data merge entity $(bone_right_hand) { transformation: [-0.9905452405832792f,0.04552009502488235f,-0.12941424692335526f,-1.29224888157712f,0.13542515559563892f,0.4751327897999459f,-0.869430192303452f,-0.10960917560144062f,0.02191240720939799f,-0.8787358835314774f,-0.4768050895328651f,0.766547118482338f,0f,0f,0f,1f], start_interpolation: 0, interpolation_duration: 1 }
$data merge entity $(bone_right_arm_low) { transformation: [-0.9905452405832792f,0.04552009502488235f,-0.12941424692335526f,-1.1888639042321376f,0.13542515559563892f,0.4751327897999459f,-0.869430192303452f,0.3298898484642949f,0.02191240720939799f,-0.8787358835314774f,-0.4768050895328651f,-0.1284584495476286f,0f,0f,0f,1f], start_interpolation: 0, interpolation_duration: 1 }
$data merge entity $(bone_right_arm) { transformation: [-1.096230639572945f,0.148638239653802f,-0.03093601635858378f,-1.0068125f,0.1498742297176193f,1.0954719805472801f,-0.04744295138793224f,1.4392500000000001f,0.02425033323626537f,-0.051183904525410606f,-1.105243913256025f,-0.1811737500000001f,0f,0f,0f,1f], start_interpolation: 0, interpolation_duration: 1 }