# This file was generated by Animated Java via MC-Build. It is not recommended to edit this file directly.
$data merge entity $(bone_barrel1) { transformation: [0.1765139017881812f,-1.3131246124625473f,-0.14941342777131472f,1.6013636622877294f,-0.9405688006172152f,-0.23071181992759288f,0.9164497614321085f,-0.9605451341248035f,-0.9284131362485039f,-0.01592438597119268f,-0.9568559139966869f,0.36433972873616427f,0f,0f,0f,1f], start_interpolation: 0, interpolation_duration: 1 }
$data merge entity $(bone_barrel2) { transformation: [0.1765139017881812f,-1.3131246124625473f,-0.14941342777131472f,1.232047365032638f,-0.9405688006172152f,-0.23071181992759288f,0.9164497614321085f,-1.025432833479439f,-0.9284131362485039f,-0.01592438597119268f,-0.9568559139966869f,0.3598609951817664f,0f,0f,0f,1f], start_interpolation: 0, interpolation_duration: 1 }
$data merge entity $(bone_drillhead_right1) { transformation: [-0.12941424692335549f,0.04552009502488235f,0.9905452405832792f,-1.2614120791196983f,-0.869430192303452f,0.4751327897999459f,-0.1354251555956391f,-0.6904986644330033f,-0.4768050895328651f,-0.8787358835314774f,-0.021912407209398098f,1.423343803537719f,0f,0f,0f,1f], start_interpolation: 0, interpolation_duration: 1 }
$data merge entity $(bone_drillhead_right2) { transformation: [-0.8656197855917872f,0.04552009502488235f,-0.4986284265271629f,-1.4137440096823481f,0.4578330596344925f,0.4751327897999459f,-0.7514237962445959f,-0.42499300523629124f,0.20270983276039645f,-0.8787358835314774f,-0.4321249480143517f,1.5590117361230638f,0f,0f,0f,1f], start_interpolation: 0, interpolation_duration: 1 }
$data merge entity $(bone_drillhead_right3) { transformation: [0.964669162010933f,0.04552009502488235f,-0.259502078631463f,-1.037868508835575f,0.20760000075055776f,0.4751327897999459f,0.855073722988427f,-0.4762665467577235f,0.1622209837027651f,-0.8787358835314774f,0.44889597841889967f,1.5507591400406242f,0f,0f,0f,1f], start_interpolation: 0, interpolation_duration: 1 }
$data merge entity $(bone_drill_right) { transformation: [-0.19784920169026338f,0.06959136784122152f,1.5143509292571038f,-1.2052737506767037f,-1.329189587407059f,0.7263855826821021f,-0.2070387114275392f,-0.21341299741371272f,-0.7289422035720792f,-1.3434161785622918f,-0.03349980683393353f,0.9144153901297858f,0f,0f,0f,1f], start_interpolation: 0, interpolation_duration: 1 }
$data merge entity $(bone_barrel3) { transformation: [-0.17255232923114033f,-1.3207269874443721f,0.06069346003317672f,-1.0543912969407798f,-1.1592402564046027f,0.1805668741275187f,0.6335103863999275f,-0.7827361047509664f,-0.6357401193771531f,0.029216542945863726f,-1.1716478447086365f,0.8930093362658168f,0f,0f,0f,1f], start_interpolation: 0, interpolation_duration: 1 }
$data merge entity $(bone_barrel4) { transformation: [-0.17255232923114033f,-1.3207269874443721f,0.06069346003317672f,-1.4258457621595098f,-1.1592402564046027f,0.1805668741275187f,0.6335103863999275f,-0.7319516714026018f,-0.6357401193771531f,0.029216542945863726f,-1.1716478447086365f,0.901226488969341f,0f,0f,0f,1f], start_interpolation: 0, interpolation_duration: 1 }
$data merge entity $(bone_blaster_right) { transformation: [-0.22301622852163927f,-1.7069810240117833f,0.07844360382059194f,-1.4714266103657168f,-1.498266590116571f,0.23337467215477853f,0.8187840623985099f,-2.2591914603812193f,-0.8216658933271731f,0.03776108527343565f,-1.514302847412804f,-0.2809841623103154f,0f,0f,0f,1f], start_interpolation: 0, interpolation_duration: 1 }
$data merge entity $(bone_rocket_right) { transformation: [-2.282508857877031f,0.10489174633206753f,-0.2982086560368558f,-1.0299409143515683f,0.31205956534040097f,1.0948463098440622f,-2.003424007236463f,0.03976154338065685f,0.050492659500749416f,-2.0248670688821173f,-1.0986997824539206f,0.1669007568184458f,0f,0f,0f,1f], start_interpolation: 0, interpolation_duration: 1 }
$data merge entity $(bone_sword_right) { transformation: [-2.638860397267151f,0.1212677332842128f,-0.3447658088257531f,-1.0538648945234244f,0.3607791600559692f,1.265776716778563f,-2.316204054755691f,0.8208329224726008f,0.05837571190551804f,-2.3409948659622266f,-1.2702318040948801f,1.3888341575745637f,0f,0f,0f,1f], start_interpolation: 0, interpolation_duration: 1 }
$data merge entity $(bone_right_hand) { transformation: [-0.9905452405832792f,0.04552009502488235f,-0.12941424692335526f,-1.2922488815771196f,0.13542515559563892f,0.4751327897999459f,-0.869430192303452f,-0.10960917560144062f,0.02191240720939799f,-0.8787358835314774f,-0.4768050895328651f,0.641547118482338f,0f,0f,0f,1f], start_interpolation: 0, interpolation_duration: 1 }
$data merge entity $(bone_right_arm_low) { transformation: [-0.9905452405832792f,0.04552009502488235f,-0.12941424692335526f,-1.1888639042321372f,0.13542515559563892f,0.4751327897999459f,-0.869430192303452f,0.3298898484642949f,0.02191240720939799f,-0.8787358835314774f,-0.4768050895328651f,-0.25345844954762864f,0f,0f,0f,1f], start_interpolation: 0, interpolation_duration: 1 }
$data merge entity $(bone_right_arm) { transformation: [-1.096230639572945f,0.148638239653802f,-0.03093601635858378f,-1.0068124999999999f,0.1498742297176193f,1.0954719805472801f,-0.04744295138793224f,1.4392500000000001f,0.02425033323626537f,-0.051183904525410606f,-1.105243913256025f,-0.30617375000000013f,0f,0f,0f,1f], start_interpolation: 0, interpolation_duration: 1 }