# This file was generated by Animated Java via MC-Build. It is not recommended to edit this file directly.
$data merge entity $(bone_barrel1) { transformation: [0.13713537197777823f,-1.3024597730716225f,-0.2501403747109032f,1.6819549142732537f,-0.6224187963553696f,-0.28526391041359195f,1.1441141206789018f,-0.9992838933188679f,-1.1711389795723763f,-0.0009048334326662903f,-0.6373464125421981f,-0.172468199932928f,0f,0f,0f,1f], start_interpolation: 0, interpolation_duration: 1 }
$data merge entity $(bone_barrel2) { transformation: [0.13713537197777823f,-1.3024597730716225f,-0.2501403747109032f,1.3156381030968598f,-0.6224187963553696f,-0.28526391041359195f,1.1441141206789018f,-1.0795143681226906f,-1.1711389795723763f,-0.0009048334326662903f,-0.6373464125421981f,-0.1727226843358654f,0f,0f,0f,1f], start_interpolation: 0, interpolation_duration: 1 }
$data merge entity $(bone_drillhead_right1) { transformation: [-0.09869549136561448f,-0.014089966103077313f,0.9950179258884304f,-1.1384629051525417f,-0.9760729447334616f,0.1960562893079809f,-0.09404008710190682f,-0.06765839882272293f,-0.19375450070501293f,-0.9804914095890894f,-0.033102706513995564f,1.9987348949941195f,0f,0f,0f,1f], start_interpolation: 0, interpolation_duration: 1 }
$data merge entity $(bone_drillhead_right2) { transformation: [-0.881507566815401f,-0.014089966103077313f,-0.4719596195676128f,-1.3001164412032908f,0.4604086564383321f,0.1960562893079809f,-0.8657862325651959f,0.21940485830972295f,0.10472955038498712f,-0.9804914095890894f,-0.16633796018395508f,2.0584582635629363f,0f,0f,0f,1f], start_interpolation: 0, interpolation_duration: 1 }
$data merge entity $(bone_drillhead_right3) { transformation: [0.9570458256049058f,-0.014089966103077313f,-0.28959413071994144f,-0.9225477901282705f,0.2866452330202714f,0.1960562893079809f,0.9377613991893354f,0.18384858939204646f,0.04356372434697002f,-0.9804914095890894f,0.1916736748826552f,2.0459227537964417f,0f,0f,0f,1f], start_interpolation: 0, interpolation_duration: 1 }
$data merge entity $(bone_drill_right) { transformation: [-0.15088620180032966f,-0.02154081649903432f,1.5211887947786644f,-1.1281489616666769f,-1.4922256049703002f,0.2997319170656083f,-0.14376899454520028f,0.23986698043526092f,-0.29621293018136924f,-1.4989805779749352f,-0.05060759702492337f,1.3701713427167586f,0f,0f,0f,1f], start_interpolation: 0, interpolation_duration: 1 }
$data merge entity $(bone_barrel3) { transformation: [0.13159398848748566f,1.3266905678512404f,-0.018786621470770072f,-1.3377337754087586f,1.3014305929779488f,-0.12538678280254206f,0.2614083857439743f,-0.26052713900561886f,0.25833933427335026f,-0.04413694201866098f,-1.307321879452119f,1.4911458892678007f,0f,0f,0f,1f], start_interpolation: 0, interpolation_duration: 1 }
$data merge entity $(bone_barrel4) { transformation: [0.13159398848748566f,1.3266905678512404f,-0.018786621470770072f,-0.9647515213222644f,1.3014305929779488f,-0.12538678280254206f,0.2614083857439743f,-0.29371238204481864f,0.25833933427335026f,-0.04413694201866098f,-1.307321879452119f,1.468331198890705f,0f,0f,0f,1f], start_interpolation: 0, interpolation_duration: 1 }
$data merge entity $(bone_blaster_right) { transformation: [0.09869549136561426f,0.9950179258884304f,-0.014089966103077556f,-1.1596747908488445f,0.9760729447334616f,-0.09404008710190656f,0.19605628930798072f,-0.22872946329533994f,0.1937545007050127f,-0.03310270651399574f,-0.9804914095890894f,1.0916430665836308f,0f,0f,0f,1f], start_interpolation: 0, interpolation_duration: 1 }
$data merge entity $(bone_rocket_right) { transformation: [-2.2928152461258833f,-0.032467444312309746f,-0.22742356839944952f,-0.9954317243745718f,0.2166961416918575f,0.45177160886105444f,-2.2491604128816522f,0.2682579738431957f,0.07627841489946169f,-2.259341861197178f,-0.44646760793309975f,0.5731787674478884f,0f,0f,0f,1f], start_interpolation: 0, interpolation_duration: 1 }
$data merge entity $(bone_sword_right) { transformation: [-2.6507758470998635f,-0.03753635071362628f,-0.26292955928007905f,-1.0167680735526439f,0.2505273373103558f,0.5223034307704444f,-2.6003055016289376f,1.3734804816379649f,0.08818721011743226f,-2.6120765055634645f,-0.5161713546790219f,1.5122176699513248f,0f,0f,0f,1f], start_interpolation: 0, interpolation_duration: 1 }
$data merge entity $(bone_right_hand) { transformation: [-0.9950179258884304f,-0.014089966103077313f,-0.09869549136561426f,-1.23097275458479f,0.0940400871019066f,0.1960562893079809f,-0.9760729447334616f,0.2547444100105233f,0.03310270651399552f,-0.9804914095890894f,-0.19375450070501293f,1.0838098051649954f,0f,0f,0f,1f], start_interpolation: 0, interpolation_duration: 1 }
$data merge entity $(bone_right_arm_low) { transformation: [-0.9950179258884304f,-0.014089966103077313f,-0.09869549136561426f,-1.1859583344250157f,0.0940400871019066f,0.1960562893079809f,-0.9760729447334616f,0.41442091435171435f,0.03310270651399552f,-0.9804914095890894f,-0.19375450070501293f,0.0951946482717497f,0f,0f,0f,1f], start_interpolation: 0, interpolation_duration: 1 }
$data merge entity $(bone_right_arm) { transformation: [-1.1011805343094916f,0.09202926769803772f,-0.06086068746615658f,-1.0613125f,0.10407361582850529f,1.0690841131069029f,-0.26645791435953925f,1.49825f,0.03663457219991752f,-0.2708537456329851f,-1.0724122971741508f,-0.1811737500000001f,0f,0f,0f,1f], start_interpolation: 0, interpolation_duration: 1 }