# This file was generated by Animated Java via MC-Build. It is not recommended to edit this file directly.
$data merge entity $(bone_barrel1) { transformation: [0.14259617789289855f,-1.3035308280362803f,-0.24135345074633555f,1.6747559042996827f,-0.6538239765706091f,-0.2803213948260093f,1.1277020444434662f,-1.0025661481423793f,-1.153238186798161f,-0.002252496310228653f,-0.6691893517896412f,-0.11088127302720172f,0f,0f,0f,1f], start_interpolation: 0, interpolation_duration: 1 }
$data merge entity $(bone_barrel2) { transformation: [0.14259617789289855f,-1.3035308280362803f,-0.24135345074633555f,1.308137858914479f,-0.6538239765706091f,-0.2803213948260093f,1.1277020444434662f,-1.0814065404371944f,-1.153238186798161f,-0.002252496310228653f,-0.6691893517896412f,-0.11151478761445353f,0f,0f,0f,1f], start_interpolation: 0, interpolation_duration: 1 }
$data merge entity $(bone_drillhead_right1) { transformation: [-0.10250297432269623f,-0.009553742540142303f,0.9946868181787056f,-1.1499284918946544f,-0.9699746073026195f,0.22266782401275143f,-0.09781769439909845f,-0.12837972388755856f,-0.22055022430986035f,-0.9748475604692781f,-0.03209100191591456f,1.9651358685385494f,0f,0f,0f,1f], start_interpolation: 0, interpolation_duration: 1 }
$data merge entity $(bone_drillhead_right2) { transformation: [-0.879744602532642f,-0.009553742540142303f,-0.47535056570720613f,-1.310469027859578f,0.4615649778023176f,0.22266782401275143f,-0.8587064757038767f,0.15771860714186148f,0.11404913669568179f,-0.9748475604692781f,-0.1914811433694364f,2.0320577734776775f,0f,0f,0f,1f], start_interpolation: 0, interpolation_duration: 1 }
$data merge entity $(bone_drillhead_right3) { transformation: [0.958196982615522f,-0.009553742540142303f,-0.2859497657106681f,-0.9330255193905744f,0.2808214462567756f,0.22266782401275143f,0.9335728977812496f,0.12072814651742701f,0.05475269699989388f,-0.9748475604692781f,0.2160425328918701f,2.019909634671101f,0f,0f,0f,1f], start_interpolation: 0, interpolation_duration: 1 }
$data merge entity $(bone_drill_right) { transformation: [-0.15670710236898225f,-0.014605813344808313f,1.520682595518537f,-1.1358636850631674f,-1.4829024336733676f,0.34041577546807444f,-0.14954422104318638f,0.19604482596844033f,-0.33717837757196284f,-1.4903522308697184f,-0.04906089755531056f,1.3451993651536813f,0f,0f,0f,1f], start_interpolation: 0, interpolation_duration: 1 }
$data merge entity $(bone_barrel3) { transformation: [0.13667063243026134f,1.3262490909049407f,-0.012738323386856727f,-1.3482125670959253f,1.2932994764034926f,-0.13042359253213087f,0.2968904320170016f,-0.30645104845390114f,0.29406696574648017f,-0.042788002554552965f,-1.2997967472923708f,1.4517862232718897f,0f,0f,0f,1f], start_interpolation: 0, interpolation_duration: 1 }
$data merge entity $(bone_barrel4) { transformation: [0.13667063243026134f,1.3262490909049407f,-0.012738323386856727f,-0.9753063575739944f,1.2932994764034926f,-0.13042359253213087f,0.2968904320170016f,-0.34077059574295765f,0.29406696574648017f,-0.042788002554552965f,-1.2997967472923708f,1.4294107927760185f,0f,0f,0f,1f], start_interpolation: 0, interpolation_duration: 1 }
$data merge entity $(bone_blaster_right) { transformation: [0.102502974322696f,0.9946868181787056f,-0.009553742540142546f,-1.1685314919325165f,0.9699746073026195f,-0.09781769439909817f,0.22266782401275123f,-0.2646626027410687f,0.22055022430986013f,-0.03209100191591473f,-0.9748475604692781f,1.0539331894406392f,0f,0f,0f,1f], start_interpolation: 0, interpolation_duration: 1 }
$data merge entity $(bone_rocket_right) { transformation: [-2.2920522761479414f,-0.022014645147263267f,-0.23619713392648944f,-1.00006902112021f,0.22540086487274272f,0.513092446311723f,-2.2351080418904763f,0.2454340191269923f,0.07394714863108302f,-2.2463367655380386f,-0.5082128710220165f,0.5497513181646839f,0f,0f,0f,1f], start_interpolation: 0, interpolation_duration: 1 }
$data merge entity $(bone_sword_right) { transformation: [-2.6498937601576174f,-0.025451631891161872f,-0.2730728779060878f,-1.019753770340253f,0.260591065734427f,0.5931978454481305f,-2.5840592359601984f,1.324843900617594f,0.08549198016908886f,-2.5970410187222464f,-0.5875564574889763f,1.5183858779114718f,0f,0f,0f,1f], start_interpolation: 0, interpolation_duration: 1 }
$data merge entity $(bone_right_hand) { transformation: [-0.9946868181787056f,-0.009553742540142303f,-0.102502974322696f,-1.2375574184996467f,0.09781769439909822f,0.22266782401275143f,-0.9699746073026195f,0.21917794367680488f,0.03209100191591451f,-0.9748475604692781f,-0.22055022430986035f,1.0589822378976679f,0f,0f,0f,1f], start_interpolation: 0, interpolation_duration: 1 }
$data merge entity $(bone_right_arm_low) { transformation: [-0.9946868181787056f,-0.009553742540142303f,-0.102502974322696f,-1.1881464528512042f,0.09781769439909822f,0.22266782401275143f,-0.9699746073026195f,0.4054204553114058f,0.03209100191591451f,-0.9748475604692781f,-0.22055022430986035f,0.07523679529896202f,0f,0f,0f,1f], start_interpolation: 0, interpolation_duration: 1 }
$data merge entity $(bone_right_arm) { transformation: [-1.1008140993386009f,0.09745055962529307f,-0.05902275544304991f,-1.058f,0.10825427178826469f,1.0733815386396206f,-0.2467895129077841f,1.4935f,0.035514924622831415f,-0.25125174520863736f,-1.0772108564216556f,-0.1811737500000001f,0f,0f,0f,1f], start_interpolation: 0, interpolation_duration: 1 }