# This file was generated by Animated Java via MC-Build. It is not recommended to edit this file directly.
$data merge entity $(bone_barrel1) { transformation: [0.14259617789289852f,-1.30353082803628f,-0.2413534507463355f,1.6747559042996827f,-0.653823976570609f,-0.28032139482600926f,1.127702044443466f,-1.0025661481423793f,-1.153238186798161f,-0.0022524963102286528f,-0.6691893517896411f,-0.23588127302720172f,0f,0f,0f,1f], start_interpolation: 0, interpolation_duration: 1 }
$data merge entity $(bone_barrel2) { transformation: [0.14259617789289852f,-1.30353082803628f,-0.2413534507463355f,1.308137858914479f,-0.653823976570609f,-0.28032139482600926f,1.127702044443466f,-1.0814065404371944f,-1.153238186798161f,-0.0022524963102286528f,-0.6691893517896411f,-0.23651478761445355f,0f,0f,0f,1f], start_interpolation: 0, interpolation_duration: 1 }
$data merge entity $(bone_drillhead_right1) { transformation: [-0.10250297432269623f,-0.009553742540142303f,0.9946868181787056f,-1.1499284918946544f,-0.9699746073026195f,0.22266782401275143f,-0.09781769439909845f,-0.12837972388755853f,-0.22055022430986035f,-0.9748475604692781f,-0.03209100191591456f,1.8401358685385494f,0f,0f,0f,1f], start_interpolation: 0, interpolation_duration: 1 }
$data merge entity $(bone_drillhead_right2) { transformation: [-0.879744602532642f,-0.009553742540142303f,-0.47535056570720613f,-1.310469027859578f,0.4615649778023176f,0.22266782401275143f,-0.8587064757038767f,0.15771860714186153f,0.11404913669568179f,-0.9748475604692781f,-0.1914811433694364f,1.9070577734776775f,0f,0f,0f,1f], start_interpolation: 0, interpolation_duration: 1 }
$data merge entity $(bone_drillhead_right3) { transformation: [0.958196982615522f,-0.009553742540142303f,-0.2859497657106681f,-0.9330255193905744f,0.2808214462567756f,0.22266782401275143f,0.9335728977812496f,0.12072814651742704f,0.05475269699989388f,-0.9748475604692781f,0.2160425328918701f,1.8949096346711012f,0f,0f,0f,1f], start_interpolation: 0, interpolation_duration: 1 }
$data merge entity $(bone_drill_right) { transformation: [-0.15670710236898225f,-0.014605813344808313f,1.520682595518537f,-1.1358636850631674f,-1.4829024336733676f,0.34041577546807444f,-0.14954422104318638f,0.19604482596844036f,-0.33717837757196284f,-1.4903522308697184f,-0.04906089755531056f,1.2201993651536813f,0f,0f,0f,1f], start_interpolation: 0, interpolation_duration: 1 }
$data merge entity $(bone_barrel3) { transformation: [-0.13667063243026134f,-1.3262490909049407f,-0.01273832338685614f,-0.9574875867159149f,-1.2932994764034926f,0.13042359253213104f,0.29689043201700155f,-0.351761622777901f,-0.29406696574648017f,0.042788002554552396f,-1.2997967472923708f,1.3444676104373416f,0f,0f,0f,1f], start_interpolation: 0, interpolation_duration: 1 }
$data merge entity $(bone_barrel4) { transformation: [-0.13667063243026134f,-1.3262490909049407f,-0.01273832338685614f,-1.3304951435329295f,-1.2932994764034926f,0.13042359253213104f,0.29689043201700155f,-0.3150799873782393f,-0.29406696574648017f,0.042788002554552396f,-1.2997967472923708f,1.3565017361558094f,0f,0f,0f,1f], start_interpolation: 0, interpolation_duration: 1 }
$data merge entity $(bone_blaster_right) { transformation: [-0.1766407276567987f,-1.7141180976912271f,-0.01646371771441127f,-1.3413727194936664f,-1.671532183087249f,0.16856670580086075f,0.38371770886905376f,-2.1045899317553043f,-0.3800685040057206f,0.055301594584145616f,-1.6799296173947282f,0.6286989826033581f,0f,0f,0f,1f], start_interpolation: 0, interpolation_duration: 1 }
$data merge entity $(bone_rocket_right) { transformation: [-2.2920522761479414f,-0.022014645147263267f,-0.23619713392648944f,-1.00006902112021f,0.22540086487274272f,0.513092446311723f,-2.2351080418904763f,0.2454340191269923f,0.07394714863108302f,-2.2463367655380386f,-0.5082128710220165f,0.4247513181646839f,0f,0f,0f,1f], start_interpolation: 0, interpolation_duration: 1 }
$data merge entity $(bone_sword_right) { transformation: [-2.6498937601576174f,-0.025451631891161872f,-0.2730728779060878f,-1.019753770340253f,0.260591065734427f,0.5931978454481305f,-2.5840592359601984f,1.3248439006175943f,0.08549198016908886f,-2.5970410187222464f,-0.5875564574889763f,1.3933858779114718f,0f,0f,0f,1f], start_interpolation: 0, interpolation_duration: 1 }
$data merge entity $(bone_right_hand) { transformation: [-0.9946868181787056f,-0.009553742540142303f,-0.102502974322696f,-1.2375574184996467f,0.09781769439909822f,0.22266782401275143f,-0.9699746073026195f,0.21917794367680488f,0.03209100191591451f,-0.9748475604692781f,-0.22055022430986035f,0.9339822378976679f,0f,0f,0f,1f], start_interpolation: 0, interpolation_duration: 1 }
$data merge entity $(bone_right_arm_low) { transformation: [-0.9946868181787056f,-0.009553742540142303f,-0.102502974322696f,-1.1881464528512042f,0.09781769439909822f,0.22266782401275143f,-0.9699746073026195f,0.4054204553114058f,0.03209100191591451f,-0.9748475604692781f,-0.22055022430986035f,-0.04976320470103801f,0f,0f,0f,1f], start_interpolation: 0, interpolation_duration: 1 }
$data merge entity $(bone_right_arm) { transformation: [-1.1008140993386009f,0.09745055962529307f,-0.05902275544304991f,-1.058f,0.10825427178826469f,1.0733815386396206f,-0.2467895129077841f,1.4935f,0.035514924622831415f,-0.25125174520863736f,-1.0772108564216556f,-0.30617375000000013f,0f,0f,0f,1f], start_interpolation: 0, interpolation_duration: 1 }