# This file was generated by Animated Java via MC-Build. It is not recommended to edit this file directly.
$data merge entity $(text_display_ammo_left) { transformation: [-1f,1.368136703841374e-15f,8.665293146946319e-16f,0.11268749999999997f,1.5801474953939527e-15f,0.7071067811865475f,0.7071067811865477f,0.9192167224389782f,3.546899863589409e-16f,0.7071067811865477f,-0.7071067811865475f,0.3321193487677502f,0f,0f,0f,1f], start_interpolation: 0, interpolation_duration: 1 }
$data merge entity $(text_display_ammo_right) { transformation: [-1f,1.368136703841374e-15f,8.665293146946319e-16f,-0.19981250000000003f,1.5801474953939527e-15f,0.7071067811865475f,0.7071067811865477f,0.9192167224389782f,3.546899863589409e-16f,0.7071067811865477f,-0.7071067811865475f,0.3321193487677502f,0f,0f,0f,1f], start_interpolation: 0, interpolation_duration: 1 }
$data merge entity $(text_display_health) { transformation: [-1f,1.368136703841374e-15f,8.665293146946319e-16f,-0.043562500000000046f,1.5801474953939527e-15f,0.7071067811865475f,0.7071067811865477f,0.92805555720381f,3.546899863589409e-16f,0.7071067811865477f,-0.7071067811865475f,0.340958183532582f,0f,0f,0f,1f], start_interpolation: 0, interpolation_duration: 1 }
$data merge entity $(bone_barrel1) { transformation: [0.1490862588824928f,-1.3048830407956584f,-0.22985063635777886f,1.6656536457276185f,-0.693707054705612f,-0.27393810425830634f,1.105217722923772f,-1.0054742478009664f,-1.1288585329623304f,-0.003992825693525444f,-0.7095352335711691f,-0.03170517234752367f,0f,0f,0f,1f], start_interpolation: 0, interpolation_duration: 1 }
$data merge entity $(bone_barrel2) { transformation: [0.1490862588824928f,-1.3048830407956584f,-0.22985063635777886f,1.2986552905038395f,-0.693707054705612f,-0.27393810425830634f,1.105217722923772f,-1.082519339623615f,-1.1288585329623304f,-0.003992825693525444f,-0.7095352335711691f,-0.032828154573827706f,0f,0f,0f,1f], start_interpolation: 0, interpolation_duration: 1 }
$data merge entity $(bone_drillhead_right1) { transformation: [-0.10715031122657442f,-0.0034111022256987644f,0.9942369814011417f,-1.1644158845811199f,-0.9610166361469589f,0.2567136951577197f,-0.1026893556667547f,-0.20635444757786003f,-0.2548839654682735f,-0.9664814758183807f,-0.030785078318768026f,1.9195501530649373f,0f,0f,0f,1f], start_interpolation: 0, interpolation_duration: 1 }
$data merge entity $(bone_drillhead_right2) { transformation: [-0.8775505487031466f,-0.0034111022256987644f,-0.4794720000713414f,-1.323589241542563f,0.46263773878795744f,0.2567136951577197f,-0.8485660854451086f,0.07819791041753618f,0.1259815745256907f,-0.9664814758183807f,-0.22370113942479727f,1.9956938202953198f,0f,0f,0f,1f], start_interpolation: 0, interpolation_duration: 1 }
$data merge entity $(bone_drillhead_right3) { transformation: [0.9595598464614928f,-0.0034111022256987644f,-0.2814840411824484f,-0.9463158177981204f,0.2728925509733843f,0.2567136951577197f,0.927161115632935f,0.03935775165756905f,0.06909816699475718f,-0.9664814758183807f,0.2472630182981058f,1.9840456726868179f,0f,0f,0f,1f], start_interpolation: 0, interpolation_duration: 1 }
$data merge entity $(bone_drill_right) { transformation: [-0.16381197620070612f,-0.0052149115594519934f,1.5199948826163814f,-1.1453631438486507f,-1.46920743884825f,0.3924652876896373f,-0.15699204317734444f,0.13948285067728922f,-0.38966798702937616f,-1.4775621153391345f,-0.04706439448624012f,1.3114350884795487f,0f,0f,0f,1f], start_interpolation: 0, interpolation_duration: 1 }
$data merge entity $(bone_barrel3) { transformation: [0.14286708163543227f,1.3256493085348555f,-0.0045481363009320114f,-1.36120773385198f,1.281355514862612f,-0.13691914088900592f,0.3422849268769593f,-0.3651341112800355f,0.33984528729103103f,-0.041046771091690915f,-1.2886419677578411f,1.3993426792029988f,0f,0f,0f,1f], start_interpolation: 0, interpolation_duration: 1 }
$data merge entity $(bone_barrel4) { transformation: [0.14286708163543227f,1.3256493085348555f,-0.0045481363009320114f,-0.9884050512253498f,1.281355514862612f,-0.13691914088900592f,0.3422849268769593f,-0.4009193686876234f,0.33984528729103103f,-0.041046771091690915f,-1.2886419677578411f,1.377545718527795f,0f,0f,0f,1f], start_interpolation: 0, interpolation_duration: 1 }
$data merge entity $(bone_blaster_right) { transformation: [0.1071503112265742f,0.9942369814011417f,-0.003411102225699009f,-1.1793157698447219f,0.961016636146959f,-0.10268935566675444f,0.25671369515771947f,-0.3105377927796764f,0.2548839654682733f,-0.030785078318768186f,-0.9664814758183808f,1.0040539809943443f,0f,0f,0f,1f], start_interpolation: 0, interpolation_duration: 1 }
$data merge entity $(bone_rocket_right) { transformation: [-2.291015719323153f,-0.007860187224459128f,-0.24690597105380183f,-1.0053437008128412f,0.23662661160335557f,0.5915441911474973f,-2.214466230013855f,0.21586170850091138f,0.07093791487166141f,-2.2270588350215306f,-0.5873279534103676f,0.5188583387168872f,0f,0f,0f,1f], start_interpolation: 0, interpolation_duration: 1 }
$data merge entity $(bone_sword_right) { transformation: [-2.648695373240076f,-0.009087341199202417f,-0.285453608039303f,-1.0234317345633495f,0.27356940681509123f,0.6838976917287646f,-2.5601947678329124f,1.2607989429043067f,0.08201293658664996f,-2.5747533648514978f,-0.679023203399145f,1.5246143186343266f,0f,0f,0f,1f], start_interpolation: 0, interpolation_duration: 1 }
$data merge entity $(bone_right_hand) { transformation: [-0.9942369814011417f,-0.0034111022256987644f,-0.1071503112265742f,-1.2455005005986164f,0.1026893556667545f,0.2567136951577197f,-0.9610166361469589f,0.1732407395979251f,0.03078507831876797f,-0.9664814758183807f,-0.2548839654682735f,1.0257255940475367f,0f,0f,0f,1f], start_interpolation: 0, interpolation_duration: 1 }
$data merge entity $(bone_right_arm_low) { transformation: [-0.9942369814011417f,-0.0034111022256987644f,-0.1071503112265742f,-1.1901202387125742f,0.1026893556667545f,0.2567136951577197f,-0.9610166361469589f,0.39350458014688017f,0.03078507831876797f,-0.9664814758183807f,-0.2548839654682735f,0.049354926913349445f,0f,0f,0f,1f], start_interpolation: 0, interpolation_duration: 1 }
$data merge entity $(bone_right_arm) { transformation: [-1.1003162676009188f,0.10438618074491968f,-0.056388075479664485f,-1.0529375f,0.11364571089515582f,1.0783671856091608f,-0.22131616283168407f,1.4865000000000002f,0.03406966659575699f,-0.2258311688073522f,-1.0828718851033057f,-0.1811737500000001f,0f,0f,0f,1f], start_interpolation: 0, interpolation_duration: 1 }