# This file was generated by Animated Java via MC-Build. It is not recommended to edit this file directly.
$data merge entity $(bone_barrel1) { transformation: [0.1560192435661411f,-1.3064565455563086f,-0.21588670173936841f,1.654308137815367f,-0.7403949603800725f,-0.2662933697317096f,1.0764204204949381f,-1.0058325361876446f,-1.0978392760593954f,-0.006075655337897716f,-0.7566305492982521f,-0.06253631496975656f,0f,0f,0f,1f], start_interpolation: 0, interpolation_duration: 1 }
$data merge entity $(bone_barrel2) { transformation: [0.1560192435661411f,-1.3064565455563086f,-0.21588670173936841f,1.2868672343776553f,-0.7403949603800725f,-0.2662933697317096f,1.0764204204949381f,-1.080727546424688f,-1.0978392760593954f,-0.006075655337897716f,-0.7566305492982521f,-0.06424509303354028f,0f,0f,0f,1f], start_interpolation: 0, interpolation_duration: 1 }
$data merge entity $(bone_drillhead_right1) { transformation: [-0.11229534049103147f,0.0043463249127700665f,0.9936653692082441f,-1.1820247417148644f,-0.9487078537995053f,0.29694819236277464f,-0.10851349773930001f,-0.2977920517728118f,-0.2955387701184733f,-0.9548836999929537f,-0.029222505789664684f,1.7367692718019727f,0f,0f,0f,1f], start_interpolation: 0, interpolation_duration: 1 }
$data merge entity $(bone_drillhead_right2) { transformation: [-0.8750535304390534f,0.0043463249127700665f,-0.4840066407869851f,-1.3396705347242341f,0.4633081773662616f,0.29694819236277464f,-0.8349654506852564f,-0.01552905982733431f,0.1400958659336584f,-0.9548836999929537f,-0.26185925195811816f,1.8238294084366031f,0f,0f,0f,1f], start_interpolation: 0, interpolation_duration: 1 }
$data merge entity $(bone_drillhead_right3) { transformation: [0.9610006631144823f,0.0043463249127700665f,-0.2765119074348852f,-0.9626133382290367f,0.26280137824116345f,0.29694819236277464f,0.91801808623089f,-0.05658076759790116f,0.08609971595813082f,-0.9548836999929537f,0.28422518959391335f,1.812779458239227f,0f,0f,0f,1f], start_interpolation: 0, interpolation_duration: 1 }
$data merge entity $(bone_drill_right) { transformation: [-0.17167772480911658f,0.006644685069236155f,1.5191209987996468f,-1.156802724302855f,-1.4503897057228918f,0.4539760049535852f,-0.16589602312528795f,0.07304110229739237f,-0.4518212725921268f,-1.459831372835936f,-0.0446755251398124f,1.143796256185289f,0f,0f,0f,1f], start_interpolation: 0, interpolation_duration: 1 }
$data merge entity $(bone_barrel3) { transformation: [-0.14972712065470833f,-1.3248871589443254f,0.005795099883693682f,-0.9868174416240596f,-1.2649438050660071f,0.14468466365239982f,0.3959309231503659f,-0.48505074777840673f,-0.39405169349129743f,0.038963341052885875f,-1.2731782666572717f,1.227408606272629f,0f,0f,0f,1f], start_interpolation: 0, interpolation_duration: 1 }
$data merge entity $(bone_barrel4) { transformation: [-0.14972712065470833f,-1.3248871589443254f,0.005795099883693682f,-1.359441955077151f,-1.2649438050660071f,0.14468466365239982f,0.3959309231503659f,-0.4443581861261692f,-0.39405169349129743f,0.038963341052885875f,-1.2731782666572717f,1.2383670459437532f,0f,0f,0f,1f], start_interpolation: 0, interpolation_duration: 1 }
$data merge entity $(bone_blaster_right) { transformation: [-0.19351565930523146f,-1.7123578610678625f,0.0074899094421167454f,-1.384766493283483f,-1.6348837361664645f,0.1869985073887772f,0.5117231487371331f,-2.1724115160192805f,-0.5092943277936033f,0.05035838931259577f,-1.6455264123689408f,0.37502970308657974f,0f,0f,0f,1f], start_interpolation: 0, interpolation_duration: 1 }
$data merge entity $(bone_rocket_right) { transformation: [-2.289698555966948f,0.010015216575840214f,-0.25876163840650607f,-1.0113661793823066f,0.25004715548713724f,0.6842563586489933f,-2.18610315926587f,0.1815008875281725f,0.06733728615463931f,-2.2003341333434716f,-0.6810086334313017f,0.35594997358689384f,0f,0f,0f,1f], start_interpolation: 0, interpolation_duration: 1 }
$data merge entity $(bone_sword_right) { transformation: [-2.6471725707302745f,0.011578819639990242f,-0.299160214676231f,-1.0283484461621044f,0.2890852027965521f,0.7910843369503959f,-2.527403576734816f,1.183541777585246f,0.07785016784477972f,-2.543856329493395f,-0.7873295679695019f,1.404468809476795f,0f,0f,0f,1f], start_interpolation: 0, interpolation_duration: 1 }
$data merge entity $(bone_right_hand) { transformation: [-0.9936653692082441f,0.0043463249127700665f,-0.11229534049103125f,-1.2549372253600632f,0.1085134977392998f,0.29694819236277464f,-0.9487078537995053f,0.11944940664407921f,0.029222505789664618f,-0.9548836999929537f,-0.2955387701184733f,0.8591686231631914f,0f,0f,0f,1f], start_interpolation: 0, interpolation_duration: 1 }
$data merge entity $(bone_right_arm_low) { transformation: [-0.9936653692082441f,0.0043463249127700665f,-0.11229534049103125f,-1.1919960442621227f,0.1085134977392998f,0.29694819236277464f,-0.9487078537995053f,0.3799683849669131f,0.029222505789664618f,-0.9548836999929537f,-0.2955387701184733f,-0.10677707000781869f,0f,0f,0f,1f], start_interpolation: 0, interpolation_duration: 1 }
$data merge entity $(bone_right_arm) { transformation: [-1.0996836677214434f,0.11258178563704113f,-0.05285026985283353f,-1.0465f,0.12009125495267962f,1.0835004754577493f,-0.19072700045024976f,1.4780000000000002f,0.03234037669280473f,-0.19525378295857523f,-1.0888535433242439f,-0.30617375000000013f,0f,0f,0f,1f], start_interpolation: 0, interpolation_duration: 1 }