# This file was generated by Animated Java via MC-Build. It is not recommended to edit this file directly.
$data merge entity $(bone_barrel1) { transformation: [0.16892310246370365f,-1.3100311306905734f,-0.18182739027272984f,1.623890103490649f,-0.8471982875488542f,-0.24793892574067342f,0.9992793045263305f,-0.99052730490619f,-1.0156268137490774f,-0.01106813000986942f,-0.8638040573357819f,0.1598684138738917f,0f,0f,0f,1f], start_interpolation: 0, interpolation_duration: 1 }
$data merge entity $(bone_barrel2) { transformation: [0.16892310246370365f,-1.3100311306905734f,-0.18182739027272984f,1.2554438479839252f,-0.8471982875488542f,-0.24793892574067342f,0.9992793045263305f,-1.0602601277707544f,-1.0156268137490774f,-0.01106813000986942f,-0.8638040573357819f,0.15675550230861593f,0f,0f,0f,1f], start_interpolation: 0, interpolation_duration: 1 }
$data merge entity $(bone_drillhead_right1) { transformation: [-0.12263245086380137f,0.024595259870456937f,0.9921473455021901f,-1.2266515064240202f,-0.9123229956729579f,0.3907329276303143f,-0.12245215731771965f,-0.5054545564221892f,-0.3906763795796431f,-0.9201754465629629f,-0.025477715384123627f,1.5843627834718526f,0f,0f,0f,1f], start_interpolation: 0, interpolation_duration: 1 }
$data merge entity $(bone_drillhead_right2) { transformation: [-0.8696952185289748f,0.024595259870456937f,-0.4929759629634529f,-1.3811580494307465f,0.46226193726742193f,0.3907329276303143f,-0.7960161308787742f,-0.23058109534536586f,0.17304371766004426f,-0.9201754465629629f,-0.35118801135722544f,1.696952164099712f,0f,0f,0f,1f], start_interpolation: 0, interpolation_duration: 1 }
$data merge entity $(bone_drillhead_right3) { transformation: [0.9635540329607803f,0.024595259870456937f,-0.26638074021392866f,-1.0046755175138737f,0.23599985355203515f,0.3907329276303143f,0.8897369546044841f,-0.2769265052545471f,0.12596703810296475f,-0.9201754465629629f,0.37068781050126f,1.6873355284679845f,0f,0f,0f,1f], start_interpolation: 0, interpolation_duration: 1 }
$data merge entity $(bone_drill_right) { transformation: [-0.18748115513968838f,0.03760136651427887f,1.516800235935203f,-1.1858809404588115f,-1.3947643375343781f,0.5973546162312492f,-0.1872055213898486f,-0.07773823747102364f,-0.5972681652650811f,-1.4067692069891267f,-0.03895046928353987f,1.031943660863599f,0f,0f,0f,1f], start_interpolation: 0, interpolation_duration: 1 }
$data merge entity $(bone_barrel3) { transformation: [-0.16350993448506818f,-1.3228631273362534f,0.03279367982727617f,-1.0262181383085212f,-1.2164306608972772f,0.16326954309029268f,0.5209772368404187f,-0.6442845065329719f,-0.5209018394395237f,0.03397028717883111f,-1.226900595417284f,1.0617035190126185f,0f,0f,0f,1f], start_interpolation: 0, interpolation_duration: 1 }
$data merge entity $(bone_barrel4) { transformation: [-0.16350993448506818f,-1.3228631273362534f,0.03279367982727617f,-1.3982733928718425f,-1.2164306608972772f,0.16326954309029268f,0.5209772368404187f,-0.5983649475388271f,-0.5209018394395237f,0.03397028717883111f,-1.226900595417284f,1.0712576622816645f,0f,0f,0f,1f], start_interpolation: 0, interpolation_duration: 1 }
$data merge entity $(bone_blaster_right) { transformation: [-0.21132933456860786f,-1.709741890030832f,0.04238437595721212f,-1.43719629460256f,-1.5721826500991538f,0.21101863935822868f,0.6733399602513565f,-2.2308162231996738f,-0.6732425124564594f,0.04390508874714565f,-1.5857145758629179f,0.03890653447879644f,0f,0f,0f,1f], start_interpolation: 0, interpolation_duration: 1 }
$data merge entity $(bone_rocket_right) { transformation: [-2.2862005808986963f,0.05667474459121952f,-0.2825813944600572f,-1.0259570003153073f,0.28216594486816654f,0.9003640942792817f,-2.1022616974488f,0.10631825231625955f,0.0587081827867737f,-2.120356064044239f,-0.9002337908652984f,0.26112291610447896f,0f,0f,0f,1f], start_interpolation: 0, interpolation_duration: 1 }
$data merge entity $(bone_sword_right) { transformation: [-2.6431284822062007f,0.06552296106579103f,-0.32669877633629135f,-1.0439414799949054f,0.3262184656153416f,1.0409314046319929f,-2.4304725560842178f,0.9987431048943931f,0.06787386520621536f,-2.4513918647903172f,-1.0407807578918489f,1.4043729031759051f,0f,0f,0f,1f], start_interpolation: 0, interpolation_duration: 1 }
$data merge entity $(bone_right_hand) { transformation: [-0.9921473455021901f,0.024595259870456937f,-0.12263245086380115f,-1.2786269384470959f,0.12245215731771944f,0.3907329276303143f,-0.9123229956729579f,-0.0014149849399078818f,0.02547771538412354f,-0.9201754465629629f,-0.3906763795796431f,0.751997341955719f,0f,0f,0f,1f], start_interpolation: 0, interpolation_duration: 1 }
$data merge entity $(bone_right_arm_low) { transformation: [-0.9921473455021901f,0.024595259870456937f,-0.12263245086380115f,-1.1958547335722458f,0.12245215731771944f,0.3907329276303143f,-0.9123229956729579f,0.35315458924326903f,0.02547771538412354f,-0.9201754465629629f,-0.3906763795796431f,-0.18197909868061546f,0f,0f,0f,1f], start_interpolation: 0, interpolation_duration: 1 }
$data merge entity $(bone_right_arm) { transformation: [-1.0980036797410917f,0.13167213955545137f,-0.04268893854313765f,-1.031f,0.1355170881992691f,1.0921074856970123f,-0.11708260769460747f,1.4595000000000002f,0.028196038995603117f,-0.12139055104688985f,-1.0996550804845666f,-0.30617375000000013f,0f,0f,0f,1f], start_interpolation: 0, interpolation_duration: 1 }