# This file was generated by Animated Java via MC-Build. It is not recommended to edit this file directly.
$data merge entity $(bone_barrel1) { transformation: [0.1738827331049302f,-1.3119206232610443f,-0.16250184973744142f,1.6046075776141318f,-0.9037900483377919f,-0.23759097874317817f,0.9510477659524827f,-0.9712398442433708f,-0.9647311135395755f,-0.013877422670979668f,-0.9202603291930385f,0.40744319610424357f,0f,0f,0f,1f], start_interpolation: 0, interpolation_duration: 1 }
$data merge entity $(bone_barrel2) { transformation: [0.1738827331049302f,-1.3119206232610443f,-0.16250184973744142f,1.235629902321963f,-0.9037900483377919f,-0.23759097874317817f,0.9510477659524827f,-1.0380623070148898f,-0.9647311135395755f,-0.013877422670979668f,-0.9202603291930385f,0.4035401709780305f,0f,0f,0f,1f], start_interpolation: 0, interpolation_duration: 1 }
$data merge entity $(bone_drillhead_right1) { transformation: [-0.12711389084666008f,0.03690425745980516f,0.9912013592278633f,-1.2534216258812405f,-0.8877121790679854f,0.44158058125957506f,-0.13028306639323894f,-0.6138880905414665f,-0.4425032721779497f,-0.8964623059759937f,-0.023370666999704748f,1.615297142397464f,0f,0f,0f,1f], start_interpolation: 0, interpolation_duration: 1 }
$data merge entity $(bone_drillhead_right2) { transformation: [-0.8671062683375093f,0.03690425745980516f,-0.4967542603653642f,-1.4065125668177605f,0.46007860211155244f,0.44158058125957506f,-0.7702819419754926f,-0.3443161168827086f,0.19093035193200553f,-0.8964623059759937f,-0.39987614917037034f,1.7417810342070505f,0f,0f,0f,1f], start_interpolation: 0, interpolation_duration: 1 }
$data merge entity $(bone_drillhead_right3) { transformation: [0.9643950284384717f,0.03690425745980516f,-0.2618784162631581f,-1.0303884032580348f,0.21934688516450734f,0.44158058125957506f,0.8699962840283196f,-0.3936361352808452f,0.14774699012767717f,-0.8964623059759937f,0.4177632832985874f,1.7329706476793971f,0f,0f,0f,1f], start_interpolation: 0, interpolation_duration: 1 }
$data merge entity $(bone_drill_right) { transformation: [-0.19433240485994935f,0.05641942870261137f,1.51535400699492f,-1.2035227335163527f,-1.357139187800106f,0.6750907845244535f,-0.19917745760192668f,-0.1562079424403014f,-0.6765013993983738f,-1.37051642921359f,-0.03572920230026153f,1.0882209067878665f,0f,0f,0f,1f], start_interpolation: 0, interpolation_duration: 1 }
$data merge entity $(bone_barrel3) { transformation: [0.16948518779554647f,1.3216018123038178f,0.049205676613073214f,-1.4371787018803897f,1.183616238757314f,-0.17371075519098483f,0.5887741083460998f,-0.6601753428875655f,0.5900043629039327f,-0.031160889332939798f,-1.1952830746346583f,1.0688132389774898f,0f,0f,0f,1f], start_interpolation: 0, interpolation_duration: 1 }
$data merge entity $(bone_barrel4) { transformation: [0.16948518779554647f,1.3216018123038178f,0.049205676613073214f,-1.065086707193775f,1.183616238757314f,-0.17371075519098483f,0.5887741083460998f,-0.7043471507814558f,0.5900043629039327f,-0.031160889332939798f,-1.1952830746346583f,1.050539454653019f,0f,0f,0f,1f], start_interpolation: 0, interpolation_duration: 1 }
$data merge entity $(bone_blaster_right) { transformation: [0.12711389084665986f,0.9912013592278633f,0.03690425745980491f,-1.2404884046560654f,0.8877121790679855f,-0.13028306639323864f,0.4415805812595749f,-0.5355367348325693f,0.4425032721779495f,-0.02337066699970485f,-0.8964623059759939f,0.6971995365180366f,0f,0f,0f,1f], start_interpolation: 0, interpolation_duration: 1 }
$data merge entity $(bone_rocket_right) { transformation: [-2.284020749062536f,0.08503831132011568f,-0.29290795607262526f,-1.034590993609246f,0.3002106727592191f,1.0175321094854415f,-2.045551105545538f,0.06934734523543715f,0.05385292085186234f,-2.065713982874913f,-1.0196582619396521f,0.33045843868304137f,0f,0f,0f,1f], start_interpolation: 0, interpolation_duration: 1 }
$data merge entity $(bone_sword_right) { transformation: [-2.640608329048724f,0.09831472557869818f,-0.3386375490535595f,-1.055449504688624f,0.3470803858864637f,1.1763920115369355f,-2.364908151125768f,0.8962370562279157f,0.06226058646945151f,-2.388218912131503f,-1.1788501047402133f,1.5219215813431877f,0f,0f,0f,1f], start_interpolation: 0, interpolation_duration: 1 }
$data merge entity $(bone_right_hand) { transformation: [-0.9912013592278633f,0.03690425745980516f,-0.12711389084665986f,-1.292898843968198f,0.13028306639323875f,0.44158058125957506f,-0.8877121790679854f,-0.06339016760429161f,0.02337066699970465f,-0.8964623059759937f,-0.4425032721779497f,0.8121887129320863f,0f,0f,0f,1f], start_interpolation: 0, interpolation_duration: 1 }
$data merge entity $(bone_right_arm_low) { transformation: [-0.9912013592278633f,0.03690425745980516f,-0.12711389084665986f,-1.1980168106456095f,0.13028306639323875f,0.44158058125957506f,-0.8877121790679854f,0.34230671640983146f,0.02337066699970465f,-0.8964623059759937f,-0.4425032721779497f,-0.0995624869869499f,0f,0f,0f,1f], start_interpolation: 0, interpolation_duration: 1 }
$data merge entity $(bone_right_arm) { transformation: [-1.0969567622495475f,0.14200535690389837f,-0.035948837249816436f,-1.0226875f,0.14418350959284337f,1.0946578882191365f,-0.07554602474742839f,1.451f,0.025864180839682307f,-0.07956484716409039f,-1.1035272800340168f,-0.1811737500000001f,0f,0f,0f,1f], start_interpolation: 0, interpolation_duration: 1 }