# This file was generated by Animated Java via MC-Build. It is not recommended to edit this file directly.
$data merge entity $(bone_barrel1) { transformation: [0.17900147858033064f,-1.315658427504587f,-0.12156952981726063f,1.5583704845344715f,-1.014987754754662f,-0.21546650430319195f,0.8373480883116828f,-0.9030912787700973f,-0.8458936730712214f,-0.019871221333802407f,-1.0304595121588025f,0.5360407397667047f,0f,0f,0f,1f], start_interpolation: 0, interpolation_duration: 1 }
$data merge entity $(bone_barrel2) { transformation: [0.17900147858033064f,-1.315658427504587f,-0.12156952981726063f,1.1883415517988063f,-1.014987754754662f,-0.21546650430319195f,0.8373480883116828f,-0.96369123310537f,-0.8458936730712214f,-0.019871221333802407f,-1.0304595121588025f,0.5304519587665728f,0f,0f,0f,1f], start_interpolation: 0, interpolation_duration: 1 }
$data merge entity $(bone_drillhead_right1) { transformation: [-0.13316996256155744f,0.0649563702232442f,0.9889623001099558f,-1.314345403029096f,-0.8257699580211874f,0.5445242720262768f,-0.14696017693218705f,-0.8214754968542006f,-0.5480599761896866f,-0.8362260383064343f,-0.01887525780714152f,1.2708601733401155f,0f,0f,0f,1f], start_interpolation: 0, interpolation_duration: 1 }
$data merge entity $(bone_drillhead_right2) { transformation: [-0.8627200891358856f,0.0649563702232442f,-0.5014924902416692f,-1.4653409878696224f,0.45178198144140913f,0.5445242720262768f,-0.7066727378490892f,-0.5658222637783272f,0.22717193718909062f,-0.8362260383064343f,-0.49911814614586175f,1.4256045362194358f,0f,0f,0f,1f], start_interpolation: 0, interpolation_duration: 1 }
$data merge entity $(bone_drillhead_right3) { transformation: [0.9646439658578602f,0.0649563702232442f,-0.25542648472983465f,-1.0900656396063921f,0.18023498231763915f,0.5445242720262768f,0.8191511877078698f,-0.6214784017200394f,0.19229500847130676f,-0.8362260383064343f,0.5135646430346875f,1.4185136382236376f,0f,0f,0f,1f], start_interpolation: 0, interpolation_duration: 1 }
$data merge entity $(bone_drill_right) { transformation: [-0.20359096010140623f,0.09930565064430111f,1.511930921287226f,-1.2443890776496767f,-1.2624415847433972f,0.8324716565802456f,-0.2246735145282193f,-0.30530745625511013f,-0.8378770602569973f,-1.2784268969205843f,-0.028856596376537744f,0.8034769879632389f,0f,0f,0f,1f], start_interpolation: 0, interpolation_duration: 1 }
$data merge entity $(bone_barrel3) { transformation: [-0.1775599500820763f,-1.3186164001466076f,0.08660849363099252f,-1.1004485168645521f,-1.1010266106949165f,0.19594690257624928f,0.7260323627017021f,-0.8730337924807845f,-0.7307466349195818f,0.025167010409521615f,-1.1149680510752458f,0.7377468072835636f,0f,0f,0f,1f], start_interpolation: 0, interpolation_duration: 1 }
$data merge entity $(bone_barrel4) { transformation: [-0.1775599500820763f,-1.3186164001466076f,0.08660849363099252f,-1.4713093794057854f,-1.1010266106949165f,0.19594690257624928f,0.7260323627017021f,-0.8179237261312142f,-0.7307466349195818f,0.025167010409521615f,-1.1149680510752458f,0.7448250289612415f,0f,0f,0f,1f], start_interpolation: 0, interpolation_duration: 1 }
$data merge entity $(bone_blaster_right) { transformation: [-0.22948835625829878f,-1.704253183586734f,0.11193763476615297f,-1.518266002321547f,-1.4230280362673302f,0.25325267643600036f,0.9383646111058551f,-2.242895780882689f,-0.9444575987516349f,0.03252724416821976f,-1.441046729307489f,-0.5587894575735721f,0f,0f,0f,1f], start_interpolation: 0, interpolation_duration: 1 }
$data merge entity $(bone_rocket_right) { transformation: [-2.2788612953994956f,0.14967866618872475f,-0.3068629343682679f,-1.0544692939274598f,0.3386396621373606f,1.254744784293903f,-1.9028179294892478f,0.005512626913754454f,0.04349417005339764f,-1.9269118273668409f,-1.2628920911923374f,0.08171634185910948f,0f,0f,0f,1f], start_interpolation: 0, interpolation_duration: 1 }
$data merge entity $(bone_sword_right) { transformation: [-2.6346433673374277f,0.1730469098326167f,-0.35477121681217894f,-1.0870968902960865f,0.3915090144225642f,1.4506389793511496f,-2.199891080383081f,0.6846018426828435f,0.050284599102352036f,-2.2277465836401924f,-1.4600582661348411f,1.3629420709672144f,0f,0f,0f,1f], start_interpolation: 0, interpolation_duration: 1 }
$data merge entity $(bone_right_hand) { transformation: [-0.9889623001099558f,0.0649563702232442f,-0.13316996256155722f,-1.3258649314064734f,0.14696017693218685f,0.5445242720262768f,-0.8257699580211874f,-0.17839884249001303f,0.0188752578071414f,-0.8362260383064343f,-0.5480599761896866f,0.5388019239759674f,0f,0f,0f,1f], start_interpolation: 0, interpolation_duration: 1 }
$data merge entity $(bone_right_arm_low) { transformation: [-0.9889623001099558f,0.0649563702232442f,-0.13316996256155722f,-1.2032599787564058f,0.14696017693218685f,0.5445242720262768f,-0.8257699580211874f,0.3311351072898401f,0.0188752578071414f,-0.8362260383064343f,-0.5480599761896866f,-0.3157306921993411f,0f,0f,0f,1f], start_interpolation: 0, interpolation_duration: 1 }
$data merge entity $(bone_right_arm) { transformation: [-1.0944788085849375f,0.16284872535805253f,-0.01919397670575912f,-1.0068124999999999f,0.16263997054315243f,1.0946015883006819f,0.012945323687533341f,1.4392500000000001f,0.020889137709492845f,0.009981686876980235f,-1.1064519819616536f,-0.30617375000000013f,0f,0f,0f,1f], start_interpolation: 0, interpolation_duration: 1 }