# This file was generated by Animated Java via MC-Build. It is not recommended to edit this file directly.
$data merge entity $(text_display_ammo_left) { transformation: [-1f,1.368136703841374e-15f,8.665293146946319e-16f,0.15881249999999997f,1.5801474953939527e-15f,0.7071067811865475f,0.7071067811865477f,0.8719667224389782f,3.546899863589409e-16f,0.7071067811865477f,-0.7071067811865475f,0.3321193487677502f,0f,0f,0f,1f], start_interpolation: 0, interpolation_duration: 1 }
$data merge entity $(text_display_ammo_right) { transformation: [-1f,1.368136703841374e-15f,8.665293146946319e-16f,-0.15368750000000003f,1.5801474953939527e-15f,0.7071067811865475f,0.7071067811865477f,0.8719667224389782f,3.546899863589409e-16f,0.7071067811865477f,-0.7071067811865475f,0.3321193487677502f,0f,0f,0f,1f], start_interpolation: 0, interpolation_duration: 1 }
$data merge entity $(text_display_health) { transformation: [-1f,1.368136703841374e-15f,8.665293146946319e-16f,0.002562499999999952f,1.5801474953939527e-15f,0.7071067811865475f,0.7071067811865477f,0.88080555720381f,3.546899863589409e-16f,0.7071067811865477f,-0.7071067811865475f,0.340958183532582f,0f,0f,0f,1f], start_interpolation: 0, interpolation_duration: 1 }
$data merge entity $(bone_barrel1) { transformation: [0.17900147858033066f,-1.3156584275045873f,-0.12156952981726066f,1.5583704845344715f,-1.014987754754662f,-0.21546650430319197f,0.837348088311683f,-0.9030912787700973f,-0.8458936730712217f,-0.01987122133380241f,-1.0304595121588025f,0.6610407397667049f,0f,0f,0f,1f], start_interpolation: 0, interpolation_duration: 1 }
$data merge entity $(bone_barrel2) { transformation: [0.17900147858033066f,-1.3156584275045873f,-0.12156952981726066f,1.1883415517988063f,-1.014987754754662f,-0.21546650430319197f,0.837348088311683f,-0.9636912331053701f,-0.8458936730712217f,-0.01987122133380241f,-1.0304595121588025f,0.6554519587665729f,0f,0f,0f,1f], start_interpolation: 0, interpolation_duration: 1 }
$data merge entity $(bone_drillhead_right1) { transformation: [-0.13316996256155744f,0.0649563702232442f,0.9889623001099558f,-1.3143454030290964f,-0.8257699580211874f,0.5445242720262768f,-0.14696017693218705f,-0.8214754968542006f,-0.5480599761896866f,-0.8362260383064343f,-0.01887525780714152f,1.3958601733401155f,0f,0f,0f,1f], start_interpolation: 0, interpolation_duration: 1 }
$data merge entity $(bone_drillhead_right2) { transformation: [-0.8627200891358856f,0.0649563702232442f,-0.5014924902416692f,-1.4653409878696229f,0.45178198144140913f,0.5445242720262768f,-0.7066727378490892f,-0.5658222637783272f,0.22717193718909062f,-0.8362260383064343f,-0.49911814614586175f,1.5506045362194358f,0f,0f,0f,1f], start_interpolation: 0, interpolation_duration: 1 }
$data merge entity $(bone_drillhead_right3) { transformation: [0.9646439658578602f,0.0649563702232442f,-0.25542648472983465f,-1.0900656396063926f,0.18023498231763915f,0.5445242720262768f,0.8191511877078698f,-0.6214784017200394f,0.19229500847130676f,-0.8362260383064343f,0.5135646430346875f,1.5435136382236376f,0f,0f,0f,1f], start_interpolation: 0, interpolation_duration: 1 }
$data merge entity $(bone_drill_right) { transformation: [-0.20359096010140623f,0.09930565064430111f,1.511930921287226f,-1.244389077649677f,-1.2624415847433972f,0.8324716565802456f,-0.2246735145282193f,-0.30530745625511013f,-0.8378770602569973f,-1.2784268969205843f,-0.028856596376537744f,0.9284769879632389f,0f,0f,0f,1f], start_interpolation: 0, interpolation_duration: 1 }
$data merge entity $(bone_barrel3) { transformation: [0.1775599500820763f,1.3186164001466076f,0.08660849363099193f,-1.4866123542256653f,1.1010266106949165f,-0.19594690257624897f,0.7260323627017021f,-0.7984376590986727f,0.7307466349195818f,-0.025167010409522114f,-1.1149680510752458f,0.8441834700404115f,0f,0f,0f,1f], start_interpolation: 0, interpolation_duration: 1 }
$data merge entity $(bone_barrel4) { transformation: [0.1775599500820763f,1.3186164001466076f,0.08660849363099193f,-1.1150624263895574f,1.1010266106949165f,-0.19594690257624897f,0.7260323627017021f,-0.847771343905054f,0.7307466349195818f,-0.025167010409522114f,-1.1149680510752458f,0.828234458020124f,0f,0f,0f,1f], start_interpolation: 0, interpolation_duration: 1 }
$data merge entity $(bone_blaster_right) { transformation: [0.13316996256155725f,0.9889623001099558f,0.06495637022324395f,-1.279423285581147f,0.8257699580211875f,-0.14696017693218674f,0.5445242720262766f,-0.6344333455170497f,0.5480599761896864f,-0.018875257807141586f,-0.8362260383064344f,0.494192220926179f,0f,0f,0f,1f], start_interpolation: 0, interpolation_duration: 1 }
$data merge entity $(bone_rocket_right) { transformation: [-2.2788612953994956f,0.14967866618872475f,-0.3068629343682679f,-1.0544692939274602f,0.3386396621373606f,1.254744784293903f,-1.9028179294892478f,0.005512626913754454f,0.04349417005339764f,-1.9269118273668409f,-1.2628920911923374f,0.20671634185910948f,0f,0f,0f,1f], start_interpolation: 0, interpolation_duration: 1 }
$data merge entity $(bone_sword_right) { transformation: [-2.6346433673374277f,0.1730469098326167f,-0.35477121681217894f,-1.087096890296087f,0.3915090144225642f,1.4506389793511496f,-2.199891080383081f,0.6846018426828433f,0.050284599102352036f,-2.2277465836401924f,-1.4600582661348411f,1.4879420709672142f,0f,0f,0f,1f], start_interpolation: 0, interpolation_duration: 1 }
$data merge entity $(bone_right_hand) { transformation: [-0.9889623001099558f,0.0649563702232442f,-0.13316996256155722f,-1.3258649314064739f,0.14696017693218685f,0.5445242720262768f,-0.8257699580211874f,-0.17839884249001303f,0.0188752578071414f,-0.8362260383064343f,-0.5480599761896866f,0.6638019239759674f,0f,0f,0f,1f], start_interpolation: 0, interpolation_duration: 1 }
$data merge entity $(bone_right_arm_low) { transformation: [-0.9889623001099558f,0.0649563702232442f,-0.13316996256155722f,-1.203259978756406f,0.14696017693218685f,0.5445242720262768f,-0.8257699580211874f,0.3311351072898401f,0.0188752578071414f,-0.8362260383064343f,-0.5480599761896866f,-0.19073069219934102f,0f,0f,0f,1f], start_interpolation: 0, interpolation_duration: 1 }
$data merge entity $(bone_right_arm) { transformation: [-1.0944788085849375f,0.16284872535805253f,-0.01919397670575912f,-1.0068125f,0.16263997054315243f,1.0946015883006819f,0.012945323687533341f,1.4392500000000001f,0.020889137709492845f,0.009981686876980235f,-1.1064519819616536f,-0.1811737500000001f,0f,0f,0f,1f], start_interpolation: 0, interpolation_duration: 1 }