# This file was generated by Animated Java via MC-Build. It is not recommended to edit this file directly.
$data merge entity $(bone_barrel1) { transformation: [0.1727494348774412f,-1.3113327223653972f,-0.1683505324644313f,1.621446034068247f,-0.8869559968955573f,-0.240854794550202f,0.9659584904595875f,-0.9872276825399305f,-0.980430757421609f,-0.013161951744054292f,-0.903526463755077f,0.24568208353990778f,0f,0f,0f,1f], start_interpolation: 0, interpolation_duration: 1 }
$data merge entity $(bone_barrel2) { transformation: [0.1727494348774412f,-1.3113327223653972f,-0.1683505324644313f,1.252633705902979f,-0.8869559968955573f,-0.240854794550202f,0.9659584904595875f,-1.054968093507175f,-0.980430757421609f,-0.013161951744054292f,-0.903526463755077f,0.24198028461189253f,0f,0f,0f,1f], start_interpolation: 0, interpolation_duration: 1 }
$data merge entity $(bone_drillhead_right1) { transformation: [-0.12571776147590927f,0.033077955002679515f,0.991514444343766f,-1.2342852593182216f,-0.8954879874468907f,0.42635333153879507f,-0.12776580537877816f,-0.591188511984748f,-0.42696171817600215f,-0.9039517053353078f,-0.023979275084645216f,1.519402290517691f,0f,0f,0f,1f], start_interpolation: 0, interpolation_duration: 1 }
$data merge entity $(bone_drillhead_right2) { transformation: [-0.8679297968476503f,0.033077955002679515f,-0.49558421750176573f,-1.3878206993266098f,0.46072862922215624f,0.42635333153879507f,-0.7784291662706656f,-0.3199497060964165f,0.18554513725525024f,-0.9039517053353078f,-0.385284721293642f,1.6417151635446499f,0f,0f,0f,1f], start_interpolation: 0, interpolation_duration: 1 }
$data merge entity $(bone_drillhead_right3) { transformation: [0.9641500057893635f,0.033077955002679515f,-0.2632880841003087f,-1.0115779182905422f,0.22464820413360903f,0.42635333153879507f,0.8762168801531475f,-0.36831354838725555f,0.1412372143449271f,-0.9039517053353078f,0.4036376638836794f,1.6326718225594257f,0f,0f,0f,1f], start_interpolation: 0, interpolation_duration: 1 }
$data merge entity $(bone_drill_right) { transformation: [-0.19219799471557808f,0.050569756780352706f,1.5158326532159896f,-1.1872244519345103f,-1.3690268857687387f,0.6518112826703891f,-0.1953290553278552f,-0.1424084308513953f,-0.6527413874567789f,-1.3819662635216892f,-0.036659645637145646f,0.9844704305991907f,0f,0f,0f,1f], start_interpolation: 0, interpolation_duration: 1 }
$data merge entity $(bone_barrel3) { transformation: [-0.16762368196787872f,-1.3220192591250213f,0.04410394000357294f,-1.031280548866092f,-1.193983983262521f,0.17035440717170405f,0.568471108718393f,-0.7107056159993286f,-0.5692822909013359f,0.031972366779526556f,-1.205268940447077f,0.9929758985034147f,0f,0f,0f,1f], start_interpolation: 0, interpolation_duration: 1 }
$data merge entity $(bone_barrel4) { transformation: [-0.16762368196787872f,-1.3220192591250213f,0.04410394000357294f,-1.4030984654950043f,-1.193983983262521f,0.17035440717170405f,0.568471108718393f,-0.6627934389822867f,-0.5692822909013359f,0.031972366779526556f,-1.205268940447077f,1.0019681266601568f,0f,0f,0f,1f], start_interpolation: 0, interpolation_duration: 1 }
$data merge entity $(bone_blaster_right) { transformation: [-0.21664617064259592f,-1.7086512278144663f,0.05700238534228037f,-1.445354933028587f,-1.5431713153275513f,0.22017551179260925f,0.7347236821130736f,-2.253215792600222f,-0.7357720990883179f,0.04132286528876224f,-1.557756621718615f,-0.09390236697752252f,0f,0f,0f,1f], start_interpolation: 0, interpolation_duration: 1 }
$data merge entity $(bone_rocket_right) { transformation: [-2.284742189660137f,0.07622138010538064f,-0.28969086156253043f,-1.0210895135224904f,0.2944101597410434f,0.9824440277454093f,-2.063468865153928f,0.07070002061337755f,0.05525533367253695f,-2.082971771492167f,-0.9838459302850868f,0.22249861434352047f,0f,0f,0f,1f], start_interpolation: 0, interpolation_duration: 1 }
$data merge entity $(bone_sword_right) { transformation: [-2.641442402929936f,0.08812127089496337f,-0.33491819293029307f,-1.0410614377338476f,0.3403742808763245f,1.1358258822970413f,-2.3856232804779105f,0.9176990786663228f,0.06388194782379036f,-2.4081710340123514f,-1.137446653703915f,1.3997665574422804f,0f,0f,0f,1f], start_interpolation: 0, interpolation_duration: 1 }
$data merge entity $(bone_right_hand) { transformation: [-0.991514444343766f,0.033077955002679515f,-0.12571776147590905f,-1.2776497420175275f,0.12776580537877796f,0.42635333153879507f,-0.8954879874468907f,-0.05456719459589482f,0.023979275084645122f,-0.9039517053353078f,-0.42696171817600215f,0.7071543931683357f,0f,0f,0f,1f], start_interpolation: 0, interpolation_duration: 1 }
$data merge entity $(bone_right_arm_low) { transformation: [-0.991514444343766f,0.033077955002679515f,-0.12571776147590905f,-1.1865308142894848f,0.12776580537877796f,0.42635333153879507f,-0.8954879874468907f,0.33581677449901126f,0.023979275084645122f,-0.9039517053353078f,-0.42696171817600215f,-0.21163857055276253f,0f,0f,0f,1f], start_interpolation: 0, interpolation_duration: 1 }
$data merge entity $(bone_right_arm) { transformation: [-1.0973032517209873f,0.13875090848427435f,-0.03802285748551868f,-1.0145f,0.1413976715121622f,1.0940787453284895f,-0.08814973650218604f,1.444f,0.0265377238570721f,-0.09225975801645417f,-1.1025225008122324f,-0.30617375000000013f,0f,0f,0f,1f], start_interpolation: 0, interpolation_duration: 1 }