# This file was generated by Animated Java via MC-Build. It is not recommended to edit this file directly.
$data merge entity $(text_display_ammo_left) { transformation: [-1f,1.368136703841374e-15f,8.665293146946319e-16f,0.16562499999999997f,1.5801474953939527e-15f,0.7071067811865475f,0.7071067811865477f,0.8702167224389782f,3.546899863589409e-16f,0.7071067811865477f,-0.7071067811865475f,0.3321193487677502f,0f,0f,0f,1f], start_interpolation: 0, interpolation_duration: 1 }
$data merge entity $(text_display_ammo_right) { transformation: [-1f,1.368136703841374e-15f,8.665293146946319e-16f,-0.14687500000000003f,1.5801474953939527e-15f,0.7071067811865475f,0.7071067811865477f,0.8702167224389782f,3.546899863589409e-16f,0.7071067811865477f,-0.7071067811865475f,0.3321193487677502f,0f,0f,0f,1f], start_interpolation: 0, interpolation_duration: 1 }
$data merge entity $(text_display_health) { transformation: [-1f,1.368136703841374e-15f,8.665293146946319e-16f,0.009374999999999958f,1.5801474953939527e-15f,0.7071067811865475f,0.7071067811865477f,0.87905555720381f,3.546899863589409e-16f,0.7071067811865477f,-0.7071067811865475f,0.340958183532582f,0f,0f,0f,1f], start_interpolation: 0, interpolation_duration: 1 }
$data merge entity $(bone_barrel1) { transformation: [0.17880516982412592f,-1.3174258331214297f,-0.10097357697066167f,1.5319672049788502f,-1.066667137721882f,-0.20405882231618647f,0.7735366779390077f,-0.8530872001747878f,-0.7797613136890997f,-0.022955370548429f,-1.0813062112161433f,0.7865600629128517f,0f,0f,0f,1f], start_interpolation: 0, interpolation_duration: 1 }
$data merge entity $(bone_barrel2) { transformation: [0.17880516982412592f,-1.3174258331214297f,-0.10097357697066167f,1.161441189413448f,-1.066667137721882f,-0.20405882231618647f,0.7735366779390077f,-0.9104787439512152f,-0.7797613136890997f,-0.022955370548429f,-1.0813062112161433f,0.7801038649461061f,0f,0f,0f,1f], start_interpolation: 0, interpolation_duration: 1 }
$data merge entity $(bone_drillhead_right1) { transformation: [-0.13431363750269132f,0.08013718144401538f,0.9876932109369815f,-1.3475745978369797f,-0.7891678554562449f,0.5941601457162005f,-0.1555243297914994f,-0.91404993446886f,-0.599311223568679f,-0.8003447715782945f,-0.0165621228077904f,1.2736462167039992f,0f,0f,0f,1f], start_interpolation: 0, interpolation_duration: 1 }
$data merge entity $(bone_drillhead_right2) { transformation: [-0.8611099381720599f,0.08013718144401538f,-0.5020634487109377f,-1.4980138442476068f,0.4456872087400946f,0.5941601457162005f,-0.6695794450309591f,-0.6668663430820154f,0.24464788236723975f,-0.8003447715782945f,-0.5473533230560612f,1.4420872014877224f,0f,0f,0f,1f], start_interpolation: 0, interpolation_duration: 1 }
$data merge entity $(bone_drillhead_right3) { transformation: [0.9639091457980007f,0.08013718144401538f,-0.25388420745918383f,-1.1232198984342348f,0.15831571853629123f,0.5941601457162005f,0.7886126137127416f,-0.7257768749839538f,0.2140450698131279f,-0.8003447715782945f,0.5600294230627358f,1.435880676555331f,0f,0f,0f,1f], start_interpolation: 0, interpolation_duration: 1 }
$data merge entity $(bone_drill_right) { transformation: [-0.20533941654631763f,0.12251415706801021f,1.50999073088535f,-1.2671467965729637f,-1.2064840920807243f,0.9083552491383833f,-0.23776643780869733f,-0.3708905616793397f,-0.9162302448609242f,-1.2235714219897427f,-0.025320263060048503f,0.8397341978519488f,0f,0f,0f,1f], start_interpolation: 0, interpolation_duration: 1 }
$data merge entity $(bone_barrel3) { transformation: [0.17908485000358815f,1.3169242812493085f,0.10684957525868684f,-1.512960653570564f,1.0522238072749932f,-0.20736577305533213f,0.7922135276216002f,-0.8554375757594459f,0.7990816314249051f,-0.022082830410387257f,-1.0671263621043927f,0.7224966241412838f,0f,0f,0f,1f], start_interpolation: 0, interpolation_duration: 1 }
$data merge entity $(bone_barrel4) { transformation: [0.17908485000358815f,1.3169242812493085f,0.10684957525868684f,-1.1417255942312903f,1.0522238072749932f,-0.20736577305533213f,0.7922135276216002f,-0.9074562743354824f,0.7990816314249051f,-0.022082830410387257f,-1.0671263621043927f,0.7077956707083635f,0f,0f,0f,1f], start_interpolation: 0, interpolation_duration: 1 }
$data merge entity $(bone_blaster_right) { transformation: [0.13431363750269112f,0.9876932109369815f,0.08013718144401513f,-1.3000393376917196f,0.789167855456245f,-0.1555243297914991f,0.5941601457162002f,-0.6723565497161019f,0.5993112235686788f,-0.016562122807790444f,-0.8003447715782946f,0.3856517775975956f,0f,0f,0f,1f], start_interpolation: 0, interpolation_duration: 1 }
$data merge entity $(bone_rocket_right) { transformation: [-2.2759369390348696f,0.18465973990602969f,-0.3094982992932792f,-1.0656355592998352f,0.3583740003187068f,1.3691205005398395f,-1.8184758723084877f,-0.018274977256134223f,0.03816402367626158f,-1.8442307889009943f,-1.380990105626199f,0.14068301983321596f,0f,0f,0f,1f], start_interpolation: 0, interpolation_duration: 1 }
$data merge entity $(bone_sword_right) { transformation: [-2.631262452441314f,0.21348932466396012f,-0.35781802213298175f,-1.107308653769578f,0.41432433157382725f,1.5828713459283346f,-2.1023813100484503f,0.581154023573532f,0.044122295662555655f,-2.132157154815203f,-1.5965940662961002f,1.4608020743540306f,0f,0f,0f,1f], start_interpolation: 0, interpolation_duration: 1 }
$data merge entity $(bone_right_hand) { transformation: [-0.9876932109369815f,0.08013718144401538f,-0.1343136375026911f,-1.34423285041217f,0.15552432979149924f,0.5941601457162005f,-0.7891678554562449f,-0.22715097670034434f,0.016562122807790267f,-0.8003447715782945f,-0.599311223568679f,0.5824528877973533f,0f,0f,0f,1f], start_interpolation: 0, interpolation_duration: 1 }
$data merge entity $(bone_right_arm_low) { transformation: [-0.9876932109369815f,0.08013718144401538f,-0.1343136375026911f,-1.2065621444565524f,0.15552432979149924f,0.5941601457162005f,-0.7891678554562449f,0.3326274029208798f,0.016562122807790267f,-0.8003447715782945f,-0.599311223568679f,-0.23765549219294949f,0f,0f,0f,1f], start_interpolation: 0, interpolation_duration: 1 }
$data merge entity $(bone_right_arm) { transformation: [-1.0930743150002271f,0.17283782042708165f,-0.009359927928581372f,-1f,0.1721178685549951f,1.0916753257685834f,0.05824432132123183f,1.4375f,0.018329204698998444f,0.0560718242266234f,-1.1051207939935928f,-0.1811737500000001f,0f,0f,0f,1f], start_interpolation: 0, interpolation_duration: 1 }