# This file was generated by Animated Java via MC-Build. It is not recommended to edit this file directly.
$data merge entity $(bone_barrel1) { transformation: [0.17676188837064732f,-1.3190826165552698f,-0.08095716953502681f,1.5051294174114174f,-1.1141476377892492f,-0.19266869620319915f,0.706633987641249f,-0.7927775178854783f,-0.7107798912504886f,-0.026030789132095486f,-1.127781947891028f,0.90785003348942f,0f,0f,0f,1f], start_interpolation: 0, interpolation_duration: 1 }
$data merge entity $(bone_barrel2) { transformation: [0.17676188837064732f,-1.3190826165552698f,-0.08095716953502681f,1.1341374315052477f,-1.1141476377892492f,-0.19266869620319915f,0.706633987641249f,-0.8469655886926282f,-0.7107798912504886f,-0.026030789132095486f,-1.127781947891028f,0.9005288740460181f,0f,0f,0f,1f], start_interpolation: 0, interpolation_duration: 1 }
$data merge entity $(bone_drillhead_right1) { transformation: [-0.13405532642809748f,0.09563153357277894f,0.9863487107726023f,-1.3806811772658114f,-0.7496812731340811f,0.6411435004195263f,-0.16405182285442743f,-0.9956774552613333f,-0.6480795924640119f,-0.7614391779100387f,-0.014255531395387119f,1.1459706422720326f,0f,0f,0f,1f], start_interpolation: 0, interpolation_duration: 1 }
$data merge entity $(bone_drillhead_right2) { transformation: [-0.8599666333573754f,0.09563153357277894f,-0.5013102824583794f,-1.5309364550767406f,0.43845472418915343f,0.6411435004195263f,-0.6298352694998992f,-0.7577660381192186f,0.2611797165711669f,-0.7614391779100387f,-0.5932921152311816f,1.327424683697947f,0f,0f,0f,1f], start_interpolation: 0, interpolation_duration: 1 }
$data merge entity $(bone_drillhead_right3) { transformation: [0.9625681382460292f,0.09563153357277894f,-0.2536083378363021f,-1.1566527083893063f,0.1353264813764077f,0.6411435004195263f,0.7553950988112632f,-0.8199174285414879f,0.23483892920862645f,-0.7614391779100387f,0.6042028266003316f,1.3220997261152307f,0f,0f,0f,1f], start_interpolation: 0, interpolation_duration: 1 }
$data merge entity $(bone_drill_right) { transformation: [-0.2049445091762936f,0.14620200653020463f,1.5079352517513378f,-1.289821481754006f,-1.146116791140946f,0.9801836563019991f,-0.2508033153938891f,-0.42783843321787807f,-0.9907875913901073f,-1.1640923396510807f,-0.021793933614729553f,0.7471301524195534f,0f,0f,0f,1f], start_interpolation: 0, interpolation_duration: 1 }
$data merge entity $(bone_barrel3) { transformation: [0.17874043523746302f,1.3151316143634697f,0.12750871143037157f,-1.5385995660426803f,0.9995750308454415f,-0.21873576380590282f,0.8548580005593682f,-0.9018404083311606f,0.8641061232853489f,-0.019007375193849523f,-1.015252237213385f,0.5975089567221825f,0f,0f,0f,1f], start_interpolation: 0, interpolation_duration: 1 }
$data merge entity $(bone_barrel4) { transformation: [0.17874043523746302f,1.3151316143634697f,0.12750871143037157f,-1.1677043282408728f,0.9995750308454415f,-0.21873576380590282f,0.8548580005593682f,-0.956558511506183f,0.8641061232853489f,-0.019007375193849523f,-1.015252237213385f,0.5840856904697453f,0f,0f,0f,1f], start_interpolation: 0, interpolation_duration: 1 }
$data merge entity $(bone_blaster_right) { transformation: [0.13405532642809728f,0.9863487107726023f,0.09563153357277869f,-1.3197957803803062f,0.7496812731340812f,-0.16405182285442713f,0.6411435004195262f,-0.7006416381441614f,0.6480795924640117f,-0.014255531395387143f,-0.7614391779100388f,0.27507670375924453f,0f,0f,0f,1f], start_interpolation: 0, interpolation_duration: 1 }
$data merge entity $(bone_rocket_right) { transformation: [-2.272838813468383f,0.22036330450055897f,-0.3089030742680184f,-1.0763250833938809f,0.3780238634992687f,1.4773840294423375f,-1.7274871216436944f,-0.0351765299566176f,0.032848955656537976f,-1.7545808077285368f,-1.493366834550024f,0.07344402652015253f,0f,0f,0f,1f], start_interpolation: 0, interpolation_duration: 1 }
$data merge entity $(bone_sword_right) { transformation: [-2.6276806390192333f,0.2547670276286725f,-0.35712986894522847f,-1.1290171027495146f,0.43704198525563226f,1.7080372737201384f,-1.9971871462240602f,0.4828227438263659f,0.03797742465466168f,-2.028510772845942f,-1.726515358171097f,1.4272041217378364f,0f,0f,0f,1f], start_interpolation: 0, interpolation_duration: 1 }
$data merge entity $(bone_right_hand) { transformation: [-0.9863487107726023f,0.09563153357277894f,-0.13405532642809725f,-1.362349569971665f,0.16405182285442726f,0.6411435004195263f,-0.7496812731340811f,-0.2678802448818939f,0.014255531395386975f,-0.7614391779100387f,-0.6480795924640119f,0.49823247285301936f,0f,0f,0f,1f], start_interpolation: 0, interpolation_duration: 1 }
$data merge entity $(bone_right_arm_low) { transformation: [-0.9863487107726023f,0.09563153357277894f,-0.13405532642809725f,-1.2092604709264765f,0.16405182285442726f,0.6411435004195263f,-0.7496812731340811f,0.3395824768237907f,0.014255531395386975f,-0.7614391779100387f,-0.6480795924640119f,-0.28435016303373134f,0f,0f,0f,1f], start_interpolation: 0, interpolation_duration: 1 }
$data merge entity $(bone_right_arm) { transformation: [-1.0915863645112263f,0.1822352200957262f,0.0012295949961168842f,-0.9931875f,0.181555195384028f,1.0868170960245718f,0.10314208332107674f,1.4392500000000001f,0.015776513438008292f,0.10193577821063003f,-1.1018766615544417f,-0.1811737500000001f,0f,0f,0f,1f], start_interpolation: 0, interpolation_duration: 1 }