# This file was generated by Animated Java via MC-Build. It is not recommended to edit this file directly.
$data merge entity $(text_display_ammo_left) { transformation: [-1f,1.368136703841374e-15f,8.665293146946319e-16f,0.18012499999999998f,1.5801474953939527e-15f,0.7071067811865475f,0.7071067811865477f,0.8767167224389782f,3.546899863589409e-16f,0.7071067811865477f,-0.7071067811865475f,0.3321193487677502f,0f,0f,0f,1f], start_interpolation: 0, interpolation_duration: 1 }
$data merge entity $(text_display_ammo_right) { transformation: [-1f,1.368136703841374e-15f,8.665293146946319e-16f,-0.13237500000000002f,1.5801474953939527e-15f,0.7071067811865475f,0.7071067811865477f,0.8767167224389782f,3.546899863589409e-16f,0.7071067811865477f,-0.7071067811865475f,0.3321193487677502f,0f,0f,0f,1f], start_interpolation: 0, interpolation_duration: 1 }
$data merge entity $(text_display_health) { transformation: [-1f,1.368136703841374e-15f,8.665293146946319e-16f,0.023874999999999973f,1.5801474953939527e-15f,0.7071067811865475f,0.7071067811865477f,0.8855555572038101f,3.546899863589409e-16f,0.7071067811865477f,-0.7071067811865475f,0.340958183532582f,0f,0f,0f,1f], start_interpolation: 0, interpolation_duration: 1 }
$data merge entity $(bone_barrel1) { transformation: [0.17302919054800692f,-1.3206051071668894f,-0.06197441343657546f,1.4795326590126454f,-1.156582173828654f,-0.181483283709169f,0.6380903311394869f,-0.7240584493371578f,-0.640434502644778f,-0.02904731375950869f,-1.1690926734708718f,1.0227021903757854f,0f,0f,0f,1f], start_interpolation: 0, interpolation_duration: 1 }
$data merge entity $(bone_barrel2) { transformation: [0.17302919054800692f,-1.3206051071668894f,-0.06197441343657546f,1.1081124726219578f,-1.156582173828654f,-0.181483283709169f,0.6380903311394869f,-0.7751006228803615f,-0.640434502644778f,-0.02904731375950869f,-1.1690926734708718f,1.0145326333809237f,0f,0f,0f,1f], start_interpolation: 0, interpolation_duration: 1 }
$data merge entity $(bone_drillhead_right1) { transformation: [-0.13240880466021857f,0.11106143442124647f,0.9849534335351836f,-1.4118660939897392f,-0.7082215387928914f,0.6846162085446917f,-0.1724033032970084f,-1.065428265688714f,-0.6934624434230603f,-0.7203929516466594f,-0.011993113838052585f,1.015489966132057f,0f,0f,0f,1f], start_interpolation: 0, interpolation_duration: 1 }
$data merge entity $(bone_drillhead_right2) { transformation: [-0.8593076618771411f,0.11106143442124647f,-0.4992551452148855f,-1.56231064965944f,0.430304532593591f,0.6846162085446917f,-0.5883354963176219f,-0.8373666523749586f,0.2764567804714733f,-0.7203929516466594f,-0.6360861920755405f,1.209031683259088f,0f,0f,0f,1f], start_interpolation: 0, interpolation_duration: 1 }
$data merge entity $(bone_drillhead_right3) { transformation: [0.9606489735626034f,0.11106143442124647f,-0.2545955761151634f,-1.1885565497352846f,0.11174476608670758f,0.6846162085446917f,0.7202872720311795f,-0.902692370498578f,0.25429639565936396f,-0.7203929516466594f,0.6452653240121229f,1.204571091305061f,0f,0f,0f,1f], start_interpolation: 0, interpolation_duration: 1 }
$data merge entity $(bone_drill_right) { transformation: [-0.20242729777890073f,0.1697913225259714f,1.5058021443530203f,-1.3108672537440413f,-1.0827329247065742f,1.046644967960921f,-0.26357110393169264f,-0.4756379660320773f,-1.0601691397600765f,-1.101340646605901f,-0.01833513739831475f,0.6525615816407225f,0f,0f,0f,1f], start_interpolation: 0, interpolation_duration: 1 }
$data merge entity $(bone_barrel3) { transformation: [0.17654507288029114f,1.3132712447135781f,0.14808191256166162f,-1.5619131768231518f,0.9442953850571887f,-0.22987107106267746f,0.9128216113929222f,-0.9374152756538311f,0.9246165912307469f,-0.015990818450736785f,-0.9605239355288793f,0.4717507117810839f,0f,0f,0f,1f], start_interpolation: 0, interpolation_duration: 1 }
$data merge entity $(bone_barrel4) { transformation: [0.17654507288029114f,1.3132712447135781f,0.14808191256166162f,-1.191377485668438f,0.9442953850571887f,-0.22987107106267746f,0.9128216113929222f,-0.994804020072941f,0.9246165912307469f,-0.015990818450736785f,-0.9605239355288793f,0.4596112756116275f,0f,0f,0f,1f], start_interpolation: 0, interpolation_duration: 1 }
$data merge entity $(bone_blaster_right) { transformation: [0.13240880466021837f,0.9849534335351836f,0.11106143442124622f,-1.3372219500429208f,0.7082215387928915f,-0.1724033032970081f,0.6846162085446916f,-0.7193971888811375f,0.6934624434230602f,-0.01199311383805259f,-0.7203929516466595f,0.16466673964370243f,0f,0f,0f,1f], start_interpolation: 0, interpolation_duration: 1 }
$data merge entity $(bone_rocket_right) { transformation: [-2.26962368252522f,0.2559183543053038f,-0.3051090017048531f,-1.085286491612114f,0.3972681416054893f,1.577557991525244f,-1.6319516458250736f,-0.04543450688133566f,0.02763567724858579f,-1.659998176678369f,-1.5979423300102256f,0.0062989553767874296f,0f,0f,0f,1f], start_interpolation: 0, interpolation_duration: 1 }
$data merge entity $(bone_sword_right) { transformation: [-2.6239635530203502f,0.295873029267531f,-0.3527434553737136f,-1.150691368236812f,0.459290732809556f,1.823850669346472f,-1.8867364100519712f,0.39109465744182914f,0.03195023493174052f,-1.9191616421793638f,-1.8474174666304648f,1.3879394957331757f,0f,0f,0f,1f], start_interpolation: 0, interpolation_duration: 1 }
$data merge entity $(bone_right_hand) { transformation: [-0.9849534335351836f,0.11106143442124647f,-0.13240880466021834f,-1.3787800169152695f,0.17240330329700823f,0.6846162085446917f,-0.7082215387928914f,-0.30037793915487376f,0.011993113838052431f,-0.7203929516466594f,-0.6934624434230603f,0.4128351123735715f,0f,0f,0f,1f], start_interpolation: 0, interpolation_duration: 1 }
$data merge entity $(bone_right_arm_low) { transformation: [-0.9849534335351836f,0.11106143442124647f,-0.13240880466021834f,-1.2102967680437058f,0.17240330329700823f,0.6846162085446917f,-0.7082215387928914f,0.3513311398464771f,0.011993113838052431f,-0.7203929516466594f,-0.6934624434230603f,-0.32997811024493673f,0f,0f,0f,1f], start_interpolation: 0, interpolation_duration: 1 }
$data merge entity $(bone_right_arm) { transformation: [-1.090042219331692f,0.19085995780033202f,0.01234565174150888f,-0.9855f,0.19079773007286313f,1.0801890512844416f,0.14683261973515507f,1.4440000000000002f,0.013272709124741905f,0.14675172410469758f,-1.096840802121628f,-0.1811737500000001f,0f,0f,0f,1f], start_interpolation: 0, interpolation_duration: 1 }