# This file was generated by Animated Java via MC-Build. It is not recommended to edit this file directly.
$data merge entity $(bone_barrel1) { transformation: [0.1730291905480069f,-1.3206051071668892f,-0.061974413436575455f,1.4795326590126454f,-1.156582173828654f,-0.18148328370916897f,0.6380903311394868f,-0.7240584493371578f,-0.6404345026447779f,-0.029047313759508687f,-1.1690926734708715f,0.8977021903757851f,0f,0f,0f,1f], start_interpolation: 0, interpolation_duration: 1 }
$data merge entity $(bone_barrel2) { transformation: [0.1730291905480069f,-1.3206051071668892f,-0.061974413436575455f,1.1081124726219578f,-1.156582173828654f,-0.18148328370916897f,0.6380903311394868f,-0.7751006228803615f,-0.6404345026447779f,-0.029047313759508687f,-1.1690926734708715f,0.8895326333809233f,0f,0f,0f,1f], start_interpolation: 0, interpolation_duration: 1 }
$data merge entity $(bone_drillhead_right1) { transformation: [-0.13240880466021857f,0.11106143442124647f,0.9849534335351836f,-1.4118660939897387f,-0.7082215387928914f,0.6846162085446917f,-0.1724033032970084f,-1.065428265688714f,-0.6934624434230603f,-0.7203929516466594f,-0.011993113838052585f,0.8904899661320571f,0f,0f,0f,1f], start_interpolation: 0, interpolation_duration: 1 }
$data merge entity $(bone_drillhead_right2) { transformation: [-0.8593076618771411f,0.11106143442124647f,-0.4992551452148855f,-1.5623106496594397f,0.430304532593591f,0.6846162085446917f,-0.5883354963176219f,-0.8373666523749586f,0.2764567804714733f,-0.7203929516466594f,-0.6360861920755405f,1.084031683259088f,0f,0f,0f,1f], start_interpolation: 0, interpolation_duration: 1 }
$data merge entity $(bone_drillhead_right3) { transformation: [0.9606489735626034f,0.11106143442124647f,-0.2545955761151634f,-1.1885565497352841f,0.11174476608670758f,0.6846162085446917f,0.7202872720311795f,-0.902692370498578f,0.25429639565936396f,-0.7203929516466594f,0.6452653240121229f,1.079571091305061f,0f,0f,0f,1f], start_interpolation: 0, interpolation_duration: 1 }
$data merge entity $(bone_drill_right) { transformation: [-0.20242729777890073f,0.1697913225259714f,1.5058021443530203f,-1.310867253744041f,-1.0827329247065742f,1.046644967960921f,-0.26357110393169264f,-0.4756379660320773f,-1.0601691397600765f,-1.101340646605901f,-0.01833513739831475f,0.5275615816407225f,0f,0f,0f,1f], start_interpolation: 0, interpolation_duration: 1 }
$data merge entity $(bone_barrel3) { transformation: [-0.17654507288029114f,-1.3132712447135781f,0.1480819125616622f,-1.1787548403772117f,-0.9442953850571887f,0.22987107106267782f,0.9128216113929222f,-1.026349266410464f,-0.9246165912307469f,0.015990818450736362f,-0.9605239355288793f,0.36441775428128853f,0f,0f,0f,1f], start_interpolation: 0, interpolation_duration: 1 }
$data merge entity $(bone_barrel4) { transformation: [-0.17654507288029114f,-1.3132712447135781f,0.1480819125616622f,-1.5481123779529056f,-0.9442953850571887f,0.22987107106267782f,0.9128216113929222f,-0.9616980276740861f,-0.9246165912307469f,0.015990818450736362f,-0.9605239355288793f,0.3689151719705581f,0f,0f,0f,1f], start_interpolation: 0, interpolation_duration: 1 }
$data merge entity $(bone_blaster_right) { transformation: [-0.22817667251016727f,-1.6973448073808155f,0.1913893008510785f,-1.5800318916787806f,-1.2204598820787045f,0.29709815881973267f,1.1797814262663464f,-2.124817641600254f,-1.1950259143045046f,0.020667423255007995f,-1.2414345634214374f,-1.1732569711786636f,0f,0f,0f,1f], start_interpolation: 0, interpolation_duration: 1 }
$data merge entity $(bone_rocket_right) { transformation: [-2.26962368252522f,0.2559183543053038f,-0.3051090017048531f,-1.0852864916121137f,0.3972681416054893f,1.577557991525244f,-1.6319516458250736f,-0.04543450688133566f,0.02763567724858579f,-1.659998176678369f,-1.5979423300102256f,-0.11870104462321257f,0f,0f,0f,1f], start_interpolation: 0, interpolation_duration: 1 }
$data merge entity $(bone_sword_right) { transformation: [-2.6239635530203502f,0.295873029267531f,-0.3527434553737136f,-1.1506913682368116f,0.459290732809556f,1.823850669346472f,-1.8867364100519712f,0.39109465744182936f,0.03195023493174052f,-1.9191616421793638f,-1.8474174666304648f,1.2629394957331757f,0f,0f,0f,1f], start_interpolation: 0, interpolation_duration: 1 }
$data merge entity $(bone_right_hand) { transformation: [-0.9849534335351836f,0.11106143442124647f,-0.13240880466021834f,-1.378780016915269f,0.17240330329700823f,0.6846162085446917f,-0.7082215387928914f,-0.30037793915487376f,0.011993113838052431f,-0.7203929516466594f,-0.6934624434230603f,0.2878351123735715f,0f,0f,0f,1f], start_interpolation: 0, interpolation_duration: 1 }
$data merge entity $(bone_right_arm_low) { transformation: [-0.9849534335351836f,0.11106143442124647f,-0.13240880466021834f,-1.2102967680437056f,0.17240330329700823f,0.6846162085446917f,-0.7082215387928914f,0.3513311398464771f,0.011993113838052431f,-0.7203929516466594f,-0.6934624434230603f,-0.45497811024493673f,0f,0f,0f,1f], start_interpolation: 0, interpolation_duration: 1 }
$data merge entity $(bone_right_arm) { transformation: [-1.090042219331692f,0.19085995780033202f,0.01234565174150888f,-0.9854999999999999f,0.19079773007286313f,1.0801890512844416f,0.14683261973515507f,1.4440000000000002f,0.013272709124741905f,0.14675172410469758f,-1.096840802121628f,-0.30617375000000013f,0f,0f,0f,1f], start_interpolation: 0, interpolation_duration: 1 }