# This file was generated by Animated Java via MC-Build. It is not recommended to edit this file directly.
$data merge entity $(bone_barrel1) { transformation: [0.1678799455084879f,-1.3219763271318326f,-0.04441499945823241f,1.4555917178037856f,-1.1934313020202418f,-0.17069053743613372f,0.5695298460711362f,-0.64949924178341f,-0.5703646456716223f,-0.03195479166840991f,-1.2047575855893546f,1.1292311822740768f,0f,0f,0f,1f], start_interpolation: 0, interpolation_duration: 1 }
$data merge entity $(bone_barrel2) { transformation: [0.1678799455084879f,-1.3219763271318326f,-0.04441499945823241f,1.0837858757979577f,-1.1934313020202418f,-0.17069053743613372f,0.5695298460711362f,-0.6975059554373226f,-0.5703646456716223f,-0.03195479166840991f,-1.2047575855893546f,1.1202438971173365f,0f,0f,0f,1f], start_interpolation: 0, interpolation_duration: 1 }
$data merge entity $(bone_drillhead_right1) { transformation: [-0.12949089709058104f,0.12604401510743565f,0.9835369915901857f,-1.4406268734999448f,-0.6658678128785552f,0.7239208208294088f,-0.18044029744490125f,-1.1231569741482463f,-0.7347463258451898f,-0.6782710014627424f,-0.009812503845730165f,0.8851774257095901f,0f,0f,0f,1f], start_interpolation: 0, interpolation_duration: 1 }
$data merge entity $(bone_drillhead_right2) { transformation: [-0.8591156750392401f,0.12604401510743565f,-0.4960173012682799f,-1.5916073528322283f,0.4215216777833938f,0.7239208208294088f,-0.5461301313133601f,-0.9052514341398861f,0.29024081735783436f,-0.6782710014627424f,-0.6750620093844599f,1.0896918031031244f,0f,0f,0f,1f], start_interpolation: 0, interpolation_duration: 1 }
$data merge entity $(bone_drillhead_right3) { transformation: [0.9582237169565564f,0.12604401510743565f,-0.2567493223312536f,-1.218391095820429f,0.08811148248420794f,0.7239208208294088f,0.6842331560397451f,-0.9736322655385641f,0.2721096744263176f,-0.6782710014627424f,0.6825721746880193f,1.0860640023381114f,0f,0f,0f,1f], start_interpolation: 0, interpolation_duration: 1 }
$data merge entity $(bone_drill_right) { transformation: [-0.1979663848811062f,0.1926967730346628f,1.5036366802351138f,-1.330019607138511f,-1.0179823191127217f,1.1067340721217798f,-0.27585810411870954f,-0.5143946017609748f,-1.1232841628280579f,-1.0369443810041652f,-0.015001409030414773f,0.5581532948522436f,0f,0f,0f,1f], start_interpolation: 0, interpolation_duration: 1 }
$data merge entity $(bone_barrel3) { transformation: [0.17265452945410778f,1.3113826554535808f,0.16805868680991387f,-1.58261677429781f,0.8878237505047404f,-0.24058706325986792f,0.9652277611058782f,-0.9626741067223261f,0.9796617677935863f,-0.013083338460973537f,-0.9043613352836567f,0.3479270681100745f,0f,0f,0f,1f], start_interpolation: 0, interpolation_duration: 1 }
$data merge entity $(bone_barrel4) { transformation: [0.17265452945410778f,1.3113826554535808f,0.16805868680991387f,-1.2124533117837288f,0.8878237505047404f,-0.24058706325986792f,0.9652277611058782f,-1.022659775706703f,0.9796617677935863f,-0.013083338460973537f,-0.9043613352836567f,0.3370521956005338f,0f,0f,0f,1f], start_interpolation: 0, interpolation_duration: 1 }
$data merge entity $(bone_blaster_right) { transformation: [0.12949089709058084f,0.9835369915901857f,0.1260440151074354f,-1.3521823490128357f,0.6658678128785553f,-0.18044029744490095f,0.7239208208294087f,-0.7294002325530333f,0.7347463258451897f,-0.009812503845730153f,-0.6782710014627426f,0.05671945356447977f,0f,0f,0f,1f], start_interpolation: 0, interpolation_duration: 1 }
$data merge entity $(bone_rocket_right) { transformation: [-2.266359781843387f,0.29044264631032807f,-0.2983852806658804f,-1.0925645443310574f,0.4157877503842557f,1.6681274294667778f,-1.5343561493219124f,-0.0497715740155959f,0.022610907637739684f,-1.5629367599285073f,-1.6930725910577442f,-0.05938829390973516f,0f,0f,0f,1f], start_interpolation: 0, interpolation_duration: 1 }
$data merge entity $(bone_sword_right) { transformation: [-2.620190083217515f,0.33578734837360547f,-0.344970008576f,-1.1719643624644656f,0.4807016736742598f,1.9285600561958853f,-1.773904037119427f,0.30704637827146763f,0.02614098451604394f,-1.8069467309951501f,-1.9573997247906685f,1.3442294281760587f,0f,0f,0f,1f], start_interpolation: 0, interpolation_duration: 1 }
$data merge entity $(bone_right_hand) { transformation: [-0.9835369915901857f,0.12604401510743565f,-0.12949089709058081f,-1.3933776187141604f,0.18044029744490112f,0.7239208208294088f,-0.6658678128785552f,-0.3250051717641653f,0.009812503845730002f,-0.6782710014627424f,-0.7347463258451898f,0.3281219781483929f,0f,0f,0f,1f], start_interpolation: 0, interpolation_duration: 1 }
$data merge entity $(bone_right_arm_low) { transformation: [-0.9835369915901857f,0.12604401510743565f,-0.12949089709058081f,-1.2099091321664188f,0.18044029744490112f,0.7239208208294088f,-0.6658678128785552f,0.36682976132248224f,0.009812503845730002f,-0.6782710014627424f,-0.7347463258451898f,-0.37372312748736985f,0f,0f,0f,1f], start_interpolation: 0, interpolation_duration: 1 }
$data merge entity $(bone_right_arm) { transformation: [-1.088474651293741f,0.1985764472461854f,0.023713005378477793f,-0.9773125f,0.19969222461387032f,1.0720757874108446f,0.18854309854833945f,1.451f,0.010859440766463627f,0.18971789367513076f,-1.0902573879133952f,-0.1811737500000001f,0f,0f,0f,1f], start_interpolation: 0, interpolation_duration: 1 }