# This file was generated by Animated Java via MC-Build. It is not recommended to edit this file directly.
$data merge entity $(bone_drillhead_right1) { transformation: [-0.12551695386938663f,0.14021083041862636f,0.9821336046204048f,-1.4665485248957848f,-0.6238251515461513f,0.7586097025748889f,-0.18802526281768683f,-1.1692533542687205f,-0.7714192599292371f,-0.6362800029802587f,-0.0077513365086501265f,0.6332338065760268f,0f,0f,0f,1f], start_interpolation: 0, interpolation_duration: 1 }
$data merge entity $(bone_drillhead_right2) { transformation: [-0.8593398767735771f,0.14021083041862636f,-0.49180880352032424f,-1.6183586731673287f,0.41244024210166985f,0.7586097025748889f,-0.5043851364328205f,-0.9615038966447748f,0.3023706713322072f,-0.6362800029802587f,-0.7097321571730794f,0.8474717626088794f,0f,0f,0f,1f], start_interpolation: 0, interpolation_duration: 1 }
$data merge entity $(bone_drillhead_right3) { transformation: [0.9554063942270721f,0.14021083041862636f,-0.25988371419414485f,-1.2456754426911305f,0.06501485827703712f,0.7586097025748889f,0.6482934423256614f,-1.0327682802565095f,0.2880480690323085f,-0.6362800029802587f,0.7156647732941736f,0.8446308315419748f,0f,0f,0f,1f], start_interpolation: 0, interpolation_duration: 1 }
$data merge entity $(bone_drill_right) { transformation: [-0.1918909989590184f,0.21435507701932743f,1.5014911746340331f,-1.3470740781245987f,-0.9537072707366603f,1.159766622432379f,-0.28745404026585325f,-0.5445844351549668f,-1.179349943100809f,-0.9727483150729023f,-0.011850285240830403f,0.3411978950317356f,0f,0f,0f,1f], start_interpolation: 0, interpolation_duration: 1 }
$data merge entity $(bone_blaster_right) { transformation: [-0.9821336046204048f,0.14021083041862636f,-0.1255169538693864f,-1.5595155772199478f,0.1880252628176867f,0.7586097025748889f,-0.6238251515461513f,-0.3130612809557897f,0.007751336508649956f,-0.6362800029802587f,-0.7714192599292371f,0.12228246125277925f,0f,0f,0f,1f], start_interpolation: 0, interpolation_duration: 1 }
$data merge entity $(bone_barrel_right) { transformation: [-2.254130029085123f,0.3218029011152127f,-0.28807845851647573f,-1.5233762884608675f,0.4315435182647903f,1.7411123118939698f,-1.4317634590481687f,-1.4730880255823717f,0.017790370177227406f,-1.4603490348734316f,-1.7705119859870728f,0.4393817729119914f,0f,0f,0f,1f], start_interpolation: 0, interpolation_duration: 1 }
$data merge entity $(bone_rocket_right) { transformation: [-2.263125963681111f,0.323087173900668f,-0.28922814151518855f,-1.0982631947504318f,0.4332657513283409f,1.7480608606821797f,-1.4374774375091852f,-0.04913076465966493f,0.017861369189923097f,-1.466177094584063f,-1.7775778649833331f,-0.24722022443956643f,0f,0f,0f,1f], start_interpolation: 0, interpolation_duration: 1 }
$data merge entity $(bone_sword_right) { transformation: [-2.6164513924996484f,0.3735284290920242f,-0.3343832317608158f,-1.1924150554273973f,0.5009083880340203f,2.020972913795129f,-1.6619003552679386f,0.2315450991205107f,0.020649935106974736f,-1.6950806814728867f,-2.055098193715718f,1.1726820885980536f,0f,0f,0f,1f], start_interpolation: 0, interpolation_duration: 1 }
$data merge entity $(bone_right_hand) { transformation: [-0.9821336046204048f,0.14021083041862636f,-0.1255169538693864f,-1.4060572014980095f,0.1880252628176867f,0.7586097025748889f,-0.6238251515461513f,-0.34244022827105325f,0.007751336508649956f,-0.6362800029802587f,-0.7714192599292371f,0.1210713149233027f,0f,0f,0f,1f], start_interpolation: 0, interpolation_duration: 1 }
$data merge entity $(bone_right_arm_low) { transformation: [-0.9821336046204048f,0.14021083041862636f,-0.1255169538693864f,-1.208385425599026f,0.1880252628176867f,0.7586097025748889f,-0.6238251515461513f,0.384923359391913f,0.007751336508649956f,-0.6362800029802587f,-0.7714192599292371f,-0.5397999984615351f,0f,0f,0f,1f], start_interpolation: 0, interpolation_duration: 1 }
$data merge entity $(bone_right_arm) { transformation: [-1.0869215311207083f,0.2052979166648333f,0.03501898247125475f,-0.969f,0.20808646154630078f,1.0628714681960492f,0.22754394114092086f,1.4595000000000002f,0.008578358897993273f,0.23006300450503142f,-1.0824829810443966f,-0.30617375000000013f,0f,0f,0f,1f], start_interpolation: 0, interpolation_duration: 1 }