# This file was generated by Animated Java via MC-Build. It is not recommended to edit this file directly.
$data merge entity $(text_display_ammo_left) { transformation: [-1f,1.368136703841374e-15f,8.665293146946319e-16f,0.19662499999999997f,1.5801474953939527e-15f,0.7071067811865475f,0.7071067811865477f,0.8922167224389782f,3.546899863589409e-16f,0.7071067811865477f,-0.7071067811865475f,0.3321193487677502f,0f,0f,0f,1f], start_interpolation: 0, interpolation_duration: 1 }
$data merge entity $(text_display_ammo_right) { transformation: [-1f,1.368136703841374e-15f,8.665293146946319e-16f,-0.11587500000000003f,1.5801474953939527e-15f,0.7071067811865475f,0.7071067811865477f,0.8922167224389782f,3.546899863589409e-16f,0.7071067811865477f,-0.7071067811865475f,0.3321193487677502f,0f,0f,0f,1f], start_interpolation: 0, interpolation_duration: 1 }
$data merge entity $(text_display_health) { transformation: [-1f,1.368136703841374e-15f,8.665293146946319e-16f,0.04037499999999995f,1.5801474953939527e-15f,0.7071067811865475f,0.7071067811865477f,0.90105555720381f,3.546899863589409e-16f,0.7071067811865477f,-0.7071067811865475f,0.340958183532582f,0f,0f,0f,1f], start_interpolation: 0, interpolation_duration: 1 }
$data merge entity $(bone_barrel1) { transformation: [0.16168037083956713f,-1.3231855372103842f,-0.0285879271760702f,1.4336752266625772f,-1.2244683680092792f,-0.16047899541986693f,0.5026942266940219f,-0.5720208086038323f,-0.5023091191762803f,-0.034703082342561066f,-1.2346088541096947f,1.225902484452448f,0f,0f,0f,1f], start_interpolation: 0, interpolation_duration: 1 }
$data merge entity $(bone_barrel2) { transformation: [0.16168037083956713f,-1.3231855372103842f,-0.0285879271760702f,1.0615292943221566f,-1.2244683680092792f,-0.16047899541986693f,0.5026942266940219f,-0.6171555260656698f,-0.5023091191762803f,-0.034703082342561066f,-1.2346088541096947f,1.2161422425436026f,0f,0f,0f,1f], start_interpolation: 0, interpolation_duration: 1 }
$data merge entity $(bone_drillhead_right1) { transformation: [-0.12551695386938663f,0.14021083041862636f,0.9821336046204048f,-1.4665485248957848f,-0.6238251515461513f,0.7586097025748889f,-0.18802526281768683f,-1.1692533542687205f,-0.7714192599292371f,-0.6362800029802587f,-0.0077513365086501265f,0.7582338065760268f,0f,0f,0f,1f], start_interpolation: 0, interpolation_duration: 1 }
$data merge entity $(bone_drillhead_right2) { transformation: [-0.8593398767735771f,0.14021083041862636f,-0.49180880352032424f,-1.6183586731673287f,0.41244024210166985f,0.7586097025748889f,-0.5043851364328205f,-0.9615038966447748f,0.3023706713322072f,-0.6362800029802587f,-0.7097321571730794f,0.9724717626088795f,0f,0f,0f,1f], start_interpolation: 0, interpolation_duration: 1 }
$data merge entity $(bone_drillhead_right3) { transformation: [0.9554063942270721f,0.14021083041862636f,-0.25988371419414485f,-1.2456754426911305f,0.06501485827703712f,0.7586097025748889f,0.6482934423256614f,-1.0327682802565095f,0.2880480690323085f,-0.6362800029802587f,0.7156647732941736f,0.9696308315419749f,0f,0f,0f,1f], start_interpolation: 0, interpolation_duration: 1 }
$data merge entity $(bone_drill_right) { transformation: [-0.1918909989590184f,0.21435507701932743f,1.5014911746340331f,-1.3470740781245987f,-0.9537072707366603f,1.159766622432379f,-0.28745404026585325f,-0.5445844351549668f,-1.179349943100809f,-0.9727483150729023f,-0.011850285240830403f,0.4661978950317357f,0f,0f,0f,1f], start_interpolation: 0, interpolation_duration: 1 }
$data merge entity $(bone_barrel3) { transformation: [0.16735593849251523f,1.3095114728272064f,0.18694777389150147f,-1.6005373846577293f,0.8317668687282019f,-0.250700350423582f,1.011479603433185f,-0.9786053243205699f,1.0285590132389826f,-0.010335115344866795f,-0.8483733373070118f,0.22884345575423154f,0f,0f,0f,1f], start_interpolation: 0, interpolation_duration: 1 }
$data merge entity $(bone_barrel4) { transformation: [0.16735593849251523f,1.3095114728272064f,0.18694777389150147f,-1.230749908909643f,0.8317668687282019f,-0.250700350423582f,1.011479603433185f,-1.0410673713260752f,1.0285590132389826f,-0.010335115344866795f,-0.8483733373070118f,0.21918696675687283f,0f,0f,0f,1f], start_interpolation: 0, interpolation_duration: 1 }
$data merge entity $(bone_blaster_right) { transformation: [0.12551695386938644f,0.9821336046204048f,0.14021083041862611f,-1.3646494874086852f,0.6238251515461515f,-0.18802526281768653f,0.7586097025748888f,-0.7318251253626312f,0.771419259929237f,-0.007751336508650097f,-0.6362800029802589f,-0.04642919604650175f,0f,0f,0f,1f], start_interpolation: 0, interpolation_duration: 1 }
$data merge entity $(bone_rocket_right) { transformation: [-2.263125963681111f,0.323087173900668f,-0.28922814151518855f,-1.0982631947504318f,0.4332657513283409f,1.7480608606821797f,-1.4374774375091852f,-0.04913076465966493f,0.017861369189923097f,-1.466177094584063f,-1.7775778649833331f,-0.12222022443956632f,0f,0f,0f,1f], start_interpolation: 0, interpolation_duration: 1 }
$data merge entity $(bone_sword_right) { transformation: [-2.6164513924996484f,0.3735284290920242f,-0.3343832317608158f,-1.1924150554273973f,0.5009083880340203f,2.020972913795129f,-1.6619003552679386f,0.23154509912051058f,0.020649935106974736f,-1.6950806814728867f,-2.055098193715718f,1.2976820885980533f,0f,0f,0f,1f], start_interpolation: 0, interpolation_duration: 1 }
$data merge entity $(bone_right_hand) { transformation: [-0.9821336046204048f,0.14021083041862636f,-0.1255169538693864f,-1.4060572014980095f,0.1880252628176867f,0.7586097025748889f,-0.6238251515461513f,-0.34244022827105325f,0.007751336508649956f,-0.6362800029802587f,-0.7714192599292371f,0.2460713149233028f,0f,0f,0f,1f], start_interpolation: 0, interpolation_duration: 1 }
$data merge entity $(bone_right_arm_low) { transformation: [-0.9821336046204048f,0.14021083041862636f,-0.1255169538693864f,-1.208385425599026f,0.1880252628176867f,0.7586097025748889f,-0.6238251515461513f,0.384923359391913f,0.007751336508649956f,-0.6362800029802587f,-0.7714192599292371f,-0.41479999846153504f,0f,0f,0f,1f], start_interpolation: 0, interpolation_duration: 1 }
$data merge entity $(bone_right_arm) { transformation: [-1.0869215311207083f,0.2052979166648333f,0.03501898247125475f,-0.969f,0.20808646154630078f,1.0628714681960492f,0.22754394114092086f,1.4595000000000002f,0.008578358897993273f,0.23006300450503142f,-1.0824829810443966f,-0.1811737500000001f,0f,0f,0f,1f], start_interpolation: 0, interpolation_duration: 1 }