# This file was generated by Animated Java via MC-Build. It is not recommended to edit this file directly.
$data merge entity $(bone_barrel1) { transformation: [0.1616803708395671f,-1.323185537210384f,-0.028587927176070192f,1.4336752266625772f,-1.224468368009279f,-0.1604789954198669f,0.5026942266940218f,-0.5720208086038322f,-0.5023091191762802f,-0.03470308234256106f,-1.2346088541096945f,1.1009024844524478f,0f,0f,0f,1f], start_interpolation: 0, interpolation_duration: 1 }
$data merge entity $(bone_barrel2) { transformation: [0.1616803708395671f,-1.323185537210384f,-0.028587927176070192f,1.0615292943221566f,-1.224468368009279f,-0.1604789954198669f,0.5026942266940218f,-0.6171555260656698f,-0.5023091191762802f,-0.03470308234256106f,-1.2346088541096945f,1.0911422425436026f,0f,0f,0f,1f], start_interpolation: 0, interpolation_duration: 1 }
$data merge entity $(bone_drillhead_right1) { transformation: [-0.12551695386938663f,0.14021083041862636f,0.9821336046204048f,-1.4665485248957848f,-0.6238251515461513f,0.7586097025748889f,-0.18802526281768683f,-1.1692533542687205f,-0.7714192599292371f,-0.6362800029802587f,-0.0077513365086501265f,0.6332338065760268f,0f,0f,0f,1f], start_interpolation: 0, interpolation_duration: 1 }
$data merge entity $(bone_drillhead_right2) { transformation: [-0.8593398767735771f,0.14021083041862636f,-0.49180880352032424f,-1.6183586731673287f,0.41244024210166985f,0.7586097025748889f,-0.5043851364328205f,-0.9615038966447748f,0.3023706713322072f,-0.6362800029802587f,-0.7097321571730794f,0.8474717626088794f,0f,0f,0f,1f], start_interpolation: 0, interpolation_duration: 1 }
$data merge entity $(bone_drillhead_right3) { transformation: [0.9554063942270721f,0.14021083041862636f,-0.25988371419414485f,-1.2456754426911305f,0.06501485827703712f,0.7586097025748889f,0.6482934423256614f,-1.0327682802565095f,0.2880480690323085f,-0.6362800029802587f,0.7156647732941736f,0.8446308315419748f,0f,0f,0f,1f], start_interpolation: 0, interpolation_duration: 1 }
$data merge entity $(bone_drill_right) { transformation: [-0.1918909989590184f,0.21435507701932743f,1.5014911746340331f,-1.3470740781245987f,-0.9537072707366603f,1.159766622432379f,-0.28745404026585325f,-0.5445844351549668f,-1.179349943100809f,-0.9727483150729023f,-0.011850285240830403f,0.3411978950317356f,0f,0f,0f,1f], start_interpolation: 0, interpolation_duration: 1 }
$data merge entity $(bone_barrel3) { transformation: [-0.16735593849251523f,-1.3095114728272064f,0.18694777389150208f,-1.2193912136364216f,-0.8317668687282019f,0.25070035042358246f,1.011479603433185f,-1.075969294423723f,-1.0285590132389826f,0.010335115344866419f,-0.8483733373070118f,0.12056301113627232f,0f,0f,0f,1f], start_interpolation: 0, interpolation_duration: 1 }
$data merge entity $(bone_barrel4) { transformation: [-0.16735593849251523f,-1.3095114728272064f,0.18694777389150208f,-1.5876913153690735f,-0.8317668687282019f,0.25070035042358246f,1.011479603433185f,-1.0054598208670904f,-1.0285590132389826f,0.010335115344866419f,-0.8483733373070118f,0.12346976232701601f,0f,0f,0f,1f], start_interpolation: 0, interpolation_duration: 1 }
$data merge entity $(bone_blaster_right) { transformation: [-0.21630012408180535f,-1.6924854690575575f,0.2416217019473f,-1.5979937235608437f,-1.0750217681764012f,0.3240190780944303f,1.3072925030299893f,-1.9883532571108486f,-1.3293668823051725f,0.013357677962496418f,-1.09648489190247f,-1.539652411217702f,0f,0f,0f,1f], start_interpolation: 0, interpolation_duration: 1 }
$data merge entity $(bone_rocket_right) { transformation: [-2.263125963681111f,0.323087173900668f,-0.28922814151518855f,-1.0982631947504318f,0.4332657513283409f,1.7480608606821797f,-1.4374774375091852f,-0.04913076465966493f,0.017861369189923097f,-1.466177094584063f,-1.7775778649833331f,-0.24722022443956643f,0f,0f,0f,1f], start_interpolation: 0, interpolation_duration: 1 }
$data merge entity $(bone_sword_right) { transformation: [-2.6164513924996484f,0.3735284290920242f,-0.3343832317608158f,-1.1924150554273973f,0.5009083880340203f,2.020972913795129f,-1.6619003552679386f,0.2315450991205107f,0.020649935106974736f,-1.6950806814728867f,-2.055098193715718f,1.1726820885980536f,0f,0f,0f,1f], start_interpolation: 0, interpolation_duration: 1 }
$data merge entity $(bone_right_hand) { transformation: [-0.9821336046204048f,0.14021083041862636f,-0.1255169538693864f,-1.4060572014980095f,0.1880252628176867f,0.7586097025748889f,-0.6238251515461513f,-0.34244022827105325f,0.007751336508649956f,-0.6362800029802587f,-0.7714192599292371f,0.1210713149233027f,0f,0f,0f,1f], start_interpolation: 0, interpolation_duration: 1 }
$data merge entity $(bone_right_arm_low) { transformation: [-0.9821336046204048f,0.14021083041862636f,-0.1255169538693864f,-1.208385425599026f,0.1880252628176867f,0.7586097025748889f,-0.6238251515461513f,0.384923359391913f,0.007751336508649956f,-0.6362800029802587f,-0.7714192599292371f,-0.5397999984615351f,0f,0f,0f,1f], start_interpolation: 0, interpolation_duration: 1 }
$data merge entity $(bone_right_arm) { transformation: [-1.0869215311207083f,0.2052979166648333f,0.03501898247125475f,-0.969f,0.20808646154630078f,1.0628714681960492f,0.22754394114092086f,1.4595000000000002f,0.008578358897993273f,0.23006300450503142f,-1.0824829810443966f,-0.30617375000000013f,0f,0f,0f,1f], start_interpolation: 0, interpolation_duration: 1 }