# This file was generated by Animated Java via MC-Build. It is not recommended to edit this file directly.
$data merge entity $(bone_barrel1) { transformation: [0.15486387282774539f,-1.3242274953868447f,-0.014713909475499306f,1.4140791876813794f,-1.2497622435090692f,-0.15103756928664253f,0.43938566788294026f,-0.4948101477618742f,-0.4380517017085389f,-0.037242058257351204f,-1.258769841354958f,1.1865322230517856f,0f,0f,0f,1f], start_interpolation: 0, interpolation_duration: 1 }
$data merge entity $(bone_barrel2) { transformation: [0.15486387282774539f,-1.3242274953868447f,-0.014713909475499306f,1.0416402046038293f,-1.2497622435090692f,-0.15103756928664253f,0.43938566788294026f,-0.5372894641237425f,-0.4380517017085389f,-0.037242058257351204f,-1.258769841354958f,1.1760578941669055f,0f,0f,0f,1f], start_interpolation: 0, interpolation_duration: 1 }
$data merge entity $(bone_drillhead_right1) { transformation: [-0.12078935181558523f,0.1532238210035184f,0.9807815216270404f,-1.4893334757734003f,-0.5833797797014151f,0.7884380864035938f,-0.19502157968739633f,-1.2046061492505644f,-0.8031674577094736f,-0.5957246382224936f,-0.005847246461368881f,0.5129947568972224f,0f,0f,0f,1f], start_interpolation: 0, interpolation_duration: 1 }
$data merge entity $(bone_drillhead_right2) { transformation: [-0.8598998899505561f,0.1532238210035184f,-0.48692364898421564f,-1.642190899592805f,0.4034262223397319f,0.7884380864035938f,-0.46434111064704614f,-1.0066839602292812f,0.3127610308074123f,-0.5957246382224936f,-0.739792331011186f,0.7356278073248818f,0f,0f,0f,1f], start_interpolation: 0, interpolation_duration: 1 }
$data merge entity $(bone_drillhead_right3) { transformation: [0.9523480574424412f,0.1532238210035184f,-0.26373402920876715f,-1.2700213265263944f,0.04307333059732307f,0.7884380864035938f,0.6136041656471156f,-1.0806083279393786f,0.30195672815299673f,-0.5957246382224936f,0.7442676197026286f,0.7335135033517919f,0f,0f,0f,1f], start_interpolation: 0, interpolation_duration: 1 }
$data merge entity $(bone_drill_right) { transformation: [-0.18466341533132236f,0.2342494075125427f,1.4994241028299948f,-1.3619074458430551f,-0.8918741671813301f,1.2053684172001156f,-0.2981500473929815f,-0.5670307417792462f,-1.2278867598366392f,-0.9107470537563386f,-0.008939302062725744f,0.2540921067495179f,0f,0f,0f,1f], start_interpolation: 0, interpolation_duration: 1 }
$data merge entity $(bone_barrel3) { transformation: [-0.1610524690874467f,-1.3077086955027204f,0.20429842800469145f,-1.2354214126788505f,-0.7778397062685537f,0.2600287729165285f,1.0512507818714583f,-1.0876637196196024f,-1.0708899436126313f,0.007796328615158093f,-0.7942995176299916f,0.008541459560362785f,0f,0f,0f,1f], start_interpolation: 0, interpolation_duration: 1 }
$data merge entity $(bone_barrel4) { transformation: [-0.1610524690874467f,-1.3077086955027204f,0.20429842800469145f,-1.6032144832889907f,-0.7778397062685537f,0.2600287729165285f,1.0512507818714583f,-1.0145306272368289f,-1.0708899436126313f,0.007796328615158093f,-0.7942995176299916f,0.010734176983375976f,0f,0f,0f,1f], start_interpolation: 0, interpolation_duration: 1 }
$data merge entity $(bone_blaster_right) { transformation: [-0.20815316959220911f,-1.6901554593639032f,0.264046652453321f,-1.6007515237288947f,-1.0053233037151401f,0.3360756502178149f,1.3586949863154143f,-1.9127143066086614f,-1.384077731378078f,0.010076408773009537f,-1.0265968794956695f,-1.6996520433487454f,0f,0f,0f,1f], start_interpolation: 0, interpolation_duration: 1 }
$data merge entity $(bone_rocket_right) { transformation: [-2.2600103650365484f,0.35307294846256115f,-0.27833434977079f,-1.102553041361636f,0.4493873322247602f,1.8167942688252385f,-1.3442793525419805f,-0.04465237892169566f,0.013473783221052287f,-1.3727255534515002f,-1.850735091615759f,-0.3057946831546533f,0f,0f,0f,1f], start_interpolation: 0, interpolation_duration: 1 }
$data merge entity $(bone_sword_right) { transformation: [-2.612849378054648f,0.4081956649713882f,-0.3217886713887229f,-1.211601542459735f,0.5195469143302417f,2.100437170020017f,-1.5541519298139221f,0.16522028591953553f,0.015577347189998524f,-1.587039229582237f,-2.1396769270984937f,1.1252287201857545f,0f,0f,0f,1f], start_interpolation: 0, interpolation_duration: 1 }
$data merge entity $(bone_right_hand) { transformation: [-0.9807815216270404f,0.1532238210035184f,-0.120789351815585f,-1.4168109977816812f,0.1950215796873962f,0.7884380864035938f,-0.5833797797014151f,-0.35365479097030506f,0.005847246461368702f,-0.5957246382224936f,-0.8031674577094736f,0.04372741367877775f,0f,0f,0f,1f], start_interpolation: 0, interpolation_duration: 1 }
$data merge entity $(bone_right_arm_low) { transformation: [-0.9807815216270404f,0.1532238210035184f,-0.120789351815585f,-1.20606299892071f,0.1950215796873962f,0.7884380864035938f,-0.5833797797014151f,0.40436382858715736f,0.005847246461368702f,-0.5957246382224936f,-0.8031674577094736f,-0.5774616605009724f,0f,0f,0f,1f], start_interpolation: 0, interpolation_duration: 1 }
$data merge entity $(bone_right_arm) { transformation: [-1.0854251887591029f,0.21098615342940788f,0.0459236453513479f,-0.9609375f,0.21582924461415987f,1.053061894113291f,0.26315463680094403f,1.46875f,0.006471113549859052f,0.26705330696626467f,-1.0739704998098574f,-0.30617375000000013f,0f,0f,0f,1f], start_interpolation: 0, interpolation_duration: 1 }