# This file was generated by Animated Java via MC-Build. It is not recommended to edit this file directly.
$data merge entity $(bone_barrel1) { transformation: [0.14790338818607915f,-1.3251014279203521f,-0.002927672163792329f,1.39701256812238f,-1.2696371278895777f,-0.14255534462874264f,0.3814148856296274f,-0.4212275154072733f,-0.37937307366912504f,-0.03952160445884118f,-1.2776117921863497f,1.260256290277135f,0f,0f,0f,1f], start_interpolation: 0, interpolation_duration: 1 }
$data merge entity $(bone_barrel2) { transformation: [0.14790338818607915f,-1.3251014279203521f,-0.002927672163792329f,1.0243277915197808f,-1.2696371278895777f,-0.14255534462874264f,0.3814148856296274f,-0.4613212060841072f,-0.37937307366912504f,-0.03952160445884118f,-1.2776117921863497f,1.2491408390230858f,0f,0f,0f,1f], start_interpolation: 0, interpolation_duration: 1 }
$data merge entity $(bone_drillhead_right1) { transformation: [-0.11567988847357646f,0.1647857609716861f,0.9795222388408154f,-1.5088159178760938f,-0.5458557221327069f,0.8133403155736316f,-0.2012934715224675f,-1.23052976794425f,-0.8298552247336412f,-0.5579634253636772f,-0.004137866444233843f,0.4028434715673983f,0f,0f,0f,1f], start_interpolation: 0, interpolation_duration: 1 }
$data merge entity $(bone_drillhead_right2) { transformation: [-0.8606917713279825f,0.1647857609716861f,-0.48172121372146615f,-1.6628435545145686f,0.3948608596896203f,0.8133403155736316f,-0.42727325278767386f,-1.0417666251705344f,0.32139473588326567f,-0.5579634253636772f,-0.7651027641454176f,0.6325128494743413f,0f,0f,0f,1f], start_interpolation: 0, interpolation_duration: 1 }
$data merge entity $(bone_drillhead_right3) { transformation: [0.9492293248813406f,0.1647857609716861f,-0.2679726511536149f,-1.2911524758093154f,0.02291902295411774f,0.8133403155736316f,0.5813366059774785f,-1.1180757168453392f,0.3137489556510799f,-0.5579634253636772f,0.7682697500125131f,0.6310506327482913f,0f,0f,0f,1f], start_interpolation: 0, interpolation_duration: 1 }
$data merge entity $(bone_drill_right) { transformation: [-0.1768520400977996f,0.2519253639630523f,1.4974989044852989f,-1.374488170934222f,-0.8345071847149773f,1.243439080042344f,-0.3077385496031857f,-0.5828545243802032f,-1.2686871626219245f,-0.853017506997877f,-0.006325992633387938f,0.17427573358737528f,0f,0f,0f,1f], start_interpolation: 0, interpolation_duration: 1 }
$data merge entity $(bone_barrel3) { transformation: [-0.1542398512981017f,-1.3060296517877537f,0.21971434796224837f,-1.2486371893162906f,-0.7278076295102762f,0.2683912953632901f,1.0844537540981753f,-1.0927838944280823f,-1.106473632978188f,0.005517155258978047f,-0.7439512338182365f,-0.09309311748530025f,0f,0f,0f,1f], start_interpolation: 0, interpolation_duration: 1 }
$data merge entity $(bone_barrel4) { transformation: [-0.1542398512981017f,-1.3060296517877537f,0.21971434796224837f,-1.6159580288815965f,-0.7278076295102762f,0.2683912953632901f,1.0844537540981753f,-1.017298842607157f,-1.106473632978188f,0.005517155258978047f,-0.7439512338182365f,-0.09154141756871281f,0f,0f,0f,1f], start_interpolation: 0, interpolation_duration: 1 }
$data merge entity $(bone_blaster_right) { transformation: [-0.1993481634093951f,-1.6879853698698737f,0.2839710449170152f,-1.6004392177553224f,-0.9406590646784725f,0.3468838393933207f,1.4016083545365536f,-1.8377125067237685f,-1.4300680708568447f,0.007130678348464508f,-0.96152395687407f,-1.8404958472190973f,0f,0f,0f,1f], start_interpolation: 0, interpolation_duration: 1 }
$data merge entity $(bone_rocket_right) { transformation: [-2.2571086054839626f,0.37971507373898516f,-0.2665606368101729f,-1.1056716852617898f,0.4638396238341438f,1.8741763613665396f,-1.2578128386716703f,-0.037638242866563476f,0.009534866682226417f,-1.285712563733155f,-1.912231590850616f,-0.3587289399549927f,0f,0f,0f,1f], start_interpolation: 0, interpolation_duration: 1 }
$data merge entity $(bone_sword_right) { transformation: [-2.6094945878468097f,0.43899723187368545f,-0.3081768140882167f,-1.2290907907736048f,0.5362555373203101f,2.166777912136741f,-1.4541860267881013f,0.10846153980376116f,0.011023476204316606f,-1.4864415334010619f,-2.2107744283596156f,1.0790431803219351f,0f,0f,0f,1f], start_interpolation: 0, interpolation_duration: 1 }
$data merge entity $(bone_right_hand) { transformation: [-0.9795222388408154f,0.1647857609716861f,-0.11567988847357624f,-1.4257151324282382f,0.20129347152246738f,0.8133403155736316f,-0.5458557221327069f,-0.35986905013946824f,0.004137866444233659f,-0.5579634253636772f,-0.8298552247336412f,-0.026846809116243153f,0f,0f,0f,1f], start_interpolation: 0, interpolation_duration: 1 }
$data merge entity $(bone_right_arm_low) { transformation: [-0.9795222388408154f,0.1647857609716861f,-0.11567988847357624f,-1.2033242280438003f,0.20129347152246738f,0.8133403155736316f,-0.5458557221327069f,0.4238324321473621f,0.004137866444233659f,-0.5579634253636772f,-0.8298552247336412f,-0.6110018269056112f,0f,0f,0f,1f], start_interpolation: 0, interpolation_duration: 1 }
$data merge entity $(bone_right_arm) { transformation: [-1.084031547845404f,0.21564713777591826f,0.05607043587292678f,-0.9535f,0.22277031072199746f,1.0432023735482352f,0.29474425357957573f,1.4780000000000002f,0.004579352656279133f,0.2999951638383704f,-1.0652482854888181f,-0.30617375000000013f,0f,0f,0f,1f], start_interpolation: 0, interpolation_duration: 1 }