# This file was generated by Animated Java via MC-Build. It is not recommended to edit this file directly.
$data merge entity $(text_display_ammo_left) { transformation: [-1f,1.368136703841374e-15f,8.665293146946319e-16f,0.2185625f,1.5801474953939527e-15f,0.7071067811865475f,0.7071067811865477f,0.9192167224389782f,3.546899863589409e-16f,0.7071067811865477f,-0.7071067811865475f,0.3321193487677502f,0f,0f,0f,1f], start_interpolation: 0, interpolation_duration: 1 }
$data merge entity $(text_display_ammo_right) { transformation: [-1f,1.368136703841374e-15f,8.665293146946319e-16f,-0.09393750000000002f,1.5801474953939527e-15f,0.7071067811865475f,0.7071067811865477f,0.9192167224389782f,3.546899863589409e-16f,0.7071067811865477f,-0.7071067811865475f,0.3321193487677502f,0f,0f,0f,1f], start_interpolation: 0, interpolation_duration: 1 }
$data merge entity $(text_display_health) { transformation: [-1f,1.368136703841374e-15f,8.665293146946319e-16f,0.06231249999999997f,1.5801474953939527e-15f,0.7071067811865475f,0.7071067811865477f,0.92805555720381f,3.546899863589409e-16f,0.7071067811865477f,-0.7071067811865475f,0.340958183532582f,0f,0f,0f,1f], start_interpolation: 0, interpolation_duration: 1 }
$data merge entity $(bone_barrel1) { transformation: [0.14128468965930654f,-1.325809713097975f,0.0067096125608314145f,1.3825966962191218f,-1.2846103428828288f,-0.1352214042499321f,0.33055894567976063f,-0.3547126101771065f,-0.3280132332759029f,-0.04149161681013985f,-1.2916901882061913f,1.4464680606451068f,0f,0f,0f,1f], start_interpolation: 0, interpolation_duration: 1 }
$data merge entity $(bone_barrel2) { transformation: [0.14128468965930654f,-1.325809713097975f,0.0067096125608314145f,1.0097127144103162f,-1.2846103428828288f,-0.1352214042499321f,0.33055894567976063f,-0.3927436301223999f,-0.3280132332759029f,-0.04149161681013985f,-1.2916901882061913f,1.434798543417255f,0f,0f,0f,1f], start_interpolation: 0, interpolation_duration: 1 }
$data merge entity $(bone_drillhead_right1) { transformation: [-0.11060732317344342f,0.17464365755475056f,0.9783995160139362f,-1.524957516071432f,-0.5125761636114035f,0.833389686419733f,-0.20670584671613676f,-1.2486558406687578f,-0.8514879309525305f,-0.5243674507872493f,-0.002660826386764365f,0.43113599067745334f,0f,0f,0f,1f], start_interpolation: 0, interpolation_duration: 1 }
$data merge entity $(bone_drillhead_right2) { transformation: [-0.8615956973874966f,0.17464365755475056f,-0.4766051270383615f,-1.6801711105076964f,0.38712570667079593f,0.833389686419733f,-0.39445572350246894f,-1.0680442148879785f,0.3283086070726605f,-0.5243674507872493f,-0.7856540174128123f,0.6664915531810935f,0f,0f,0f,1f], start_interpolation: 0, interpolation_duration: 1 }
$data merge entity $(bone_drillhead_right3) { transformation: [0.9462508775409527f,0.17464365755475056f,-0.27222944298675006f,-1.3089067042023808f,0.005183104607887595f,0.833389686419733f,0.5526615293249957f,-1.1464113383762218f,0.32339204099606544f,-0.5243674507872493f,0.7876905257620413f,0.6655926060177586f,0f,0f,0f,1f], start_interpolation: 0, interpolation_duration: 1 }
$data merge entity $(bone_drill_right) { transformation: [-0.16909707479056083f,0.26699616965618106f,1.4957824797461508f,-1.384873836027364f,-0.7836292153833332f,1.2740906667926226f,-0.3160130181162996f,-0.5934001647946521f,-1.3017593610665212f,-0.8016557990872386f,-0.0040678857928949565f,0.22917822927767073f,0f,0f,0f,1f], start_interpolation: 0, interpolation_duration: 1 }
$data merge entity $(bone_barrel3) { transformation: [0.1474764308979243f,1.3045326880185815f,0.2328582100730004f,-1.6378386793452282f,0.6834348848152049f,-0.2756077956215153f,1.1111862485596438f,-0.9862851742988764f,1.1353172412700405f,-0.003547768515685723f,-0.699156601049666f,-0.07182852677205775f,0f,0f,0f,1f], start_interpolation: 0, interpolation_duration: 1 }
$data merge entity $(bone_barrel4) { transformation: [0.1474764308979243f,1.3045326880185815f,0.2328582100730004f,-1.2690862190902041f,0.6834348848152049f,-0.2756077956215153f,1.1111862485596438f,-1.0549591648501764f,1.1353172412700405f,-0.003547768515685723f,-0.699156601049666f,-0.07838889213097686f,0f,0f,0f,1f], start_interpolation: 0, interpolation_duration: 1 }
$data merge entity $(bone_blaster_right) { transformation: [0.11060732317344324f,0.9783995160139362f,0.1746436575547503f,-1.388605327345144f,0.5125761636114037f,-0.20670584671613645f,0.8333896864197329f,-0.7102318427353796f,0.8514879309525304f,-0.0026608263867642923f,-0.5243674507872496f,-0.3041986924112796f,0f,0f,0f,1f], start_interpolation: 0, interpolation_duration: 1 }
$data merge entity $(bone_rocket_right) { transformation: [-2.254521520419798f,0.4024305796533146f,-0.25487194783833395f,-1.1079161030877571f,0.4763113351861962f,1.9203760347142613f,-1.1811269045023405f,-0.029504475199166824f,0.006131330047566419f,-1.2082975134982425f,-1.9620797366408993f,-0.2796765083787941f,0f,0f,0f,1f], start_interpolation: 0, interpolation_duration: 1 }
$data merge entity $(bone_sword_right) { transformation: [-2.6065035999710666f,0.4652591448359707f,-0.29466325495467277f,-1.244481518301426f,0.5506743664343794f,2.220190405123679f,-1.3655276743753535f,0.0614454331470673f,0.007088570100948459f,-1.3969402333240204f,-2.2684050033075374f,1.1614494727507516f,0f,0f,0f,1f], start_interpolation: 0, interpolation_duration: 1 }
$data merge entity $(bone_right_hand) { transformation: [-0.9783995160139362f,0.17464365755475056f,-0.1106073231734432f,-1.4329248531702763f,0.20670584671613665f,0.833389686419733f,-0.5125761636114035f,-0.3624868465042864f,0.002660826386764176f,-0.5243674507872493f,-0.8514879309525305f,0.0363904192960548f,0f,0f,0f,1f], start_interpolation: 0, interpolation_duration: 1 }
$data merge entity $(bone_right_arm_low) { transformation: [-0.9783995160139362f,0.17464365755475056f,-0.1106073231734432f,-1.200587704713825f,0.20670584671613665f,0.833389686419733f,-0.5125761636114035f,0.4419657193828317f,0.002660826386764176f,-0.5243674507872493f,-0.8514879309525305f,-0.5147523309826338f,0f,0f,0f,1f], start_interpolation: 0, interpolation_duration: 1 }
$data merge entity $(bone_right_arm) { transformation: [-1.0827890370421132f,0.21932240689084137f,0.06509655621497569f,-0.9470625f,0.2287601547766426f,1.033892222292581f,0.32172603687532486f,1.4865000000000002f,0.0029447210407446576f,0.32823243753862075f,-1.0568948737218264f,-0.1811737500000001f,0f,0f,0f,1f], start_interpolation: 0, interpolation_duration: 1 }