# This file was generated by Animated Java via MC-Build. It is not recommended to edit this file directly.
$data merge entity $(bone_barrel1) { transformation: [0.14128468965930652f,-1.3258097130979747f,0.006709612560831414f,1.3825966962191218f,-1.2846103428828286f,-0.13522140424993206f,0.3305589456797606f,-0.3547126101771065f,-0.32801323327590287f,-0.041491616810139846f,-1.291690188206191f,1.3214680606451068f,0f,0f,0f,1f], start_interpolation: 0, interpolation_duration: 1 }
$data merge entity $(bone_barrel2) { transformation: [0.14128468965930652f,-1.3258097130979747f,0.006709612560831414f,1.0097127144103162f,-1.2846103428828286f,-0.13522140424993206f,0.3305589456797606f,-0.3927436301223999f,-0.32801323327590287f,-0.041491616810139846f,-1.291690188206191f,1.309798543417255f,0f,0f,0f,1f], start_interpolation: 0, interpolation_duration: 1 }
$data merge entity $(bone_drillhead_right1) { transformation: [-0.11060732317344342f,0.17464365755475056f,0.9783995160139362f,-1.524957516071432f,-0.5125761636114035f,0.833389686419733f,-0.20670584671613676f,-1.2486558406687576f,-0.8514879309525305f,-0.5243674507872493f,-0.002660826386764365f,0.30613599067745334f,0f,0f,0f,1f], start_interpolation: 0, interpolation_duration: 1 }
$data merge entity $(bone_drillhead_right2) { transformation: [-0.8615956973874966f,0.17464365755475056f,-0.4766051270383615f,-1.6801711105076964f,0.38712570667079593f,0.833389686419733f,-0.39445572350246894f,-1.0680442148879785f,0.3283086070726605f,-0.5243674507872493f,-0.7856540174128123f,0.5414915531810935f,0f,0f,0f,1f], start_interpolation: 0, interpolation_duration: 1 }
$data merge entity $(bone_drillhead_right3) { transformation: [0.9462508775409527f,0.17464365755475056f,-0.27222944298675006f,-1.3089067042023808f,0.005183104607887595f,0.833389686419733f,0.5526615293249957f,-1.1464113383762218f,0.32339204099606544f,-0.5243674507872493f,0.7876905257620413f,0.5405926060177586f,0f,0f,0f,1f], start_interpolation: 0, interpolation_duration: 1 }
$data merge entity $(bone_drill_right) { transformation: [-0.16909707479056083f,0.26699616965618106f,1.4957824797461508f,-1.384873836027364f,-0.7836292153833332f,1.2740906667926226f,-0.3160130181162996f,-0.593400164794652f,-1.3017593610665212f,-0.8016557990872386f,-0.0040678857928949565f,0.10417822927767073f,0f,0f,0f,1f], start_interpolation: 0, interpolation_duration: 1 }
$data merge entity $(bone_barrel3) { transformation: [-0.1474764308979243f,-1.3045326880185815f,0.232858210073001f,-1.2592276300154914f,-0.6834348848152049f,0.27560779562151577f,1.1111862485596438f,-1.0933041032634405f,-1.1353172412700405f,0.003547768515685413f,-0.699156601049666f,-0.18158674015308662f,0f,0f,0f,1f], start_interpolation: 0, interpolation_duration: 1 }
$data merge entity $(bone_barrel4) { transformation: [-0.1474764308979243f,-1.3045326880185815f,0.232858210073001f,-1.6261274485207176f,-0.6834348848152049f,0.27560779562151577f,1.1111862485596438f,-1.0157894107448893f,-1.1353172412700405f,0.003547768515685413f,-0.699156601049666f,-0.18058893025805012f,0f,0f,0f,1f], start_interpolation: 0, interpolation_duration: 1 }
$data merge entity $(bone_blaster_right) { transformation: [-0.1906067426689461f,-1.6860506106259858f,0.3009589034362818f,-1.5981273668883964f,-0.8833092612006387f,0.35621084574487843f,1.4361589173735598f,-1.7678352811478333f,-1.467347154638946f,0.004585333374295513f,-0.9036288817825219f,-1.9598595715603175f,0f,0f,0f,1f], start_interpolation: 0, interpolation_duration: 1 }
$data merge entity $(bone_rocket_right) { transformation: [-2.254521520419798f,0.4024305796533146f,-0.25487194783833395f,-1.1079161030877571f,0.4763113351861962f,1.9203760347142613f,-1.1811269045023405f,-0.029504475199166824f,0.006131330047566419f,-1.2082975134982425f,-1.9620797366408993f,-0.4046765083787941f,0f,0f,0f,1f], start_interpolation: 0, interpolation_duration: 1 }
$data merge entity $(bone_sword_right) { transformation: [-2.6065035999710666f,0.4652591448359707f,-0.29466325495467277f,-1.244481518301426f,0.5506743664343794f,2.220190405123679f,-1.3655276743753535f,0.06144543314706741f,0.007088570100948459f,-1.3969402333240204f,-2.2684050033075374f,1.0364494727507516f,0f,0f,0f,1f], start_interpolation: 0, interpolation_duration: 1 }
$data merge entity $(bone_right_hand) { transformation: [-0.9783995160139362f,0.17464365755475056f,-0.1106073231734432f,-1.4329248531702763f,0.20670584671613665f,0.833389686419733f,-0.5125761636114035f,-0.3624868465042864f,0.002660826386764176f,-0.5243674507872493f,-0.8514879309525305f,-0.0886095807039452f,0f,0f,0f,1f], start_interpolation: 0, interpolation_duration: 1 }
$data merge entity $(bone_right_arm_low) { transformation: [-0.9783995160139362f,0.17464365755475056f,-0.1106073231734432f,-1.200587704713825f,0.20670584671613665f,0.833389686419733f,-0.5125761636114035f,0.4419657193828317f,0.002660826386764176f,-0.5243674507872493f,-0.8514879309525305f,-0.6397523309826338f,0f,0f,0f,1f], start_interpolation: 0, interpolation_duration: 1 }
$data merge entity $(bone_right_arm) { transformation: [-1.0827890370421132f,0.21932240689084137f,0.06509655621497569f,-0.9470624999999999f,0.2287601547766426f,1.033892222292581f,0.32172603687532486f,1.4865000000000002f,0.0029447210407446576f,0.32823243753862075f,-1.0568948737218264f,-0.30617375000000013f,0f,0f,0f,1f], start_interpolation: 0, interpolation_duration: 1 }