# This file was generated by Animated Java via MC-Build. It is not recommended to edit this file directly.
$data merge entity $(text_display_ammo_left) { transformation: [-1f,1.368136703841374e-15f,8.665293146946319e-16f,0.22362499999999996f,1.5801474953939527e-15f,0.7071067811865475f,0.7071067811865477f,0.9262167224389781f,3.546899863589409e-16f,0.7071067811865477f,-0.7071067811865475f,0.3321193487677502f,0f,0f,0f,1f], start_interpolation: 0, interpolation_duration: 1 }
$data merge entity $(text_display_ammo_right) { transformation: [-1f,1.368136703841374e-15f,8.665293146946319e-16f,-0.08887500000000004f,1.5801474953939527e-15f,0.7071067811865475f,0.7071067811865477f,0.9262167224389781f,3.546899863589409e-16f,0.7071067811865477f,-0.7071067811865475f,0.3321193487677502f,0f,0f,0f,1f], start_interpolation: 0, interpolation_duration: 1 }
$data merge entity $(text_display_health) { transformation: [-1f,1.368136703841374e-15f,8.665293146946319e-16f,0.06737499999999995f,1.5801474953939527e-15f,0.7071067811865475f,0.7071067811865477f,0.93505555720381f,3.546899863589409e-16f,0.7071067811865477f,-0.7071067811865475f,0.340958183532582f,0f,0f,0f,1f], start_interpolation: 0, interpolation_duration: 1 }
$data merge entity $(bone_barrel1) { transformation: [0.13548243483945316f,-1.3263562785477836f,0.014188374981850983f,1.3708786772694816f,-1.2953100700069422f,-0.12922467965604476f,0.28853177032032506f,-0.2986942140768395f,-0.2856468276847505f,-0.043101998821921256f,-1.3016627386957695f,1.4947259101024644f,0f,0f,0f,1f], start_interpolation: 0, interpolation_duration: 1 }
$data merge entity $(bone_barrel2) { transformation: [0.13548243483945316f,-1.3263562785477836f,0.014188374981850983f,0.9978409739279174f,-1.2953100700069422f,-0.12922467965604476f,0.28853177032032506f,-0.3350386552301021f,-0.2856468276847505f,-0.043101998821921256f,-1.3016627386957695f,1.482603472933799f,0f,0f,0f,1f], start_interpolation: 0, interpolation_duration: 1 }
$data merge entity $(bone_drillhead_right1) { transformation: [-0.10601139384139063f,0.18258440679470264f,0.9774581928508411f,-1.53782333510661f,-0.48483160928960084f,0.8487431547900057f,-0.21112405791563482f,-1.260792969352584f,-0.8681589111501773f,-0.4962841843062651f,-0.0014537530751648593f,0.3511436013941006f,0f,0f,0f,1f], start_interpolation: 0, interpolation_duration: 1 }
$data merge entity $(bone_drillhead_right2) { transformation: [-0.8624848141953316f,0.18258440679470264f,-0.4719988132165917f,-1.6941258588781696f,0.3805902202910172f,0.8487431547900057f,-0.3671323213991702f,-1.0869949535090695f,0.33357312466875905f,-0.4962841843062651f,-0.8015179217623183f,0.5908680907937129f,0f,0f,0f,1f], start_interpolation: 0, interpolation_duration: 1 }
$data merge entity $(bone_drillhead_right3) { transformation: [0.9436224223253931f,0.18258440679470264f,-0.2761152992504839f,-1.3232192315879419f,-0.009516171566947923f,0.8487431547900057f,0.5287196796751724f,-1.1670421574607324f,0.33088693924581875f,-0.4962841843062651f,0.802630576195549f,0.5904293302993653f,0f,0f,0f,1f], start_interpolation: 0, interpolation_duration: 1 }
$data merge entity $(bone_drill_right) { transformation: [-0.1620707931331013f,0.27913603010661153f,1.4943433797955772f,-1.3931946750776847f,-0.7412131904531588f,1.2975631324017158f,-0.32276760333006954f,-0.6001382887655313f,-1.3272460458938264f,-0.7587219491734164f,-0.0022225055758078606f,0.17117605074624503f,0f,0f,0f,1f], start_interpolation: 0, interpolation_duration: 1 }
$data merge entity $(bone_barrel3) { transformation: [0.14134852512185392f,1.303277590467788f,0.24344587572626986f,-1.6454691191040332f,0.646442145719468f,-0.28149874388751267f,1.1316575397200075f,-0.9820995887406837f,1.1575452148669028f,-0.0019383374335530355f,-0.661712245741687f,-0.14413027657376787f,0f,0f,0f,1f], start_interpolation: 0, interpolation_duration: 1 }
$data merge entity $(bone_barrel4) { transformation: [0.14134852512185392f,1.303277590467788f,0.24344587572626986f,-1.2769854185746388f,0.646442145719468f,-0.28149874388751267f,1.1316575397200075f,-1.05226753698014f,1.1575452148669028f,-0.0019383374335530355f,-0.661712245741687f,-0.14994007863959855f,0f,0f,0f,1f], start_interpolation: 0, interpolation_duration: 1 }
$data merge entity $(bone_blaster_right) { transformation: [0.10601139384139045f,0.9774581928508411f,0.1825844067947024f,-1.3931397919501343f,0.48483160928960106f,-0.21112405791563452f,0.8487431547900056f,-0.7000040639590155f,0.8681589111501772f,-0.0014537530751647766f,-0.49628418430626525f,-0.36564918107611255f,0f,0f,0f,1f], start_interpolation: 0, interpolation_duration: 1 }
$data merge entity $(bone_rocket_right) { transformation: [-2.252352433769476f,0.4207284117318355f,-0.24428156894316083f,-1.1096268196454446f,0.48649219900306495f,1.9557549615098175f,-1.1171952551411515f,-0.02172411049682782f,0.003349876548067013f,-1.143585371261082f,-2.0004945999016774f,-0.3173353496920093f,0f,0f,0f,1f], start_interpolation: 0, interpolation_duration: 1 }
$data merge entity $(bone_sword_right) { transformation: [-2.6039958695672953f,0.48641368461408296f,-0.28241947707749976f,-1.2574178269886143f,0.5624446946167169f,2.2610927869463904f,-1.2916148406752792f,0.024191686835791648f,0.003872868456970638f,-1.3221250540607985f,-2.3128173003181116f,1.1248212470931893f,0f,0f,0f,1f], start_interpolation: 0, interpolation_duration: 1 }
$data merge entity $(bone_right_hand) { transformation: [-0.9774581928508411f,0.18258440679470264f,-0.10601139384139041f,-1.4386578591404193f,0.2111240579156347f,0.8487431547900057f,-0.4848316092896009f,-0.36301269783232193f,0.0014537530751646665f,-0.4962841843062651f,-0.8681589111501773f,-0.014569887323199526f,0f,0f,0f,1f], start_interpolation: 0, interpolation_duration: 1 }
$data merge entity $(bone_right_arm_low) { transformation: [-0.9774581928508411f,0.18258440679470264f,-0.10601139384139041f,-1.1982951713500825f,0.2111240579156347f,0.8487431547900057f,-0.4848316092896009f,0.4573842155476566f,0.0014537530751646665f,-0.4962841843062651f,-0.8681589111501773f,-0.5380748971701055f,0f,0f,0f,1f], start_interpolation: 0, interpolation_duration: 1 }
$data merge entity $(bone_right_arm) { transformation: [-1.0817472801885677f,0.22207623873073531f,0.0726425806939282f,-0.9420000000000001f,0.23364976333822846f,1.0257465331102094f,0.343545945163677f,1.4935f,0.0016088600480584647f,0.3511383951344879f,-1.0495099892643946f,-0.1811737500000001f,0f,0f,0f,1f], start_interpolation: 0, interpolation_duration: 1 }