# This file was generated by Animated Java via MC-Build. It is not recommended to edit this file directly.
$data merge entity $(bone_drillhead_right1) { transformation: [-0.10232437604331929f,0.18842296197345643f,0.976742806202582f,-1.5475389026070994f,-0.4638551824765143f,0.8595726766096271f,-0.21441358006395284f,-1.2687584915134202f,-0.8799818701297346f,-0.4750069483989796f,-0.0005542703890029777f,0.1660131015910988f,0f,0f,0f,1f], start_interpolation: 0, interpolation_duration: 1 }
$data merge entity $(bone_drillhead_right2) { transformation: [-0.8632348437393303f,0.18842296197345643f,-0.46831868631892476f,-1.7047225545300144f,0.3756020114640037f,0.8595726766096271f,-0.3464937843747792f,-1.1001216041298787f,0.33726656154817447f,-0.4750069483989796f,-0.8127851286989453f,0.408827763109247f,0f,0f,0f,1f], start_interpolation: 0, interpolation_duration: 1 }
$data merge entity $(bone_drillhead_right3) { transformation: [0.9415505306170776f,0.18842296197345643f,-0.2792478929121029f,-1.3340878573330823f,-0.02058262476310857f,0.8595726766096271f,0.5105988339039002f,-1.1814197318604982f,0.3362424034124206f,-0.4750069483989796f,0.8132093488887892f,0.40873184493177067f,0f,0f,0f,1f], start_interpolation: 0, interpolation_duration: 1 }
$data merge entity $(bone_drill_right) { transformation: [-0.15643406035206342f,0.2880620448893976f,1.4932496928127077f,-1.3996237450359066f,-0.7091443155190001f,1.3141193640194628f,-0.3277966426086631f,-0.6045484053089246f,-1.3453210496228014f,-0.7261931956666638f,-0.0008473715730056927f,0.002561447838568931f,0f,0f,0f,1f], start_interpolation: 0, interpolation_duration: 1 }
$data merge entity $(bone_barrel_right) { transformation: [-2.241757414466101f,0.4324562918480839f,-0.23484834208049646f,-1.601902241800409f,0.4921082907580635f,1.9728360514410002f,-1.0646106507792201f,-1.528906157875194f,0.0012721258311558915f,-1.0902054683528157f,-2.0196779228184334f,-0.08396956220389726f,0f,0f,0f,1f], start_interpolation: 0, interpolation_duration: 1 }
$data merge entity $(bone_blaster_right) { transformation: [-0.976742806202582f,0.18842296197345643f,-0.10232437604331907f,-1.5957823257328834f,0.21441358006395272f,0.8595726766096271f,-0.46385518247651436f,-0.3294506618020024f,0.0005542703890027823f,-0.4750069483989796f,-0.8799818701297346f,-0.17771991933838308f,0f,0f,0f,1f], start_interpolation: 0, interpolation_duration: 1 }
$data merge entity $(bone_rocket_right) { transformation: [-2.250703971594748f,0.4341821676701933f,-0.2357855907298966f,-1.1111643532290638f,0.49407222981245763f,1.9807093790034627f,-1.0688593709777123f,-0.015760789302951772f,0.0012772027169731617f,-1.0945563340805886f,-2.0277381900897096f,-0.4704474327665137f,0f,0f,0f,1f], start_interpolation: 0, interpolation_duration: 1 }
$data merge entity $(bone_sword_right) { transformation: [-2.602090044959312f,0.5019678778071167f,-0.27259708345757744f,-1.2675929019957919f,0.5712081406134065f,2.2899431565007498f,-1.2357326257845873f,-0.003353342800388348f,0.0014766031060388805f,-1.2654414692040543f,-2.3443142344826695f,0.9714756776486316f,0f,0f,0f,1f], start_interpolation: 0, interpolation_duration: 1 }
$data merge entity $(bone_right_hand) { transformation: [-0.976742806202582f,0.18842296197345643f,-0.10232437604331907f,-1.44316626226373f,0.21441358006395272f,0.8595726766096271f,-0.46385518247651436f,-0.362952783686995f,0.0005542703890027823f,-0.4750069483989796f,-0.8799818701297346f,-0.17780652408666475f,0f,0f,0f,1f], start_interpolation: 0, interpolation_duration: 1 }
$data merge entity $(bone_right_arm_low) { transformation: [-0.976742806202582f,0.18842296197345643f,-0.10232437604331907f,-1.196894511653966f,0.21441358006395272f,0.8595726766096271f,-0.46385518247651436f,0.46872356971624396f,0.0005542703890027823f,-0.4750069483989796f,-0.8799818701297346f,-0.6803475478265113f,0f,0f,0f,1f], start_interpolation: 0, interpolation_duration: 1 }
$data merge entity $(bone_right_arm) { transformation: [-1.080955565958028f,0.22397896191438915f,0.07836113563584707f,-0.9386875f,0.2372902583108928f,1.0193655247968045f,0.3596654538602687f,1.49825f,0.0006134078062654434f,0.3681023363271631f,-1.0436820743192705f,-0.30617375000000013f,0f,0f,0f,1f], start_interpolation: 0, interpolation_duration: 1 }