# This file was generated by Animated Java via MC-Build. It is not recommended to edit this file directly.
$data merge entity $(text_display_ammo_left) { transformation: [-1f,1.368136703841374e-15f,8.665293146946319e-16f,0.22812499999999997f,1.5801474953939527e-15f,0.7071067811865475f,0.7071067811865477f,0.9327167224389782f,3.546899863589409e-16f,0.7071067811865477f,-0.7071067811865475f,0.3321193487677502f,0f,0f,0f,1f], start_interpolation: 0, interpolation_duration: 1 }
$data merge entity $(text_display_ammo_right) { transformation: [-1f,1.368136703841374e-15f,8.665293146946319e-16f,-0.08437500000000003f,1.5801474953939527e-15f,0.7071067811865475f,0.7071067811865477f,0.9327167224389782f,3.546899863589409e-16f,0.7071067811865477f,-0.7071067811865475f,0.3321193487677502f,0f,0f,0f,1f], start_interpolation: 0, interpolation_duration: 1 }
$data merge entity $(text_display_health) { transformation: [-1f,1.368136703841374e-15f,8.665293146946319e-16f,0.07187499999999995f,1.5801474953939527e-15f,0.7071067811865475f,0.7071067811865477f,0.94155555720381f,3.546899863589409e-16f,0.7071067811865477f,-0.7071067811865475f,0.340958183532582f,0f,0f,0f,1f], start_interpolation: 0, interpolation_duration: 1 }
$data merge entity $(bone_barrel1) { transformation: [0.12805009094376937f,-1.3269760962130845f,0.022702248041828056f,1.3555207997544287f,-1.3063415535019343f,-0.12199713674399261f,0.2374157155670155f,-0.23129898565876086f,-0.23420652762299954f,-0.04504349545858825f,-1.3118293195814108f,1.550694999007283f,0f,0f,0f,1f], start_interpolation: 0, interpolation_duration: 1 }
$data merge entity $(bone_barrel2) { transformation: [0.12805009094376937f,-1.3269760962130845f,0.022702248041828056f,0.9823087726944987f,-1.3063415535019343f,-0.12199713674399261f,0.2374157155670155f,-0.2656106803680088f,-0.23420652762299954f,-0.04504349545858825f,-1.3118293195814108f,1.538026515909555f,0f,0f,0f,1f], start_interpolation: 0, interpolation_duration: 1 }
$data merge entity $(bone_drillhead_right1) { transformation: [-0.0999406915850453f,0.19198428229200948f,0.9762960071199334f,-1.5542314437137048f,-0.45080332739452994f,0.865985134704023f,-0.21643961393810315f,-1.2741857649714503f,-0.8870108331782216f,-0.46174861323503397f,-7.739419200330428e-17f,0.25374116008403474f,0f,0f,0f,1f], start_interpolation: 0, interpolation_duration: 1 }
$data merge entity $(bone_drillhead_right2) { transformation: [-0.863734251761894f,0.19198428229200948f,-0.46594546642943463f,-1.711987732435347f,0.3724790939910002f,0.865985134704023f,-0.3336601130061827f,-1.1087641511940367f,0.33944435018566f,-0.46174861323503397f,-0.8194911538891424f,0.4983892811282323f,0f,0f,0f,1f], start_interpolation: 0, interpolation_duration: 1 }
$data merge entity $(bone_drillhead_right3) { transformation: [0.940225545539306f,0.19198428229200948f,-0.28127914758854194f,-1.341522881353809f,-0.02744916469311609f,0.865985134704023f,0.49931582172939915f,-1.1908327466217363f,0.3394443501856599f,-0.46174861323503397f,0.8194911538891424f,0.4985045925365455f,0f,0f,0f,1f], start_interpolation: 0, interpolation_duration: 1 }
$data merge entity $(bone_drill_right) { transformation: [-0.15278987064063002f,0.2935066106828865f,1.4925666239549926f,-1.404335826830936f,-0.6891905687721142f,1.3239227646883234f,-0.33089405416981427f,-0.6079838178146686f,-1.3560669664048783f,-0.7059237810520417f,-1.183206599531916e-16f,0.10052025676670667f,0f,0f,0f,1f], start_interpolation: 0, interpolation_duration: 1 }
$data merge entity $(bone_barrel3) { transformation: [0.1332542554467268f,1.3017280094932444f,0.25597904305601227f,-1.6554789859363286f,0.6010711031927068f,-0.28858615191747045f,1.1546468462720305f,-0.9762248112257643f,1.1826811109042952f,2.271065281803012e-17f,-0.6156648176467122f,-0.23156496458726966f,0f,0f,0f,1f], start_interpolation: 0, interpolation_duration: 1 }
$data merge entity $(bone_barrel4) { transformation: [0.1332542554467268f,1.3017280094932444f,0.25597904305601227f,-1.2873313900017647f,0.6010711031927068f,-0.28858615191747045f,1.1546468462720305f,-1.0482031878954707f,1.1826811109042952f,2.271065281803012e-17f,-0.6156648176467122f,-0.23646325159504356f,0f,0f,0f,1f], start_interpolation: 0, interpolation_duration: 1 }
$data merge entity $(bone_blaster_right) { transformation: [0.09994069158504512f,0.9762960071199334f,0.19198428229200923f,-1.3994756198882357f,0.45080332739453016f,-0.21643961393810285f,0.8659851347040229f,-0.6873275389367013f,0.8870108331782215f,1.703298961352259e-17f,-0.4617486132350342f,-0.43969771581034894f,0f,0f,0f,1f], start_interpolation: 0, interpolation_duration: 1 }
$data merge entity $(bone_rocket_right) { transformation: [-2.24967441451643f,0.4423885017575169f,-0.23029287755791628f,-1.1128790832168574f,0.49874081038267365f,1.9954855767999462f,-1.0387840411332983f,-0.012994283803435758f,-2.755056570861242e-16f,-1.0640052131296782f,-2.0439349974262573f,-0.36279119316067965f,0f,0f,0f,1f], start_interpolation: 0, interpolation_duration: 1 }
$data merge entity $(bone_sword_right) { transformation: [-2.600899750607847f,0.5114554072662241f,-0.26624683284932005f,-1.2747441797182733f,0.5766055927791136f,2.307026254799695f,-1.2009618530065187f,-0.021210189265748913f,-3.185183554485049e-16f,-1.2301206235077702f,-2.363039731777053f,1.0785617411962345f,0f,0f,0f,1f], start_interpolation: 0, interpolation_duration: 1 }
$data merge entity $(bone_right_hand) { transformation: [-0.9762960071199334f,0.19198428229200948f,-0.09994069158504508f,-1.44669893291878f,0.21643961393810304f,0.865985134704023f,-0.45080332739453f,-0.3637017397087634f,-1.195617780139768e-16f,-0.46174861323503397f,-0.8870108331782216f,-0.07647870946952384f,0f,0f,0f,1f], start_interpolation: 0, interpolation_duration: 1 }
$data merge entity $(bone_right_arm_low) { transformation: [-0.9762960071199334f,0.19198428229200948f,-0.09994069158504508f,-1.1968192967938074f,0.21643961393810304f,0.865985134704023f,-0.45080332739453f,0.4746683151430491f,-1.195617780139768e-16f,-0.46174861323503397f,-0.8870108331782216f,-0.5659464112413772f,0f,0f,0f,1f], start_interpolation: 0, interpolation_duration: 1 }
$data merge entity $(bone_right_arm) { transformation: [-1.0804610960195888f,0.22508688339128588f,0.08192492567817583f,-0.9375f,0.239532458180884f,1.0153013189758624f,0.3695394589184289f,1.5f,-1.3231832228436305e-16f,0.3785116975010148f,-1.039952341883477f,-0.18117375000000008f,0f,0f,0f,1f], start_interpolation: 0, interpolation_duration: 1 }