# This file was generated by Animated Java via MC-Build. It is not recommended to edit this file directly.
$data merge entity $(bone_barrel1) { transformation: [0.12689454614968718f,-1.3270653785440596f,0.02393810779811175f,1.3513805176331226f,-1.3078235552443822f,-0.12091146861406041f,0.22968618348371014f,-0.2237209921116397f,-0.22643564269607913f,-0.04533955894227673f,-1.313182775507473f,1.4339031229057915f,0f,0f,0f,1f], start_interpolation: 0, interpolation_duration: 1 }
$data merge entity $(bone_barrel2) { transformation: [0.12689454614968718f,-1.3270653785440596f,0.02393810779811175f,0.9781433799176058f,-1.3078235552443822f,-0.12091146861406041f,0.22968618348371014f,-0.25772734265934416f,-0.22643564269607913f,-0.04533955894227673f,-1.313182775507473f,1.4211513719532762f,0f,0f,0f,1f], start_interpolation: 0, interpolation_duration: 1 }
$data merge entity $(bone_drillhead_right1) { transformation: [-0.09897715246130928f,0.19337613218481922f,0.9761194572345591f,-1.558482254343828f,-0.44563356531142034f,0.8684583855913144f,-0.21723433882321613f,-1.2786297630742691f,-0.8897270641935551f,-0.45649283017082226f,0.00021735719467943888f,0.11400964467110447f,0f,0f,0f,1f], start_interpolation: 0, interpolation_duration: 1 }
$data merge entity $(bone_drillhead_right2) { transformation: [-0.8639398713954188f,0.19337613218481922f,-0.4649877096381224f,-1.7164707857882382f,0.3712349417478582f,0.8684583855913144f,-0.3285797475828238f,-1.1144831758959066f,0.34028299493029585f,-0.45649283017082226f,-0.8220838031270905f,0.35936567560603205f,0f,0f,0f,1f], start_interpolation: 0, interpolation_duration: 1 }
$data merge entity $(bone_drillhead_right3) { transformation: [0.9396937042546522f,0.19337613218481922f,-0.2821017789476168f,-1.3460730511587293f,-0.03016177704692466f,0.8684583855913144f,0.4948437123996823f,-1.1968539987701148f,0.3406846186571127f,-0.45649283017082226f,0.8219174451324722f,0.35956381549680894f,0f,0f,0f,1f], start_interpolation: 0, interpolation_duration: 1 }
$data merge entity $(bone_drill_right) { transformation: [-0.15131680680909212f,0.29563447833820095f,1.4922967135339207f,-1.4078183599052025f,-0.6812870084965782f,1.32770388404159f,-0.3321090338789348f,-0.6116839442750335f,-1.3602195550940381f,-0.6978887114346498f,0.00033229685657739733f,-0.0351682399778446f,0f,0f,0f,1f], start_interpolation: 0, interpolation_duration: 1 }
$data merge entity $(bone_barrel3) { transformation: [-0.1319695366150788f,-1.3014926096460786f,0.25783484291309255f,-1.2816275868063796f,-0.594178087081894f,0.2896457850976216f,1.1579445141217524f,-1.0900520339166258f,-1.1863027522580731f,-0.00028980959290631706f,-0.60865710689443f,-0.3554687147400921f,0f,0f,0f,1f], start_interpolation: 0, interpolation_duration: 1 }
$data merge entity $(bone_barrel4) { transformation: [-0.1319695366150788f,-1.3014926096460786f,0.25783484291309255f,-1.6476723832693392f,-0.594178087081894f,0.2896457850976216f,1.1579445141217524f,-1.0085891568579197f,-1.1863027522580731f,-0.00028980959290631706f,-0.60865710689443f,-0.35555022368809697f,0f,0f,0f,1f], start_interpolation: 0, interpolation_duration: 1 }
$data merge entity $(bone_blaster_right) { transformation: [-0.17056476992680206f,-1.6821214442330037f,0.33324009304401786f,-1.5922044658031103f,-0.7679488109007339f,0.37435432420696224f,1.4965919007145507f,-1.6246812646338005f,-1.5332436651089283f,-0.0003745660385307296f,-0.7866623015019323f,-2.1857182038554774f,0f,0f,0f,1f], start_interpolation: 0, interpolation_duration: 1 }
$data merge entity $(bone_rocket_right) { transformation: [-2.249267591424749f,0.4455957350862064f,-0.22807259877131236f,-1.115186851069275f,0.5005720912929504f,2.0011846774837987f,-1.0268713820599318f,-0.014289013916955529f,-0.0005008551874798107f,-1.051894336303821f,-2.0501939961054982f,-0.49462789635010906f,0f,0f,0f,1f], start_interpolation: 0, interpolation_duration: 1 }
$data merge entity $(bone_sword_right) { transformation: [-2.6004294131799655f,0.515163362653414f,-0.26367991805262964f,-1.2792165773199202f,0.5787227782847574f,2.313615114703899f,-1.1871893569452807f,-0.030627992296025197f,-0.0005790500722242944f,-1.2161189633951954f,-2.3702759024864f,0.9464110964044007f,0f,0f,0f,1f], start_interpolation: 0, interpolation_duration: 1 }
$data merge entity $(bone_right_hand) { transformation: [-0.9761194572345591f,0.19337613218481922f,-0.09897715246130906f,-1.4497187094414925f,0.21723433882321602f,0.8684583855913144f,-0.4456335653114204f,-0.3663575241748449f,-0.00021735719467963645f,-0.45649283017082226f,-0.8897270641935551f,-0.21082787905127065f,0f,0f,0f,1f], start_interpolation: 0, interpolation_duration: 1 }
$data merge entity $(bone_right_arm_low) { transformation: [-0.9761194572345591f,0.19337613218481922f,-0.09897715246130906f,-1.1984281471939293f,0.21723433882321602f,0.8684583855913144f,-0.4456335653114204f,0.47459766632403655f,-0.00021735719467963645f,-0.45649283017082226f,-0.8897270641935551f,-0.695111095153474f,0f,0f,0f,1f], start_interpolation: 0, interpolation_duration: 1 }
$data merge entity $(bone_right_arm) { transformation: [-1.0802657092913195f,0.2255068050492378f,0.08333460709594617f,-0.9386875f,0.24041197557534338f,1.0136737249872343f,0.37341617507078234f,1.49825f,-0.00024054793943498472f,0.3826019324062775f,-1.0384544679424799f,-0.30617375000000013f,0f,0f,0f,1f], start_interpolation: 0, interpolation_duration: 1 }