# This file was generated by Animated Java via MC-Build. It is not recommended to edit this file directly.
$data merge entity $(bone_barrel1) { transformation: [0.1306111901850615f,-1.3267712967633976f,0.019910320464315012f,1.3576483719834878f,-1.3028569978355695f,-0.12443525381321535f,0.25467094176035365f,-0.2585105777572503f,-0.25155941240014545f,-0.04440238136621387f,-1.3086344288378173f,1.5321244902375186f,0f,0f,0f,1f], start_interpolation: 0, interpolation_duration: 1 }
$data merge entity $(bone_barrel2) { transformation: [0.1306111901850615f,-1.3267712967633976f,0.019910320464315012f,0.9844939447687823f,-1.3028569978355695f,-0.12443525381321535f,0.25467094176035365f,-0.2935079928922171f,-0.25155941240014545f,-0.04440238136621387f,-1.3086344288378173f,1.519636320478271f,0f,0f,0f,1f], start_interpolation: 0, interpolation_duration: 1 }
$data merge entity $(bone_drillhead_right1) { transformation: [-0.10204680722852626f,0.18882926481066947f,0.9766933796670919f,-1.5517450806679869f,-0.46233152363918145f,0.8603370055437195f,-0.21463876430304746f,-1.274386984610925f,-0.880815537660376f,-0.4734593389543903f,-0.0004929228487041759f,0.2866652535751538f,0f,0f,0f,1f], start_interpolation: 0, interpolation_duration: 1 }
$data merge entity $(bone_drillhead_right2) { transformation: [-0.8632954005615905f,0.18882926481066947f,-0.4680433314558228f,-1.7089959071902932f,0.3752269755799234f,0.8603370055437195f,-0.3449999328829062f,-1.1061275958151633f,0.3375289145633997f,-0.4734593389543903f,-0.8135788137547126f,0.5296982054696131f,0f,0f,0f,1f], start_interpolation: 0, interpolation_duration: 1 }
$data merge entity $(bone_drillhead_right3) { transformation: [0.9413986454658128f,0.18882926481066947f,-0.27948541834270235f,-1.3383800007908493f,-0.021373746866276133f,0.8603370055437195f,0.5092773309670896f,-1.1875113669365156f,0.33661811190134977f,-0.4734593389543903f,0.8139560805699793f,0.5296256737630289f,0f,0f,0f,1f], start_interpolation: 0, interpolation_duration: 1 }
$data merge entity $(bone_drill_right) { transformation: [-0.1560097116445101f,0.2886832028677359f,1.4931741292575234f,-1.4036049818963627f,-0.7068149376353337f,1.3152878742340184f,-0.32814090549313896f,-0.6099336952167506f,-1.3465955650593453f,-0.7238272019648913f,-0.0007535831210977079f,0.12441016761873075f,0f,0f,0f,1f], start_interpolation: 0, interpolation_duration: 1 }
$data merge entity $(bone_barrel3) { transformation: [0.13606240963803476f,1.3022578395561224f,0.2517723530808923f,-1.6551623338149128f,0.6164420315189089f,-0.2861850190707295f,1.1471160073916258f,-0.9828641879816908f,1.1744207168805012f,-0.0006572304649387806f,-0.631279118605854f,-0.20208126580238134f,0f,0f,0f,1f], start_interpolation: 0, interpolation_duration: 1 }
$data merge entity $(bone_barrel4) { transformation: [0.13606240963803476f,1.3022578395561224f,0.2517723530808923f,-1.2868991919949837f,0.6164420315189089f,-0.2861850190707295f,1.1471160073916258f,-1.0542271620984f,1.1744207168805012f,-0.0006572304649387806f,-0.631279118605854f,-0.20728862772069093f,0f,0f,0f,1f], start_interpolation: 0, interpolation_duration: 1 }
$data merge entity $(bone_blaster_right) { transformation: [0.10204680722852608f,0.9766933796670919f,0.18882926481066922f,-1.4003927456337057f,0.4623315236391817f,-0.21463876430304715f,0.8603370055437194f,-0.6961948440509967f,0.8808155376603759f,-0.0004929228487040854f,-0.4734593389543905f,-0.4147588238192693f,0f,0f,0f,1f], start_interpolation: 0, interpolation_duration: 1 }
$data merge entity $(bone_rocket_right) { transformation: [-2.2505900782555566f,0.43511840943576197f,-0.23514599018215943f,-1.1148027495690922f,0.49459112082250895f,1.9824706186631176f,-1.0653484109022826f,-0.020407946348406147f,0.0011358398610388585f,-1.0909901847306314f,-2.0296592063595904f,-0.34746877939930154f,0f,0f,0f,1f], start_interpolation: 0, interpolation_duration: 1 }
$data merge entity $(bone_sword_right) { transformation: [-2.601958370279817f,0.5030502882034227f,-0.27185762671914276f,-1.271858856478809f,0.5718080423102595f,2.291979365723737f,-1.2316735249984223f,-0.010420898265350587f,0.0013131702935517576f,-1.2613185628425454f,-2.3465351650782287f,1.0944049078910296f,0f,0f,0f,1f], start_interpolation: 0, interpolation_duration: 1 }
$data merge entity $(bone_right_hand) { transformation: [-0.9766933796670919f,0.18882926481066947f,-0.10204680722852603f,-1.447012801439417f,0.21463876430304735f,0.8603370055437195f,-0.4623315236391815f,-0.3680210378170552f,0.0004929228487039803f,-0.4734593389543903f,-0.880815537660376f,-0.055564908106156885f,0f,0f,0f,1f], start_interpolation: 0, interpolation_duration: 1 }
$data merge entity $(bone_right_arm_low) { transformation: [-0.9766933796670919f,0.18882926481066947f,-0.10204680722852603f,-1.2003291631254458f,0.21463876430304735f,0.8603370055437195f,-0.4623315236391815f,0.46445318484399944f,0.0004929228487039803f,-0.4734593389543903f,-0.880815537660376f,-0.5565805402904779f,0f,0f,0f,1f], start_interpolation: 0, interpolation_duration: 1 }
$data merge entity $(bone_right_arm) { transformation: [-1.0809008658995227f,0.22410064520129117f,0.07876672807762924f,-0.942f,0.2375394683947241f,1.0189006363976825f,0.36081639740618454f,1.4935f,0.0005455148412774109f,0.3693133798047274f,-1.043254191673724f,-0.1811737500000001f,0f,0f,0f,1f], start_interpolation: 0, interpolation_duration: 1 }