# This file was generated by Animated Java via MC-Build. It is not recommended to edit this file directly.
$data merge entity $(bone_barrel1) { transformation: [0.13793901797052882f,-1.3261319865723433f,0.011160613280328828f,1.3727105306008986f,-1.2910536433577173f,-0.1317154041943393f,0.30595640220211495f,-0.3261341667826303f,-0.30320141007565693f,-0.04245920707442322f,-1.297707169757693f,1.3499593352919874f,0f,0f,0f,1f], start_interpolation: 0, interpolation_duration: 1 }
$data merge entity $(bone_barrel2) { transformation: [0.13793901797052882f,-1.3261319865723433f,0.011160613280328828f,0.999735909377427f,-1.2910536433577173f,-0.1317154041943393f,0.30595640220211495f,-0.3631791242122882f,-0.30320141007565693f,-0.04245920707442322f,-1.297707169757693f,1.338017683302306f,0f,0f,0f,1f], start_interpolation: 0, interpolation_duration: 1 }
$data merge entity $(bone_drillhead_right1) { transformation: [-0.10795644760683668f,0.17928912558062982f,0.9778552116078564f,-1.5354599373876905f,-0.49637377676059774f,0.8425068122763177f,-0.20927337387354766f,-1.2601800650227462f,-0.8613701174086158f,-0.5079740945329108f,-0.0019596221413489497f,0.2593707439511305f,0f,0f,0f,1f], start_interpolation: 0, interpolation_duration: 1 }
$data merge entity $(bone_drillhead_right2) { transformation: [-0.8621072718478655f,0.17928912558062982f,-0.4739477410807692f,-1.69130135458182f,0.38329740744812135f,0.8425068122763177f,-0.37850411980789095f,-1.0835498803290389f,0.33144252785449774f,-0.5079740945329108f,-0.7950523064634742f,0.4973188278022057f,0f,0f,0f,1f], start_interpolation: 0, interpolation_duration: 1 }
$data merge entity $(bone_drillhead_right3) { transformation: [0.9447335596801181f,0.17928912558062982f,-0.27447023638760226f,-1.3202438271560737f,-0.0033893661945845477f,0.8425068122763177f,0.5386750258409948f,-1.1628933486792254f,0.32782161827880124f,-0.5079740945329108f,0.7965521363178543f,0.49668723464451703f,0f,0f,0f,1f], start_interpolation: 0, interpolation_duration: 1 }
$data merge entity $(bone_drill_right) { transformation: [-0.16504440186542313f,0.2740981863370971f,1.4949503442218204f,-1.3927105715684998f,-0.7588589186028927f,1.288028978186601f,-0.3199382675419882f,-0.6016693244625123f,-1.3168673012490946f,-0.7765935472482594f,-0.002995880944314207f,0.07027659096230199f,0f,0f,0f,1f], start_interpolation: 0, interpolation_duration: 1 }
$data merge entity $(bone_barrel3) { transformation: [-0.14394193014244866f,-1.303806948810475f,0.23905216744084f,-1.2670378237650137f,-0.6618317023474639f,0.2790311651647303f,1.1233424163684234f,-1.096519300835587f,-1.1484934898781543f,0.002612829521798194f,-0.6772987927105479f,-0.22414215144149785f,0f,0f,0f,1f], start_interpolation: 0, interpolation_duration: 1 }
$data merge entity $(bone_barrel4) { transformation: [-0.14394193014244866f,-1.303806948810475f,0.23905216744084f,-1.63373352811796f,-0.6618317023474639f,0.2790311651647303f,1.1233424163684234f,-1.0180417856330064f,-1.1484934898781543f,0.002612829521798194f,-0.6772987927105479f,-0.22340729313849206f,0f,0f,0f,1f], start_interpolation: 0, interpolation_duration: 1 }
$data merge entity $(bone_blaster_right) { transformation: [-0.18603855728596483f,-1.6851126249041857f,0.3089643184773555f,-1.5993603822134577f,-0.8553881065023055f,0.3606353989674598f,1.451870224836461f,-1.7369900352514953f,-1.484376871268901f,0.0033769662126141363f,-0.8753786344444567f,-2.0161964363376743f,0f,0f,0f,1f], start_interpolation: 0, interpolation_duration: 1 }
$data merge entity $(bone_rocket_right) { transformation: [-2.253267282271597f,0.4131351103336197f,-0.2487635474200484f,-1.111889110946672f,0.4822276762471854f,1.9413845860387626f,-1.1437918187429688f,-0.02917458617307367f,0.004515548318708463f,-1.1705223778175864f,-1.9848512135983019f,-0.42672055238962314f,0f,0f,0f,1f], start_interpolation: 0, interpolation_duration: 1 }
$data merge entity $(bone_sword_right) { transformation: [-2.605053546725224f,0.4776348961878676f,-0.28760119431958f,-1.2549750800790949f,0.5575143828788679f,2.244478869066704f,-1.3223637326894429f,0.03536790769520648f,0.005220528099623258f,-1.35326753991691f,-2.2947316256655608f,1.0151971858568984f,0f,0f,0f,1f], start_interpolation: 0, interpolation_duration: 1 }
$data merge entity $(bone_right_hand) { transformation: [-0.9778552116078564f,0.17928912558062982f,-0.10795644760683645f,-1.4392501986635236f,0.20927337387354755f,0.8425068122763177f,-0.4963737767605978f,-0.3670862877953083f,0.0019596221413487585f,-0.5079740945329108f,-0.8613701174086158f,-0.11840796724979208f,0f,0f,0f,1f], start_interpolation: 0, interpolation_duration: 1 }
$data merge entity $(bone_right_arm_low) { transformation: [-0.9778552116078564f,0.17928912558062982f,-0.10795644760683645f,-1.2022187613451163f,0.20927337387354755f,0.8425068122763177f,-0.4963737767605978f,0.44682925809014407f,0.0019596221413487585f,-0.5079740945329108f,-0.8613701174086158f,-0.6534223543355564f,0f,0f,0f,1f], start_interpolation: 0, interpolation_duration: 1 }
$data merge entity $(bone_right_arm) { transformation: [-1.0821866585310136f,0.22094365594668594f,0.06948320321070177f,-0.9470624999999999f,0.2316016221045075f,1.029186752014586f,0.33452547982217395f,1.4865000000000002f,0.0021687023927015135f,0.3416584682231764f,-1.0526332534911447f,-0.30617375000000013f,0f,0f,0f,1f], start_interpolation: 0, interpolation_duration: 1 }