# This file was generated by Animated Java via MC-Build. It is not recommended to edit this file directly.
$data merge entity $(bone_barrel1) { transformation: [0.14734246030551146f,-1.3251656560333176f,-0.0019902860806253996f,1.3950632292731933f,-1.2710997084095774f,-0.14189684057531643f,0.37676066102183203f,-0.41597803091791674f,-0.3746645278779183f,-0.03973724301341473f,-1.2789938314337121f,1.26597805470168f,0f,0f,0f,1f], start_interpolation: 0, interpolation_duration: 1 }
$data merge entity $(bone_barrel2) { transformation: [0.14734246030551146f,-1.3251656560333176f,-0.0019902860806253996f,1.0223603885138226f,-1.2710997084095774f,-0.14189684057531643f,0.37676066102183203f,-0.45588651732972446f,-0.3746645278779183f,-0.03973724301341473f,-1.2789938314337121f,1.2548019551041572f,0f,0f,0f,1f], start_interpolation: 0, interpolation_duration: 1 }
$data merge entity $(bone_drillhead_right1) { transformation: [-0.11522936412066989f,0.165661325802961f,0.979427648567035f,-1.5108134686951435f,-0.5428428636050888f,0.8152399870454218f,-0.20175576560586195f,-1.233141954202099f,-0.831891711148376f,-0.5549234980205701f,-0.004011516825492194f,0.39407271526327137f,0f,0f,0f,1f], start_interpolation: 0, interpolation_duration: 1 }
$data merge entity $(bone_drillhead_right2) { transformation: [-0.8607767895157966f,0.165661325802961f,-0.4812687853622793f,-1.6649474101152388f,0.39413499268869023f,0.8152399870454218f,-0.42431282217305993f,-1.0451220406361519f,0.3220573336677253f,-0.5549234980205701f,-0.7670325841680065f,0.6242797965430764f,0f,0f,0f,1f], start_interpolation: 0, interpolation_duration: 1 }
$data merge entity $(bone_drillhead_right3) { transformation: [0.948969526657686f,0.165661325802961f,-0.26835268325152456f,-1.2932922819028239f,0.021338947869889185f,0.8152399870454218f,0.5787299999360556f,-1.1216069397389066f,0.3146450170889315f,-0.5549234980205701f,0.7701028662235457f,0.6228657874492808f,0f,0f,0f,1f], start_interpolation: 0, interpolation_duration: 1 }
$data merge entity $(bone_drill_right) { transformation: [-0.1761632760267358f,0.2532639322197482f,1.4973542943623797f,-1.3759744741581068f,-0.8299011102783044f,1.246343308078304f,-0.3084453073019721f,-0.5847231765358679f,-1.2718005540837394f,-0.8483700496094618f,-0.0061328286518619385f,0.16792694393070112f,0f,0f,0f,1f], start_interpolation: 0, interpolation_duration: 1 }
$data merge entity $(bone_barrel3) { transformation: [-0.15363915216089294f,-1.3059035314227132f,0.22088176773728158f,-1.2501405229086566f,-0.7237904848067853f,0.26900768747448267f,1.0869866493938956f,-1.0937593418564138f,-1.1091889481978345f,0.0053486891006558485f,-0.7398979973607603f,-0.10114652864556639f,0f,0f,0f,1f], start_interpolation: 0, interpolation_duration: 1 }
$data merge entity $(bone_barrel4) { transformation: [-0.15363915216089294f,-1.3059035314227132f,0.22088176773728158f,-1.6174258911212949f,-0.7237904848067853f,0.26900768747448267f,1.0869866493938956f,-1.0181009297542154f,-1.1091889481978345f,0.0053486891006558485f,-0.7398979973607603f,-0.0996422098360068f,0f,0f,0f,1f], start_interpolation: 0, interpolation_duration: 1 }
$data merge entity $(bone_blaster_right) { transformation: [-0.198571786430577f,-1.6878223648946502f,0.28547988317199313f,-1.6007975751237786f,-0.9354670834100068f,0.3476804988446372f,1.404882009309043f,-1.8322936271007497f,-1.4335774952861249f,0.006912943314518843f,-0.9562853286151499f,-1.8514911649278494f,0f,0f,0f,1f], start_interpolation: 0, interpolation_duration: 1 }
$data merge entity $(bone_rocket_right) { transformation: [-2.2568906415496297f,0.3817326337666864f,-0.2655224956086736f,-1.106434096822217f,0.46490488597166174f,1.878553765632158f,-1.2508703225754148f,-0.037745104006715546f,0.009243719834862454f,-1.2787076730894338f,-1.9169242571621934f,-0.3629026443297529f,0f,0f,0f,1f], start_interpolation: 0, interpolation_duration: 1 }
$data merge entity $(bone_sword_right) { transformation: [-2.6092425947855955f,0.4413297789031686f,-0.30697659543672984f,-1.2310216232870403f,0.5374871111026869f,2.1718387287550445f,-1.446159626049031f,0.10329802143708516f,0.010686874713090613f,-1.4783430200292031f,-2.216199726598646f,1.0752735885991906f,0f,0f,0f,1f], start_interpolation: 0, interpolation_duration: 1 }
$data merge entity $(bone_right_hand) { transformation: [-0.979427648567035f,0.165661325802961f,-0.11522936412066967f,-1.4269198366079143f,0.20175576560586184f,0.8152399870454218f,-0.5428428636050888f,-0.3609984771526429f,0.0040115168254920095f,-0.5549234980205701f,-0.831891711148376f,-0.03244478416632135f,0f,0f,0f,1f], start_interpolation: 0, interpolation_duration: 1 }
$data merge entity $(bone_right_arm_low) { transformation: [-0.979427648567035f,0.165661325802961f,-0.11522936412066967f,-1.2036452003982845f,0.20175576560586184f,0.8152399870454218f,-0.5428428636050888f,0.42466793505475353f,0.0040115168254920095f,-0.5549234980205701f,-0.831891711148376f,-0.6136156179618715f,0f,0f,0f,1f], start_interpolation: 0, interpolation_duration: 1 }
$data merge entity $(bone_right_arm) { transformation: [-1.0839268653411878f,0.21596579516314093f,0.05686215301241222f,-0.9535f,0.2232819288873746f,1.0423946774360795f,0.29720446702445924f,1.4780000000000002f,0.004439522270257192f,0.3025625394964019f,-1.0645225121478306f,-0.30617375000000013f,0f,0f,0f,1f], start_interpolation: 0, interpolation_duration: 1 }