# This file was generated by Animated Java via MC-Build. It is not recommended to edit this file directly.
$data merge entity $(bone_barrel1) { transformation: [0.15722303312346186f,-1.323893501480688f,-0.019096920443865906f,1.423000806980638f,-1.2419141974552736f,-0.15412388517989903f,0.4600790496793493f,-0.5172918836424908f,-0.4590292167087612f,-0.03646371528017721f,-1.251295470084298f,1.159133919426347f,0f,0f,0f,1f], start_interpolation: 0, interpolation_duration: 1 }
$data merge entity $(bone_barrel2) { transformation: [0.15722303312346186f,-1.323893501480688f,-0.019096920443865906f,1.0506557596891943f,-1.2419141974552736f,-0.15412388517989903f,0.4600790496793493f,-0.5606392263493374f,-0.4590292167087612f,-0.03646371528017721f,-1.251295470084298f,1.1488784995037973f,0f,0f,0f,1f], start_interpolation: 0, interpolation_duration: 1 }
$data merge entity $(bone_drillhead_right1) { transformation: [-0.12241873401863963f,0.14896537157516362f,0.98123543129707f,-1.4792728428315394f,-0.5966879074515907f,0.778991957018291f,-0.1927046237168558f,-1.1907686890559255f,-0.7930808247980249f,-0.6090819722929636f,-0.006477373340948653f,0.5523987407177504f,0f,0f,0f,1f], start_interpolation: 0, interpolation_duration: 1 }
$data merge entity $(bone_drillhead_right2) { transformation: [-0.8596957102302061f,0.14896537157516362f,-0.4886027055627664f,-1.6317670251076866f,0.40637843414660996f,0.778991957018291f,-0.47752287815492417f,-0.9896157663975522f,0.30948320483078134f,-0.6090819722929636f,-0.7302323581952407f,0.7723693890877774f,0f,0f,0f,1f], start_interpolation: 0, interpolation_duration: 1 }
$data merge entity $(bone_drillhead_right3) { transformation: [0.95339095287029f,0.14896537157516362f,-0.2624023800512377f,-1.2594250058994583f,0.05030671880202564f,0.778991957018291f,0.6250126118281031f,-1.0626592437966054f,0.29751457952250787f,-0.6090819722929636f,0.7351899251208894f,0.7700146745709282f,0f,0f,0f,1f], start_interpolation: 0, interpolation_duration: 1 }
$data merge entity $(bone_drill_right) { transformation: [-0.1871544236691722f,0.22773906695987284f,1.5001180423922136f,-1.3544341490144853f,-0.9122197049714906f,1.1909271234293306f,-0.29460787255504095f,-0.557190663474824f,-1.2124662608056882f,-0.9311678184354993f,-0.009902643449414564f,0.2826496691784094f,0f,0f,0f,1f], start_interpolation: 0, interpolation_duration: 1 }
$data merge entity $(bone_barrel3) { transformation: [-0.16322497869151925f,-1.3083139083960933f,0.19862049543355176f,-1.2275938261436588f,-0.7955838766021213f,0.2569394982891411f,1.0386559426910544f,-1.081448295223812f,-1.0574410997306996f,0.008636497787931121f,-0.8121092963906184f,0.045124928188100544f,0f,0f,0f,1f], start_interpolation: 0, interpolation_duration: 1 }
$data merge entity $(bone_barrel4) { transformation: [-0.16322497869151925f,-1.3083139083960933f,0.19862049543355176f,-1.59555711288006f,-0.7955838766021213f,0.2569394982891411f,1.0386559426910544f,-1.0091840613299912f,-1.0574410997306996f,0.008636497787931121f,-0.8121092963906184f,0.04755394319095596f,0f,0f,0f,1f], start_interpolation: 0, interpolation_duration: 1 }
$data merge entity $(bone_blaster_right) { transformation: [-0.2109610418503592f,-1.6909376701722656f,0.2567081765633808f,-1.5974255662169647f,-1.0282568564737176f,0.3320828998484783f,1.3424167155707312f,-1.935123128628663f,-1.3666956974531288f,0.011162290146311635f,-1.049615228234847f,-1.6479679125496038f,0f,0f,0f,1f], start_interpolation: 0, interpolation_duration: 1 }
$data merge entity $(bone_rocket_right) { transformation: [-2.2610563070087784f,0.3432602229626965f,-0.28208892771328653f,-1.098537636367315f,0.44404838120122514f,1.7950275961774451f,-1.3749452103211248f,-0.04337987592262221f,0.014925781701586429f,-1.4035047971289696f,-1.8274925096283086f,-0.28667671175334275f,0f,0f,0f,1f], start_interpolation: 0, interpolation_duration: 1 }
$data merge entity $(bone_sword_right) { transformation: [-2.614058615354574f,0.3968509498691954f,-0.326129424331133f,-1.2026094840459884f,0.5133744316385165f,2.07527222477465f,-1.5896054253665646f,0.1895281279079728f,0.017256035653331555f,-1.6226238131504493f,-2.1128056495018037f,1.1411499598772372f,0f,0f,0f,1f], start_interpolation: 0, interpolation_duration: 1 }
$data merge entity $(bone_right_hand) { transformation: [-0.98123543129707f,0.14896537157516362f,-0.12241873401863941f,-1.4106780091029993f,0.19270462371685565f,0.778991957018291f,-0.5966879074515907f,-0.3474067042868294f,0.006477373340948477f,-0.6090819722929636f,-0.7930808247980249f,0.06905116927825272f,0f,0f,0f,1f], start_interpolation: 0, interpolation_duration: 1 }
$data merge entity $(bone_right_arm_low) { transformation: [-0.98123543129707f,0.14896537157516362f,-0.12241873401863941f,-1.2042110085098514f,0.19270462371685565f,0.778991957018291f,-0.5966879074515907f,0.40089471664129595f,0.006477373340948477f,-0.6090819722929636f,-0.7930808247980249f,-0.5652194146234584f,0f,0f,0f,1f], start_interpolation: 0, interpolation_duration: 1 }
$data merge entity $(bone_right_arm) { transformation: [-1.0859275279431182f,0.20915034446592348f,0.04230267130054113f,-0.9609375f,0.21326508295713914f,1.0564033304708167f,0.2515988598850935f,1.46875f,0.007168471291749858f,0.2550296361483894f,-1.0768846160287495f,-0.30617375000000013f,0f,0f,0f,1f], start_interpolation: 0, interpolation_duration: 1 }