# This file was generated by Animated Java via MC-Build. It is not recommended to edit this file directly.
$data merge entity $(text_display_ammo_left) { transformation: [-1f,1.368136703841374e-15f,8.665293146946319e-16f,0.19662499999999997f,1.5801474953939527e-15f,0.7071067811865475f,0.7071067811865477f,0.8922167224389782f,3.546899863589409e-16f,0.7071067811865477f,-0.7071067811865475f,0.3321193487677502f,0f,0f,0f,1f], start_interpolation: 0, interpolation_duration: 1 }
$data merge entity $(text_display_ammo_right) { transformation: [-1f,1.368136703841374e-15f,8.665293146946319e-16f,-0.11587500000000003f,1.5801474953939527e-15f,0.7071067811865475f,0.7071067811865477f,0.8922167224389782f,3.546899863589409e-16f,0.7071067811865477f,-0.7071067811865475f,0.3321193487677502f,0f,0f,0f,1f], start_interpolation: 0, interpolation_duration: 1 }
$data merge entity $(text_display_health) { transformation: [-1f,1.368136703841374e-15f,8.665293146946319e-16f,0.04037499999999995f,1.5801474953939527e-15f,0.7071067811865475f,0.7071067811865477f,0.90105555720381f,3.546899863589409e-16f,0.7071067811865477f,-0.7071067811865475f,0.340958183532582f,0f,0f,0f,1f], start_interpolation: 0, interpolation_duration: 1 }
$data merge entity $(bone_barrel1) { transformation: [0.16613479611824122f,-1.322356752992595f,-0.039365277992278035f,1.4544631443627911f,-1.2034868442702047f,-0.1675417198790286f,0.5489325692162005f,-0.6200523558218948f,-0.54936001216422f,-0.03286590471348735f,-1.214455098848891f,1.1597274077638529f,0f,0f,0f,1f], start_interpolation: 0, interpolation_duration: 1 }
$data merge entity $(bone_barrel2) { transformation: [0.16613479611824122f,-1.322356752992595f,-0.039365277992278035f,1.0825503075836236f,-1.2034868442702047f,-0.1675417198790286f,0.5489325692162005f,-0.6671734645378716f,-0.54936001216422f,-0.03286590471348735f,-1.214455098848891f,1.1504838720631845f,0f,0f,0f,1f], start_interpolation: 0, interpolation_duration: 1 }
$data merge entity $(bone_drillhead_right1) { transformation: [-0.1283569377565953f,0.13039804804286834f,0.9831179204939555f,-1.442871747741514f,-0.6530162040337723f,0.7349660295233671f,-0.1827423670525797f,-1.1323465543591569f,-0.7463875225371015f,-0.6654481831917997f,-0.009185950558375471f,0.8461687226401051f,0f,0f,0f,1f], start_interpolation: 0, interpolation_duration: 1 }
$data merge entity $(bone_drillhead_right2) { transformation: [-0.859162451280858f,0.13039804804286834f,-0.4948092878834f,-1.5940854381864722f,0.41873041499220914f,0.7349660295233671f,-0.5333758290428143f,-0.9175486603913193f,0.29411685070651755f,-0.6654481831917997f,-0.6860568443046198f,1.0537749475838778f,0f,0f,0f,1f], start_interpolation: 0, interpolation_duration: 1 }
$data merge entity $(bone_drillhead_right3) { transformation: [0.9574025982979901f,0.13039804804286834f,-0.2576365925851128f,-1.2210283435453342f,0.08106654970712246f,0.7349660295233671f,0.673240781567219f,-0.9868046741790197f,0.2771434272914301f,-0.6654481831917997f,0.69308746648305f,1.0503864034697465f,0f,0f,0f,1f], start_interpolation: 0, interpolation_duration: 1 }
$data merge entity $(bone_drill_right) { transformation: [-0.19623278170902905f,0.19935324217069736f,1.5029960020732285f,-1.329523535145919f,-0.9983347098979363f,1.123620047001317f,-0.2793775206044721f,-0.5184231752402673f,-1.1410812873871345f,-1.0173407869746156f,-0.014043530970876612f,0.5299083191082066f,0f,0f,0f,1f], start_interpolation: 0, interpolation_duration: 1 }
$data merge entity $(bone_barrel3) { transformation: [0.17114258367546012f,1.3108238939919405f,0.17386406405715743f,-1.5824313725434016f,0.8706882720450297f,-0.2436564894034392f,0.979954706031156f,-0.9624412140584867f,0.9951833633828018f,-0.012247934077833936f,-0.887264244255733f,0.3111835678282072f,0f,0f,0f,1f], start_interpolation: 0, interpolation_duration: 1 }
$data merge entity $(bone_barrel4) { transformation: [0.17114258367546012f,1.3108238939919405f,0.17386406405715743f,-1.2123788735647734f,0.8706882720450297f,-0.2436564894034392f,0.979954706031156f,-1.0231729901912665f,0.9951833633828018f,-0.012247934077833936f,-0.887264244255733f,0.30067967886049496f,0f,0f,0f,1f], start_interpolation: 0, interpolation_duration: 1 }
$data merge entity $(bone_blaster_right) { transformation: [0.1283569377565951f,0.9831179204939555f,0.1303980480428681f,-1.3503210971494808f,0.6530162040337724f,-0.1827423670525794f,0.734966029523367f,-0.7248610448482824f,0.7463875225371014f,-0.009185950558375452f,-0.6654481831917998f,0.024828748154586078f,0f,0f,0f,1f], start_interpolation: 0, interpolation_duration: 1 }
$data merge entity $(bone_rocket_right) { transformation: [-2.265394118237086f,0.30047562444746134f,-0.29577230336989063f,-1.0885863925504313f,0.42109239883007676f,1.693578853236393f,-1.5047422459640862f,-0.04402661662974827f,0.02116714376939082f,-1.5333891985580244f,-1.7198973472394314f,-0.07879052031179917f,0f,0f,0f,1f], start_interpolation: 0, interpolation_duration: 1 }
$data merge entity $(bone_sword_right) { transformation: [-2.619073657562055f,0.34738670255852333f,-0.3419490861022275f,-1.1724120262562028f,0.4868344983758129f,1.9579850260083438f,-1.739666729995831f,0.289202927136862f,0.024471816275122134f,-1.7727861233518087f,-1.9884124354357613f,1.3303572456241186f,0f,0f,0f,1f], start_interpolation: 0, interpolation_duration: 1 }
$data merge entity $(bone_right_hand) { transformation: [-0.9831179204939555f,0.13039804804286834f,-0.12835693775659507f,-1.3915425880855672f,0.18274236705257957f,0.7349660295233671f,-0.6530162040337723f,-0.32501052687617615f,0.009185950558375304f,-0.6654481831917997f,-0.7463875225371015f,0.30287927908226336f,0f,0f,0f,1f], start_interpolation: 0, interpolation_duration: 1 }
$data merge entity $(bone_right_arm_low) { transformation: [-0.9831179204939555f,0.13039804804286834f,-0.12835693775659507f,-1.2037108243167203f,0.18274236705257957f,0.7349660295233671f,-0.6530162040337723f,0.37812734833034933f,0.009185950558375304f,-0.6654481831917997f,-0.7463875225371015f,-0.3864676360987192f,0f,0f,0f,1f], start_interpolation: 0, interpolation_duration: 1 }
$data merge entity $(bone_right_arm) { transformation: [-1.0880108677561244f,0.20066912045107577f,0.027133637352643795f,-0.969f,0.2022399116199487f,1.0693944914078144f,0.2006649407061563f,1.4595000000000002f,0.01016603789824236f,0.20223576433964766f,-1.0880116386461305f,-0.1811737500000001f,0f,0f,0f,1f], start_interpolation: 0, interpolation_duration: 1 }