# This file was generated by Animated Java via MC-Build. It is not recommended to edit this file directly.
$data merge entity $(bone_barrel1) { transformation: [0.17728403303784296f,-1.3188156182688369f,-0.08410418787313756f,1.5182769351006469f,-1.1067631085173089f,-0.1945441586360696f,0.7176390246798627f,-0.7979247589134527f,-0.7220966493709257f,-0.02560689611309451f,-1.1205795347125134f,0.8885371471299586f,0f,0f,0f,1f], start_interpolation: 0, interpolation_duration: 1 }
$data merge entity $(bone_barrel2) { transformation: [0.17728403303784296f,-1.3188156182688369f,-0.08410418787313756f,1.1473600424625365f,-1.1067631085173089f,-0.1945441586360696f,0.7176390246798627f,-0.8526403035298473f,-0.7220966493709257f,-0.02560689611309451f,-1.1205795347125134f,0.8813352075981508f,0f,0f,0f,1f], start_interpolation: 0, interpolation_duration: 1 }
$data merge entity $(bone_drillhead_right1) { transformation: [-0.13414945571659567f,0.09304292433124324f,0.9865834672053002f,-1.366339782564121f,-0.7562818656115828f,0.633718543390422f,-0.16259934658597355f,-0.9779568353776892f,-0.6403449564711234f,-0.7679477990039507f,-0.014646321278148966f,1.1670907995072066f,0f,0f,0f,1f], start_interpolation: 0, interpolation_duration: 1 }
$data merge entity $(bone_drillhead_right2) { transformation: [-0.8601474983014619f,0.09304292433124324f,-0.5014870839788673f,-1.5166136600122746f,0.43963874847820406f,0.633718543390422f,-0.6364892603961518f,-0.7385006064013193f,0.2585808422955099f,-0.7679477990039507f,-0.5859966945322579f,1.3464857164572694f,0f,0f,0f,1f], start_interpolation: 0, interpolation_duration: 1 }
$data merge entity $(bone_drillhead_right3) { transformation: [0.9628210466285327f,0.09304292433124324f,-0.2536112111106833f,-1.1422408236399821f,0.13919433185722416f,0.633718543390422f,0.7609374124998343f,-0.8001000020732878f,0.2315179693845772f,-0.7679477990039507f,0.5972065035287457f,1.341011469616322f,0f,0f,0f,1f], start_interpolation: 0, interpolation_duration: 1 }
$data merge entity $(bone_drill_right) { transformation: [-0.2050884145424166f,0.14224452670011145f,1.5082941486572436f,-1.2772137555759155f,-1.1562078126737598f,0.9688323417773872f,-0.24858276180709704f,-0.413953154856447f,-0.9789628379882345f,-1.1740427548344845f,-0.022391375304274395f,0.7624591457264854f,0f,0f,0f,1f], start_interpolation: 0, interpolation_duration: 1 }
$data merge entity $(bone_barrel3) { transformation: [0.17886594095546063f,1.3154446229404002f,0.12405723244165731f,-1.5255230458357008f,1.0083758208154439f,-0.21679912878129765f,0.8449580578538957f,-0.889813976804579f,0.853793275294831f,-0.019528428370865325f,-1.0239303986719344f,0.6180504051978151f,0f,0f,0f,1f], start_interpolation: 0, interpolation_duration: 1 }
$data merge entity $(bone_barrel4) { transformation: [0.17886594095546063f,1.3154446229404002f,0.12405723244165731f,-1.1545672346620417f,1.0083758208154439f,-0.21679912878129765f,0.8449580578538957f,-0.9440661662512153f,0.853793275294831f,-0.019528428370865325f,-1.0239303986719344f,0.6044115484732004f,0f,0f,0f,1f], start_interpolation: 0, interpolation_duration: 1 }
$data merge entity $(bone_blaster_right) { transformation: [0.13414945571659548f,0.9865834672053002f,0.09304292433124299f,-1.3077016008810194f,0.756281865611583f,-0.16259934658597325f,0.6337185433904218f,-0.6914691507894901f,0.6403449564711232f,-0.014646321278148994f,-0.7679477990039508f,0.29319390209744306f,0f,0f,0f,1f], start_interpolation: 0, interpolation_duration: 1 }
$data merge entity $(bone_rocket_right) { transformation: [-2.2733797616402818f,0.2143983840897473f,-0.3091199759560789f,-1.065723905864792f,0.3746769290910533f,1.4602747349912255f,-1.7426968366368862f,-0.02764453402161321f,0.03374945099226581f,-1.7695785934840582f,-1.4755439482820258f,0.08448070097127136f,0f,0f,0f,1f], start_interpolation: 0, interpolation_duration: 1 }
$data merge entity $(bone_sword_right) { transformation: [-2.6283060415025017f,0.24787084749310803f,-0.35738063391936997f,-1.1165124433076419f,0.4331725182734515f,1.6882568293216815f,-2.0147714436127613f,0.5036605832585777f,0.03901850779051692f,-2.0458500540234765f,-1.7059099140453025f,1.4331472604898072f,0f,0f,0f,1f], start_interpolation: 0, interpolation_duration: 1 }
$data merge entity $(bone_right_hand) { transformation: [-0.9865834672053002f,0.09304292433124324f,-0.13414945571659545f,-1.3505068938494516f,0.1625993465859734f,0.633718543390422f,-0.7562818656115828f,-0.2565863524696069f,0.014646321278148824f,-0.7679477990039507f,-0.6403449564711234f,0.5121377405722292f,0f,0f,0f,1f], start_interpolation: 0, interpolation_duration: 1 }
$data merge entity $(bone_right_arm_low) { transformation: [-0.9865834672053002f,0.09304292433124324f,-0.13414945571659545f,-1.1999946733090205f,0.1625993465859734f,0.633718543390422f,-0.7562818656115828f,0.3433359234588298f,0.014646321278148824f,-0.7679477990039507f,-0.6403449564711234f,-0.2767362334013284f,0f,0f,0f,1f], start_interpolation: 0, interpolation_duration: 1 }
$data merge entity $(bone_right_arm) { transformation: [-1.0918461680858804f,0.1806753875373171f,-0.0005728075134192658f,-0.9854999999999999f,0.17994774837050834f,1.0877527823148847f,0.09583668899038252f,1.4440000000000002f,0.016208998321653182f,0.0944577547822061f,-1.1025366113961665f,-0.1811737500000001f,0f,0f,0f,1f], start_interpolation: 0, interpolation_duration: 1 }