# This file was generated by Animated Java via MC-Build. It is not recommended to edit this file directly.
$data merge entity $(bone_barrel1) { transformation: [0.1790762152623351f,-1.3170648727274565f,-0.10511711531669923f,1.5456509896598494f,-1.0563953919472775f,-0.20643670506780934f,0.786886548653033f,-0.8625006289509771f,-0.7935604972386502f,-0.022400571553706117f,-1.071231874709762f,0.7611267119898499f,0f,0f,0f,1f], start_interpolation: 0, interpolation_duration: 1 }
$data merge entity $(bone_barrel2) { transformation: [0.1790762152623351f,-1.3170648727274565f,-0.10511711531669923f,1.1752264942052522f,-1.0563953919472775f,-0.20643670506780934f,0.786886548653033f,-0.9205609522512985f,-0.7935604972386502f,-0.022400571553706117f,-1.071231874709762f,0.7548265512403701f,0f,0f,0f,1f], start_interpolation: 0, interpolation_duration: 1 }
$data merge entity $(bone_drillhead_right1) { transformation: [-0.134140455003872f,0.07692341897915597f,0.9879722293384119f,-1.3323134276213047f,-0.7969522243941718f,0.5841636538556539f,-0.15368792258077263f,-0.8942393614842988f,-0.5889596678589596f,-0.8079824336745007f,-0.017055688461478594f,1.2993225459665267f,0f,0f,0f,1f], start_interpolation: 0, interpolation_duration: 1 }
$data merge entity $(bone_drillhead_right2) { transformation: [-0.8614339916354092f,0.07692341897915597f,-0.5020102246644418f,-1.4828534032689942f,0.44696953872871f,0.5841636538556539f,-0.6774740267808473f,-0.6452573366694877f,0.24114250870331894f,-0.8079824336745007f,-0.53760085320775f,1.4650021377016467f,0f,0f,0f,1f], start_interpolation: 0, interpolation_duration: 1 }
$data merge entity $(bone_drillhead_right3) { transformation: [0.9641006511152024f,0.07692341897915597f,-0.2541509829447846f,-1.1079536074832435f,0.16299128659559986f,0.5841636538556539f,0.7951016702333878f,-0.7034700387738808f,0.20962770573842093f,-0.8079824336745007f,0.5506547120113267f,1.458606985430592f,0f,0f,0f,1f], start_interpolation: 0, interpolation_duration: 1 }
$data merge entity $(bone_drill_right) { transformation: [-0.2050746542040508f,0.11760093960385312f,1.5104172957288065f,-1.254090038676846f,-1.2183848774783586f,0.8930725582343155f,-0.2349589285177325f,-0.35644164740314765f,-0.9004047304209783f,-1.2352479211730925f,-0.026074828904887642f,0.8583859340588018f,0f,0f,0f,1f], start_interpolation: 0, interpolation_duration: 1 }
$data merge entity $(bone_barrel3) { transformation: [0.17885394000516242f,1.317296305784549f,0.10256455863887429f,-1.499178964944428f,1.0626029658588958f,-0.2049172301076964f,0.7788848718075383f,-0.8429362563792315f,0.7852795571452791f,-0.022740917948638188f,-1.077309911566001f,0.74789012647427f,0f,0f,0f,1f], start_interpolation: 0, interpolation_duration: 1 }
$data merge entity $(bone_barrel4) { transformation: [0.17885394000516242f,1.317296305784549f,0.10256455863887429f,-1.1278733656985653f,1.0626029658588958f,-0.2049172301076964f,0.7788848718075383f,-0.8943723462864637f,0.7852795571452791f,-0.022740917948638188f,-1.077309911566001f,0.7329230646469922f,0f,0f,0f,1f], start_interpolation: 0, interpolation_duration: 1 }
$data merge entity $(bone_blaster_right) { transformation: [0.1341404550038718f,0.9879722293384119f,0.07692341897915572f,-1.2874712046349273f,0.7969522243941719f,-0.15368792258077232f,0.5841636538556537f,-0.6636881835616877f,0.5889596678589594f,-0.017055688461478643f,-0.8079824336745008f,0.40823066155148213f,0f,0f,0f,1f], start_interpolation: 0, interpolation_duration: 1 }
$data merge entity $(bone_rocket_right) { transformation: [-2.2765798798584513f,0.1772542817879988f,-0.30909923565500297f,-1.0550389191544312f,0.3541423755998955f,1.3460856301628366f,-1.836413357973795f,-0.012273047011701621f,0.039301344749879376f,-1.861830218663331f,-1.357137063248923f,0.1544372818573005f,0f,0f,0f,1f], start_interpolation: 0, interpolation_duration: 1 }
$data merge entity $(bone_sword_right) { transformation: [-2.632005770948614f,0.2049277061257222f,-0.35735665558563967f,-1.0947119492377457f,0.4094320540047693f,1.5562402084480653f,-2.1231192451435863f,0.6037014011581568f,0.045437178419654264f,-2.1525042557931644f,-1.569017021560215f,1.4669797085365723f,0f,0f,0f,1f], start_interpolation: 0, interpolation_duration: 1 }
$data merge entity $(bone_right_hand) { transformation: [-0.9879722293384119f,0.07692341897915597f,-0.13414045500387178f,-1.3321099075408702f,0.15368792258077246f,0.5841636538556539f,-0.7969522243941718f,-0.2161233792696997f,0.017055688461478462f,-0.8079824336745007f,-0.5889596678589596f,0.5995024000511054f,0f,0f,0f,1f], start_interpolation: 0, interpolation_duration: 1 }
$data merge entity $(bone_right_arm_low) { transformation: [-0.9879722293384119f,0.07692341897915597f,-0.13414045500387178f,-1.1976301134469345f,0.15368792258077246f,0.5841636538556539f,-0.7969522243941718f,0.3335300224123381f,0.017055688461478462f,-0.8079824336745007f,-0.5889596678589596f,-0.2279510037728302f,0f,0f,0f,1f], start_interpolation: 0, interpolation_duration: 1 }
$data merge entity $(bone_right_arm) { transformation: [-1.0933831030374828f,0.17074420066656817f,-0.01147982860883343f,-0.9931875f,0.17008552740725918f,1.0924524639062576f,0.04889280116509349f,1.4392500000000001f,0.01887543092880219f,0.046540418755202186f,-1.1055540177048657f,-0.1811737500000001f,0f,0f,0f,1f], start_interpolation: 0, interpolation_duration: 1 }