# This file was generated by Animated Java via MC-Build. It is not recommended to edit this file directly.
$data merge entity $(text_display_ammo_left) { transformation: [-1f,1.368136703841374e-15f,8.665293146946319e-16f,0.13462499999999997f,1.5801474953939527e-15f,0.7071067811865475f,0.7071067811865477f,0.8922167224389782f,3.546899863589409e-16f,0.7071067811865477f,-0.7071067811865475f,0.3321193487677502f,0f,0f,0f,1f], start_interpolation: 0, interpolation_duration: 1 }
$data merge entity $(text_display_ammo_right) { transformation: [-1f,1.368136703841374e-15f,8.665293146946319e-16f,-0.17787500000000003f,1.5801474953939527e-15f,0.7071067811865475f,0.7071067811865477f,0.8922167224389782f,3.546899863589409e-16f,0.7071067811865477f,-0.7071067811865475f,0.3321193487677502f,0f,0f,0f,1f], start_interpolation: 0, interpolation_duration: 1 }
$data merge entity $(text_display_health) { transformation: [-1f,1.368136703841374e-15f,8.665293146946319e-16f,-0.021625000000000033f,1.5801474953939527e-15f,0.7071067811865475f,0.7071067811865477f,0.90105555720381f,3.546899863589409e-16f,0.7071067811865477f,-0.7071067811865475f,0.340958183532582f,0f,0f,0f,1f], start_interpolation: 0, interpolation_duration: 1 }
$data merge entity $(bone_barrel1) { transformation: [0.15977599041094512f,-1.3073273993498404f,-0.20771249739763364f,1.6592543437489806f,-0.7669664067523537f,-0.26195085474910923f,1.0587360664430827f,-1.0179244388817918f,-1.0788938509322232f,-0.007389071874833272f,-0.7833972413885846f,0.11690607320955718f,0f,0f,0f,1f], start_interpolation: 0, interpolation_duration: 1 }
$data merge entity $(bone_barrel2) { transformation: [0.15977599041094512f,-1.3073273993498404f,-0.20771249739763364f,1.291568512681838f,-0.7669664067523537f,-0.26195085474910923f,1.0587360664430827f,-1.0915981167799789f,-1.0788938509322232f,-0.007389071874833272f,-0.7833972413885846f,0.11482789674476032f,0f,0f,0f,1f], start_interpolation: 0, interpolation_duration: 1 }
$data merge entity $(bone_drillhead_right1) { transformation: [-0.11494990381425607f,0.00903007882527039f,0.9933302458344369f,-1.1806250764318516f,-0.9407890974489078f,0.32003329692118254f,-0.11177908115129387f,-0.36341923530367237f,-0.31890812741973606f,-0.9473632600740687f,-0.028292396990530558f,1.8266403351490514f,0f,0f,0f,1f], start_interpolation: 0, interpolation_duration: 1 }
$data merge entity $(bone_drillhead_right2) { transformation: [-0.8737280594091646f,0.00903007882527039f,-0.48633089134611307f,-1.3374750960254684f,0.46329480618200164f,0.32003329692118254f,-0.8263997891012194f,-0.08272045531066702f,0.14817962331534312f,-0.9473632600740687f,-0.2838056600844237f,1.9199694642049185f,0f,0f,0f,1f], start_interpolation: 0, interpolation_duration: 1 }
$data merge entity $(bone_drillhead_right3) { transformation: [0.9617069068925176f,0.00903007882527039f,-0.27393116454984845f,-0.9605447157445173f,0.25675399570480445f,0.32003329692118254f,0.9119517939844055f,-0.12501230589930273f,0.0959020903048729f,-0.9473632600740687f,0.3054597232647676f,1.9092754783199148f,0f,0f,0f,1f], start_interpolation: 0, interpolation_duration: 1 }
$data merge entity $(bone_drill_right) { transformation: [-0.17573603559654702f,0.013805233421000344f,1.5186086603705187f,-1.1517592393001432f,-1.4382834681208347f,0.48926863784679553f,-0.17088846473412098f,0.02160216341453096f,-0.487548472618316f,-1.4483340835522283f,-0.043253569769606814f,1.2429489256308925f,0f,0f,0f,1f], start_interpolation: 0, interpolation_duration: 1 }
$data merge entity $(bone_barrel3) { transformation: [0.15326653841900778f,1.3244403277792491f,0.012040105100360191f,-1.3739012914875752f,1.2543854632652105f,-0.14903877486839145f,0.4267110625615764f,-0.48522234480238846f,0.42521083655964775f,-0.03772319598737427f,-1.2631510134320916f,1.295262751300412f,0f,0f,0f,1f], start_interpolation: 0, interpolation_duration: 1 }
$data merge entity $(bone_barrel4) { transformation: [0.15326653841900778f,1.3244403277792491f,0.012040105100360191f,-1.001306657094723f,1.2543854632652105f,-0.14903877486839145f,0.4267110625615764f,-0.5237445470162216f,0.42521083655964775f,-0.03772319598737427f,-1.2631510134320916f,1.2746033545456896f,0f,0f,0f,1f], start_interpolation: 0, interpolation_duration: 1 }
$data merge entity $(bone_blaster_right) { transformation: [0.11494990381425585f,0.9933302458344369f,0.009030078825270144f,-1.1874841740080253f,0.9407890974489079f,-0.11177908115129359f,0.3200332969211823f,-0.40670829854322216f,0.31890812741973584f,-0.0282923969905307f,-0.9473632600740688f,0.9061576211025022f,0f,0f,0f,1f], start_interpolation: 0, interpolation_duration: 1 }
$data merge entity $(bone_rocket_right) { transformation: [-2.2889263327126663f,0.020807969249209277f,-0.26487853650546395f,-1.0029990772526758f,0.25757202437613735f,0.7374512592762034f,-2.167856005301488f,0.14857798107859693f,0.0651940407117932f,-2.183004818107068f,-0.7348585363510471f,0.458497120526846f,0f,0f,0f,1f], start_interpolation: 0, interpolation_duration: 1 }
$data merge entity $(bone_sword_right) { transformation: [-2.646279785864822f,0.02405656644433021f,-0.3062320996731953f,-1.0198840205658306f,0.2977848748426353f,0.8525841712740482f,-2.506307627076934f,1.124916700247747f,0.07537231304862776f,-2.5238215140615563f,-0.8495866653390023f,1.5309912678711195f,0f,0f,0f,1f], start_interpolation: 0, interpolation_duration: 1 }
$data merge entity $(bone_right_hand) { transformation: [-0.9933302458344369f,0.00903007882527039f,-0.11494990381425585f,-1.2486623091355291f,0.11177908115129366f,0.32003329692118254f,-0.9407890974489078f,0.0753054214963858f,0.02829239699053049f,-0.9473632600740687f,-0.31890812741973606f,0.9591836077752465f,0f,0f,0f,1f], start_interpolation: 0, interpolation_duration: 1 }
$data merge entity $(bone_right_arm_low) { transformation: [-0.9933302458344369f,0.00903007882527039f,-0.11494990381425585f,-1.181141274439802f,0.11177908115129366f,0.32003329692118254f,-0.9407890974489078f,0.3589528665503341f,0.02829239699053049f,-0.9473632600740687f,-0.31890812741973606f,0.00008619390740299826f,0f,0f,0f,1f], start_interpolation: 0, interpolation_duration: 1 }
$data merge entity $(bone_right_arm) { transformation: [-1.0993127886385374f,0.11716173151419895f,-0.050561842711528374f,-1.031f,0.12370525706549665f,1.0860754506789012f,-0.17294248564482068f,1.4595000000000002f,0.03131103071043765f,-0.17744075810039917f,-1.0919278251123714f,-0.1811737500000001f,0f,0f,0f,1f], start_interpolation: 0, interpolation_duration: 1 }