# This file was generated by Animated Java via MC-Build. It is not recommended to edit this file directly.
$data merge entity $(bone_barrel1) { transformation: [0.1597759904109451f,-1.3073273993498402f,-0.2077124973976336f,1.6592543437489806f,-0.7669664067523536f,-0.2619508547491092f,1.0587360664430827f,-1.0179244388817918f,-1.078893850932223f,-0.007389071874833271f,-0.7833972413885844f,-0.008093926790442851f,0f,0f,0f,1f], start_interpolation: 0, interpolation_duration: 1 }
$data merge entity $(bone_barrel2) { transformation: [0.1597759904109451f,-1.3073273993498402f,-0.2077124973976336f,1.291568512681838f,-0.7669664067523536f,-0.2619508547491092f,1.0587360664430827f,-1.0915981167799789f,-1.078893850932223f,-0.007389071874833271f,-0.7833972413885844f,-0.010172103255239706f,0f,0f,0f,1f], start_interpolation: 0, interpolation_duration: 1 }
$data merge entity $(bone_drillhead_right1) { transformation: [-0.11494990381425607f,0.00903007882527039f,0.9933302458344369f,-1.1806250764318516f,-0.9407890974489078f,0.32003329692118254f,-0.11177908115129387f,-0.36341923530367237f,-0.31890812741973606f,-0.9473632600740687f,-0.028292396990530558f,1.7016403351490514f,0f,0f,0f,1f], start_interpolation: 0, interpolation_duration: 1 }
$data merge entity $(bone_drillhead_right2) { transformation: [-0.8737280594091646f,0.00903007882527039f,-0.48633089134611307f,-1.3374750960254684f,0.46329480618200164f,0.32003329692118254f,-0.8263997891012194f,-0.08272045531066699f,0.14817962331534312f,-0.9473632600740687f,-0.2838056600844237f,1.7949694642049185f,0f,0f,0f,1f], start_interpolation: 0, interpolation_duration: 1 }
$data merge entity $(bone_drillhead_right3) { transformation: [0.9617069068925176f,0.00903007882527039f,-0.27393116454984845f,-0.9605447157445173f,0.25675399570480445f,0.32003329692118254f,0.9119517939844055f,-0.1250123058993027f,0.0959020903048729f,-0.9473632600740687f,0.3054597232647676f,1.7842754783199148f,0f,0f,0f,1f], start_interpolation: 0, interpolation_duration: 1 }
$data merge entity $(bone_drill_right) { transformation: [-0.17573603559654702f,0.013805233421000344f,1.5186086603705187f,-1.1517592393001432f,-1.4382834681208347f,0.48926863784679553f,-0.17088846473412098f,0.02160216341453098f,-0.487548472618316f,-1.4483340835522283f,-0.043253569769606814f,1.1179489256308925f,0f,0f,0f,1f], start_interpolation: 0, interpolation_duration: 1 }
$data merge entity $(bone_barrel3) { transformation: [-0.15326653841900778f,-1.3244403277792491f,0.01204010510036078f,-0.9842859746673929f,-1.2543854632652105f,0.14903877486839162f,0.4267110625615764f,-0.5390370052773872f,-0.42521083655964775f,0.0377231959873737f,-1.2631510134320916f,1.1885815151149952f,0f,0f,0f,1f], start_interpolation: 0, interpolation_duration: 1 }
$data merge entity $(bone_barrel4) { transformation: [-0.15326653841900778f,-1.3244403277792491f,0.01204010510036078f,-1.3567848168553067f,-1.2543854632652105f,0.14903877486839162f,0.4267110625615764f,-0.49711984984565216f,-0.42521083655964775f,0.0377231959873737f,-1.2631510134320916f,1.1991911639864439f,0f,0f,0f,1f], start_interpolation: 0, interpolation_duration: 1 }
$data merge entity $(bone_blaster_right) { transformation: [-0.19809019970392525f,-1.7117803516151342f,0.01556130156255248f,-1.3857517395995578f,-1.6212375479153522f,0.1926260029217614f,0.5515051130574363f,-2.2035780370339317f,-0.5495661375224724f,0.04875555684685857f,-1.6325666325347574f,0.29402687860696786f,0f,0f,0f,1f], start_interpolation: 0, interpolation_duration: 1 }
$data merge entity $(bone_rocket_right) { transformation: [-2.2889263327126663f,0.020807969249209277f,-0.26487853650546395f,-1.0029990772526758f,0.25757202437613735f,0.7374512592762034f,-2.167856005301488f,0.14857798107859693f,0.0651940407117932f,-2.183004818107068f,-0.7348585363510471f,0.333497120526846f,0f,0f,0f,1f], start_interpolation: 0, interpolation_duration: 1 }
$data merge entity $(bone_sword_right) { transformation: [-2.646279785864822f,0.02405656644433021f,-0.3062320996731953f,-1.0198840205658306f,0.2977848748426353f,0.8525841712740482f,-2.506307627076934f,1.1249167002477471f,0.07537231304862776f,-2.5238215140615563f,-0.8495866653390023f,1.4059912678711197f,0f,0f,0f,1f], start_interpolation: 0, interpolation_duration: 1 }
$data merge entity $(bone_right_hand) { transformation: [-0.9933302458344369f,0.00903007882527039f,-0.11494990381425585f,-1.2486623091355291f,0.11177908115129366f,0.32003329692118254f,-0.9407890974489078f,0.0753054214963858f,0.02829239699053049f,-0.9473632600740687f,-0.31890812741973606f,0.8341836077752465f,0f,0f,0f,1f], start_interpolation: 0, interpolation_duration: 1 }
$data merge entity $(bone_right_arm_low) { transformation: [-0.9933302458344369f,0.00903007882527039f,-0.11494990381425585f,-1.181141274439802f,0.11177908115129366f,0.32003329692118254f,-0.9407890974489078f,0.3589528665503341f,0.02829239699053049f,-0.9473632600740687f,-0.31890812741973606f,-0.12491380609259703f,0f,0f,0f,1f], start_interpolation: 0, interpolation_duration: 1 }
$data merge entity $(bone_right_arm) { transformation: [-1.0993127886385374f,0.11716173151419895f,-0.050561842711528374f,-1.031f,0.12370525706549665f,1.0860754506789012f,-0.17294248564482068f,1.4595000000000002f,0.03131103071043765f,-0.17744075810039917f,-1.0919278251123714f,-0.30617375000000013f,0f,0f,0f,1f], start_interpolation: 0, interpolation_duration: 1 }