# This file was generated by Animated Java via MC-Build. It is not recommended to edit this file directly.
$data merge entity $(text_display_ammo_left) { transformation: [-1f,1.368136703841374e-15f,8.665293146946319e-16f,0.11912499999999995f,1.5801474953939527e-15f,0.7071067811865475f,0.7071067811865477f,0.9107167224389782f,3.546899863589409e-16f,0.7071067811865477f,-0.7071067811865475f,0.3321193487677502f,0f,0f,0f,1f], start_interpolation: 0, interpolation_duration: 1 }
$data merge entity $(text_display_ammo_right) { transformation: [-1f,1.368136703841374e-15f,8.665293146946319e-16f,-0.19337500000000005f,1.5801474953939527e-15f,0.7071067811865475f,0.7071067811865477f,0.9107167224389782f,3.546899863589409e-16f,0.7071067811865477f,-0.7071067811865475f,0.3321193487677502f,0f,0f,0f,1f], start_interpolation: 0, interpolation_duration: 1 }
$data merge entity $(text_display_health) { transformation: [-1f,1.368136703841374e-15f,8.665293146946319e-16f,-0.03712500000000006f,1.5801474953939527e-15f,0.7071067811865475f,0.7071067811865477f,0.91955555720381f,3.546899863589409e-16f,0.7071067811865477f,-0.7071067811865475f,0.340958183532582f,0f,0f,0f,1f], start_interpolation: 0, interpolation_duration: 1 }
$data merge entity $(bone_barrel1) { transformation: [0.14297151000642078f,-1.3035753509166836f,-0.2408904929354966f,1.6857840751705664f,-0.6555276196591623f,-0.28011314988191727f,1.1267643679603117f,-1.0179056805507556f,-1.152224138337786f,-0.002388623757140827f,-0.6709333851330325f,-0.10747787154836723f,0f,0f,0f,1f], start_interpolation: 0, interpolation_duration: 1 }
$data merge entity $(bone_barrel2) { transformation: [0.14297151000642078f,-1.3035753509166836f,-0.2408904929354966f,1.319153507725249f,-0.6555276196591623f,-0.28011314988191727f,1.1267643679603117f,-1.0966875039550448f,-1.152224138337786f,-0.002388623757140827f,-0.6709333851330325f,-0.10814967198006309f,0f,0f,0f,1f], start_interpolation: 0, interpolation_duration: 1 }
$data merge entity $(bone_drillhead_right1) { transformation: [-0.10263456264609616f,-0.009303130117582215f,0.9946756246739235f,-1.1391587730630992f,-0.9696288379237794f,0.22410916751614515f,-0.09795405913897243f,-0.14690457462098516f,-0.22200464683655943f,-0.9745196420828242f,-0.03202192963796522f,1.9632730898974537f,0f,0f,0f,1f], start_interpolation: 0, interpolation_duration: 1 }
$data merge entity $(bone_drillhead_right2) { transformation: [-0.8796839044114187f,-0.009303130117582215f,-0.47546785389708257f,-1.299660890647744f,0.46155864218174214f,0.22410916751614515f,-0.8583348419250887f,0.1391242739478903f,0.11454190563644678f,-0.9745196420828242f,-0.1928512873898839f,2.0305830304977426f,0f,0f,0f,1f], start_interpolation: 0, interpolation_duration: 1 }
$data merge entity $(bone_drillhead_right3) { transformation: [0.9582369978368145f,-0.009303130117582215f,-0.28582391038313115f,-0.9222216124056722f,0.2805631414519485f,0.22410916751614515f,0.9333056330558787f,0.10208202528425914f,0.05537309486838152f,-0.9745196420828242f,0.2173598112795038f,2.0184612899829415f,0f,0f,0f,1f], start_interpolation: 0, interpolation_duration: 1 }
$data merge entity $(bone_drill_right) { transformation: [-0.15690827531056614f,-0.014222675715714493f,1.5206654828277946f,-1.124900857295815f,-1.4823738195740794f,0.3426193092233401f,-0.14975269619614806f,0.17843264578292833f,-0.3394019066089024f,-1.489850907464283f,-0.0489552994826401f,1.3438194754699007f,0f,0f,0f,1f], start_interpolation: 0, interpolation_duration: 1 }
$data merge entity $(bone_barrel3) { transformation: [0.1368460835281279f,1.326234166231898f,-0.012404173490109943f,-1.3373653676606734f,1.2928384505650392f,-0.1306054121852962f,0.2988122233548599f,-0.3241808446571254f,0.29600619578207893f,-0.042695906183953844f,-1.2993595227770989f,1.4496184400141428f,0f,0f,0f,1f], start_interpolation: 0, interpolation_duration: 1 }
$data merge entity $(bone_barrel4) { transformation: [0.1368460835281279f,1.326234166231898f,-0.012404173490109943f,-0.9644606971751306f,1.2928384505650392f,-0.1306054121852962f,0.2988122233548599f,-0.3585362387715827f,0.29600619578207893f,-0.042695906183953844f,-1.2993595227770989f,1.427272390221736f,0f,0f,0f,1f], start_interpolation: 0, interpolation_duration: 1 }
$data merge entity $(bone_blaster_right) { transformation: [0.10263456264609594f,0.9946756246739235f,-0.009303130117582457f,-1.1575910785491101f,0.9696288379237794f,-0.09795405913897215f,0.22410916751614496f,-0.2818380413521364f,0.2220046468365592f,-0.032021929637965386f,-0.9745196420828242f,1.0518661408650238f,0f,0f,0f,1f], start_interpolation: 0, interpolation_duration: 1 }
$data merge entity $(bone_rocket_right) { transformation: [-2.2920264830061754f,-0.021437160090598324f,-0.23650035229698674f,-0.9889261207886881f,0.22571508951782926f,0.5164137275404355f,-2.2343112870955912f,0.2289715379907362f,0.07378798569758564f,-2.2455811447030922f,-0.5115642901841859f,0.5484744119779161f,0f,0f,0f,1f], start_interpolation: 0, interpolation_duration: 1 }
$data merge entity $(bone_sword_right) { transformation: [-2.6498639401198583f,-0.02478398828452804f,-0.2734234355597275f,-1.008619866249245f,0.2609543479924137f,0.5970376542061073f,-2.5831380896227816f,1.3069532147773528f,0.0853079682821384f,-2.5961674282913445f,-0.5914311093971915f,1.5186979701588719f,0f,0f,0f,1f], start_interpolation: 0, interpolation_duration: 1 }
$data merge entity $(bone_right_hand) { transformation: [-0.9946756246739235f,-0.009303130117582215f,-0.10263456264609594f,-1.226528801732997f,0.0979540591389722f,0.22410916751614515f,-0.9696288379237794f,0.20200727138764288f,0.03202192963796517f,-0.9745196420828242f,-0.22200464683655943f,1.0576150058561045f,0f,0f,0f,1f], start_interpolation: 0, interpolation_duration: 1 }
$data merge entity $(bone_right_arm_low) { transformation: [-0.9946756246739235f,-0.009303130117582215f,-0.10263456264609594f,-1.1768720353911495f,0.0979540591389722f,0.22410916751614515f,-0.9696288379237794f,0.38969340902248417f,0.03202192963796517f,-0.9745196420828242f,-0.22200464683655943f,0.07415634795726492f,0f,0f,0f,1f], start_interpolation: 0, interpolation_duration: 1 }
$data merge entity $(bone_right_arm) { transformation: [-1.100801711552154f,0.09767281562474722f,-0.058886258718061926f,-1.0465f,0.10840518585042223f,1.0736090825222477f,-0.24573121930373606f,1.4780000000000002f,0.035438482735746506f,-0.2501910021317704f,-1.077460233571391f,-0.1811737500000001f,0f,0f,0f,1f], start_interpolation: 0, interpolation_duration: 1 }