# This file was generated by Animated Java via MC-Build. It is not recommended to edit this file directly.
$data merge entity $(bone_barrel1) { transformation: [0.1356951466770368f,-1.302165970520633f,-0.2524448259801187f,1.6931002877279937f,-0.614096748842149f,-0.28660288351606783f,1.1482690224853904f,-1.011147914064674f,-1.1756911958535612f,-0.0005917399008298381f,-0.628909881949783f,-0.31365291957193947f,0f,0f,0f,1f], start_interpolation: 0, interpolation_duration: 1 }
$data merge entity $(bone_barrel2) { transformation: [0.1356951466770368f,-1.302165970520633f,-0.2524448259801187f,1.3268661085190656f,-0.614096748842149f,-0.28660288351606783f,1.1482690224853904f,-1.091754975053568f,-1.1756911958535612f,-0.0005917399008298381f,-0.628909881949783f,-0.31381934641904785f,0f,0f,0f,1f], start_interpolation: 0, interpolation_duration: 1 }
$data merge entity $(bone_drillhead_right1) { transformation: [-0.09761925876439204f,-0.015248909162291852f,0.9951070048430223f,-1.1262077175741003f,-0.9775578743435367f,0.18902752221475075f,-0.09300106533958527f,-0.06455673839362941f,-0.18668444666665876f,-0.9818533834614576f,-0.03335941783142132f,1.8823228444946696f,0f,0f,0f,1f], start_interpolation: 0, interpolation_duration: 1 }
$data merge entity $(bone_drillhead_right2) { transformation: [-0.8820017214241849f,-0.015248909162291852f,-0.4709993993352167f,-1.2881750003793637f,0.46001698345829345f,0.18902752221475075f,-0.8675557450534714f,0.22271885219850182f,0.10226112817051675f,-0.9818533834614576f,-0.15970784279609146f,1.9401449373055346f,0f,0f,0f,1f], start_interpolation: 0, interpolation_duration: 1 }
$data merge entity $(bone_drillhead_right3) { transformation: [0.9567162674419718f,-0.015248909162291852f,-0.290622529032527f,-0.9105726885393077f,0.28817342192031814f,0.18902752221475075f,0.9387356788489964f,0.18755702923305595f,0.04062096146863231f,-0.9818533834614576f,0.18524003583095044f,1.9275111002852854f,0f,0f,0f,1f], start_interpolation: 0, interpolation_duration: 1 }
$data merge entity $(bone_drill_right) { transformation: [-0.1492408515699875f,-0.023312614925569745f,1.5213249791669554f,-1.1168706215385937f,-1.4944957734015516f,0.2889862998609896f,-0.14218053244692855f,0.23848267202767065f,-0.28540419327140737f,-1.5010627710083702f,-0.051000058677523503f,1.2515690811775841f,0f,0f,0f,1f], start_interpolation: 0, interpolation_duration: 1 }
$data merge entity $(bone_barrel3) { transformation: [-0.13015901168585575f,-1.3268093397906964f,-0.020331878883055536f,-0.934632948449921f,-1.3034104991247155f,0.12400142045278012f,0.25203669628633396f,-0.30367721218920996f,-0.2489125955555447f,0.04447922377522809f,-1.3091378446152766f,1.3937120549353845f,0f,0f,0f,1f], start_interpolation: 0, interpolation_duration: 1 }
$data merge entity $(bone_barrel4) { transformation: [-0.13015901168585575f,-1.3268093397906964f,-0.020331878883055536f,-1.3077980752660543f,-1.3034104991247155f,0.12400142045278012f,0.25203669628633396f,-0.26880181268686565f,-0.2489125955555447f,0.04447922377522809f,-1.3091378446152766f,1.4062218366221675f,0f,0f,0f,1f], start_interpolation: 0, interpolation_duration: 1 }
$data merge entity $(bone_blaster_right) { transformation: [-0.168224746797825f,-1.7148421945150218f,-0.026278051229223845f,-1.3111023770898256f,-1.6846002312777963f,0.1602663333721857f,0.325746245821689f,-2.0822634752236904f,-0.32170848425911375f,0.05748742296392728f,-1.6920025711733904f,0.7402587063661824f,0f,0f,0f,1f], start_interpolation: 0, interpolation_duration: 1 }
$data merge entity $(bone_rocket_right) { transformation: [-2.2930205103526706f,-0.035137991491835455f,-0.22494361054918538f,-0.9849271703484616f,0.21430192860712302f,0.4355752530633067f,-2.2525821293762207f,0.2613482381871053f,0.07686995361161233f,-2.262480251348896f,-0.4301761148169346f,0.454270410548384f,0f,0f,0f,1f], start_interpolation: 0, interpolation_duration: 1 }
$data merge entity $(bone_sword_right) { transformation: [-2.651013157740379f,-0.040623831038955005f,-0.2600624236125134f,-1.006816413987818f,0.247759333116146f,0.5035784555103364f,-2.6042614258817753f,1.3732237297441126f,0.08887110147476815f,-2.6157048697881904f,-0.49733638900156785f,1.3854094142610551f,0f,0f,0f,1f], start_interpolation: 0, interpolation_duration: 1 }
$data merge entity $(bone_right_hand) { transformation: [-0.9951070048430223f,-0.015248909162291852f,-0.09761925876439181f,-1.2199782633052967f,0.09300106533958505f,0.18902752221475075f,-0.9775578743435367f,0.2511821105610972f,0.03335941783142128f,-0.9818533834614576f,-0.18668444666665876f,0.9652047346536343f,0f,0f,0f,1f], start_interpolation: 0, interpolation_duration: 1 }
$data merge entity $(bone_right_arm_low) { transformation: [-0.9951070048430223f,-0.015248909162291852f,-0.09761925876439181f,-1.1760835865012869f,0.09300106533958505f,0.18902752221475075f,-0.9775578743435367f,0.40384838261888834f,0.03335941783142128f,-0.9818533834614576f,-0.18668444666665876f,-0.024567501380620138f,0f,0f,0f,1f], start_interpolation: 0, interpolation_duration: 1 }
$data merge entity $(bone_right_arm) { transformation: [-1.1012791174689112f,0.09055118502924388f,-0.0612924697717707f,-1.0529375f,0.10292373650510431f,1.0678938633366162f,-0.271627280746711f,1.4865000000000002f,0.03691867311742992f,-0.2759984747635833f,-1.0710900205106253f,-0.30617375000000013f,0f,0f,0f,1f], start_interpolation: 0, interpolation_duration: 1 }