# This file was generated by Animated Java via MC-Build. It is not recommended to edit this file directly.
$data merge entity $(bone_barrel1) { transformation: [0.13090302263295717f,-1.3012854896440504f,-0.2594190642284722f,1.6960936340425283f,-0.5883359054227146f,-0.290574579659934f,1.1606916273600254f,-1.0039421600485543f,-1.1893288186341768f,0.0005156307529337258f,-0.6027225506557198f,-0.3635831819352936f,0f,0f,0f,1f], start_interpolation: 0, interpolation_duration: 1 }
$data merge entity $(bone_barrel2) { transformation: [0.13090302263295717f,-1.3012854896440504f,-0.2594190642284722f,1.330107090080139f,-0.5883359054227146f,-0.290574579659934f,1.1606916273600254f,-1.0856662605779108f,-1.1893288186341768f,0.0005156307529337258f,-0.6027225506557198f,-0.363438160786031f,0f,0f,0f,1f], start_interpolation: 0, interpolation_duration: 1 }
$data merge entity $(bone_drillhead_right1) { transformation: [-0.09440346563259916f,-0.018722664883643117f,0.9953579494313639f,-1.1196799667361457f,-0.9817822887998685f,0.1673598546358345f,-0.08996786345781431f,-0.011575274600765628f,-0.16489852356963736f,-0.9857180838738464f,-0.03418093106728685f,1.908029000608006f,0f,0f,0f,1f], start_interpolation: 0, interpolation_duration: 1 }
$data merge entity $(bone_drillhead_right2) { transformation: [-0.8834641947465988f,-0.018722664883643117f,-0.4681244262163629f,-1.2825818379333003f,0.45883128374563237f,0.1673598546358345f,-0.8726193512136936f,0.27628969538639464f,0.09468299560680998f,-0.9857180838738464f,-0.1392658948450541f,1.9599982172767538f,0f,0f,0f,1f], start_interpolation: 0, interpolation_duration: 1 }
$data merge entity $(bone_drillhead_right3) { transformation: [0.9557174792574844f,-0.018722664883643117f,-0.29368956682418085f,-0.9048847241633474f,0.29259234848074284f,0.1673598546358345f,0.9414777727948739f,0.242279358674359f,0.03152487037631899f,-0.9857180838738464f,0.16542684688958184f,1.9470498279698276f,0f,0f,0f,1f], start_interpolation: 0, interpolation_duration: 1 }
$data merge entity $(bone_drill_right) { transformation: [-0.1443245296112231f,-0.028623311488548384f,1.5217086246128952f,-1.1132690539724217f,-1.5009540811046367f,0.25586065229980975f,-0.1375433569802336f,0.27757145613038786f,-0.2520977560335976f,-1.506971145932624f,-0.05225599256237808f,1.2707508479348166f,0f,0f,0f,1f], start_interpolation: 0, interpolation_duration: 1 }
$data merge entity $(bone_barrel3) { transformation: [-0.1258712875101319f,-1.3271439325751517f,-0.024963553178190552f,-0.9285621414151987f,-1.309043051733158f,0.1199571512770855f,0.223146472847779f,-0.2606466714439437f,-0.2198646980928495f,0.045574574756382116f,-1.3142907784984619f,1.4242341960202207f,0f,0f,0f,1f], start_interpolation: 0, interpolation_duration: 1 }
$data merge entity $(bone_barrel4) { transformation: [-0.1258712875101319f,-1.3271439325751517f,-0.024963553178190552f,-1.30182137245196f,-1.309043051733158f,0.1199571512770855f,0.223146472847779f,-0.22690872264726347f,-0.2198646980928495f,0.045574574756382116f,-1.3142907784984619f,1.4370520451704532f,0f,0f,0f,1f], start_interpolation: 0, interpolation_duration: 1 }
$data merge entity $(bone_blaster_right) { transformation: [-0.16268305356846224f,-1.7152746408413757f,-0.03226428472513901f,-1.300057724368658f,-1.691880055579686f,0.1550392949270451f,0.28840691403102175f,-2.0545584192118325f,-0.2841653657890301f,0.058903115500869074f,-1.6986625095559662f,0.8110692283498994f,0f,0f,0f,1f], start_interpolation: 0, interpolation_duration: 1 }
$data merge entity $(bone_rocket_right) { transformation: [-2.2935987608174235f,-0.043142550879164784f,-0.2175334731746469f,-0.9836485519280296f,0.2073125354131335f,0.385646545971353f,-2.262316428246047f,0.28341739592359816f,0.07876296279574828f,-2.271385662795953f,-0.37997491207661566f,0.4727649902577912f,0f,0f,0f,1f], start_interpolation: 0, interpolation_duration: 1 }
$data merge entity $(bone_sword_right) { transformation: [-2.6516816862527097f,-0.049878084178827976f,-0.25149539527941583f,-1.0071798541626127f,0.23967873669835055f,0.44585474180950385f,-2.615515470173475f,1.4153841165043066f,0.091059652441587f,-2.6260006184806475f,-0.4392976368848198f,1.3793319835132078f,0f,0f,0f,1f], start_interpolation: 0, interpolation_duration: 1 }
$data merge entity $(bone_right_hand) { transformation: [-0.9953579494313639f,-0.018722664883643117f,-0.09440346563259894f,-1.2172264902420116f,0.08996786345781409f,0.1673598546358345f,-0.9817822887998685f,0.2835908275201262f,0.03418093106728681f,-0.9857180838738464f,-0.16489852356963736f,0.9844754226846384f,0f,0f,0f,1f], start_interpolation: 0, interpolation_duration: 1 }
$data merge entity $(bone_right_arm_low) { transformation: [-0.9953579494313639f,-0.018722664883643117f,-0.09440346563259894f,-1.1766893915872132f,0.08996786345781409f,0.1673598546358345f,-0.9817822887998685f,0.4146469941648514f,0.03418093106728681f,-0.9857180838738464f,-0.16489852356963736f,-0.008532048242464563f,0f,0f,0f,1f], start_interpolation: 0, interpolation_duration: 1 }
$data merge entity $(bone_right_arm) { transformation: [-1.1015568363809856f,0.08615929438033672f,-0.06261861343263099f,-1.058f,0.09956690967622601f,1.0640638170452805f,-0.28744843413485854f,1.4935f,0.03782783702340176f,-0.2917477468309539f,-1.066875946630732f,-0.30617375000000013f,0f,0f,0f,1f], start_interpolation: 0, interpolation_duration: 1 }