# This file was generated by Animated Java via MC-Build. It is not recommended to edit this file directly.
$data merge entity $(bone_barrel1) { transformation: [0.129806960417077f,-1.3010929654454793f,-0.26093107533091064f,1.6944886002272925f,-0.5826571128019664f,-0.2914348695272098f,1.1633375191674649f,-0.9990232515874553f,-1.1922410073916825f,0.0007680297677618616f,-0.5969410089797147f,-0.2495428037809349f,0f,0f,0f,1f], start_interpolation: 0, interpolation_duration: 1 }
$data merge entity $(bone_barrel2) { transformation: [0.129806960417077f,-1.3010929654454793f,-0.26093107533091064f,1.3285562036957514f,-0.5826571128019664f,-0.2914348695272098f,1.1633375191674649f,-1.0809893086419833f,-1.1922410073916825f,0.0007680297677618616f,-0.5969410089797147f,-0.2493267954087519f,0f,0f,0f,1f], start_interpolation: 0, interpolation_duration: 1 }
$data merge entity $(bone_drillhead_right1) { transformation: [-0.09369569009999681f,-0.01946619408233464f,0.9954105609971367f,-1.1204956138872575f,-0.9826416187984779f,0.16259907223649575f,-0.0893140006546444f,0.0033158864781704933f,-0.16011423004153116f,-0.9865001819542557f,-0.034363124747728374f,2.038525429211245f,0f,0f,0f,1f], start_interpolation: 0, interpolation_duration: 1 }
$data merge entity $(bone_drillhead_right2) { transformation: [-0.8837836554655498f,-0.01946619408233464f,-0.46749066046275134f,-1.2836026847414357f,0.45855604463811533f,0.16259907223649575f,-0.8736634910728946f,0.291293753237529f,0.09302045075034504f,-0.9865001819542557f,-0.13477606147392399f,2.089209665029748f,0f,0f,0f,1f], start_interpolation: 0, interpolation_duration: 1 }
$data merge entity $(bone_drillhead_right3) { transformation: [0.955495232036115f,-0.01946619408233464f,-0.2943635997269364f,-0.9058856997209629f,0.2935252902950641f,0.16259907223649575f,0.942021467730449f,0.2575316340270705f,0.029525675495228408f,-0.9865001819542557f,0.1610764585244249f,2.0761915210558457f,0f,0f,0f,1f], start_interpolation: 0, interpolation_duration: 1 }
$data merge entity $(bone_drill_right) { transformation: [-0.1432424785431965f,-0.029760022954957808f,1.521789057459628f,-1.1147145205444746f,-1.5022678294612148f,0.24858234238012933f,-0.13654372798499056f,0.2893977628772919f,-0.24478350217290556f,-1.5081668217143185f,-0.05253453124791952f,1.3998595427531921f,0f,0f,0f,1f], start_interpolation: 0, interpolation_duration: 1 }
$data merge entity $(bone_barrel3) { transformation: [0.12492758679999545f,1.3272140813295155f,-0.025954925443113175f,-1.3207868134237983f,1.3101888250646372f,-0.11908533420619218f,0.21679876298199408f,-0.20781661041481525f,0.21348564005537457f,-0.04581749966363808f,-1.3153335759390075f,1.538665115172826f,0f,0f,0f,1f], start_interpolation: 0, interpolation_duration: 1 }
$data merge entity $(bone_barrel4) { transformation: [0.12492758679999545f,1.3272140813295155f,-0.025954925443113175f,-0.9477143528699717f,1.3101888250646372f,-0.11908533420619218f,0.21679876298199408f,-0.23958448937713803f,0.21348564005537457f,-0.04581749966363808f,-1.3153335759390075f,1.5153140261497342f,0f,0f,0f,1f], start_interpolation: 0, interpolation_duration: 1 }
$data merge entity $(bone_blaster_right) { transformation: [0.09369569009999659f,0.9954105609971367f,-0.01946619408233488f,-1.1446362226639348f,0.9826416187984779f,-0.08931400065464414f,0.16259907223649556f,-0.18855251525788325f,0.16011423004153094f,-0.03436312474772856f,-0.9865001819542557f,1.1375186786830587f,0f,0f,0f,1f], start_interpolation: 0, interpolation_duration: 1 }
$data merge entity $(bone_rocket_right) { transformation: [-2.2937199934072976f,-0.0448558618038675f,-0.21590254925884253f,-0.9855891874213942f,0.20580584235266025f,0.37467629690880944f,-2.2642965784232465f,0.2915100413752944f,0.07918279085853532f,-2.2731878478180243f,-0.3689504864278126f,0.6017747945965543f,0f,0f,0f,1f], start_interpolation: 0, interpolation_duration: 1 }
$data merge entity $(bone_sword_right) { transformation: [-2.6518218460068206f,-0.051858881901386794f,-0.24960984705141245f,-1.009496280988572f,0.2379368145873371f,0.4331717873931828f,-2.617804766824054f,1.4278064817945386f,0.09154502521231112f,-2.628084165568265f,-0.4265520476850911f,1.5028990603418455f,0f,0f,0f,1f], start_interpolation: 0, interpolation_duration: 1 }
$data merge entity $(bone_right_hand) { transformation: [-0.9954105609971367f,-0.01946619408233464f,-0.09369569009999659f,-1.2188527499982613f,0.08931400065464418f,0.16259907223649575f,-0.9826416187984779f,0.29395410659561244f,0.03436312474772834f,-0.9865001819542557f,-0.16011423004153116f,1.1136228061382099f,0f,0f,0f,1f], start_interpolation: 0, interpolation_duration: 1 }
$data merge entity $(bone_right_arm_low) { transformation: [-0.9954105609971367f,-0.01946619408233464f,-0.09369569009999659f,-1.1790337743338999f,0.08931400065464418f,0.16259907223649575f,-0.9826416187984779f,0.4202635032037405f,0.03436312474772834f,-0.9865001819542557f,-0.16011423004153116f,0.1199713591984232f,0f,0f,0f,1f], start_interpolation: 0, interpolation_duration: 1 }
$data merge entity $(bone_right_arm) { transformation: [-1.1016150612939255f,0.08520531282885169f,-0.06289904554241268f,-1.0613125f,0.09884328352615757f,1.0631913069867098f,-0.290905875814992f,1.49825f,0.038029469706749926f,-0.295188546437116f,-1.0659218827006949f,-0.1811737500000001f,0f,0f,0f,1f], start_interpolation: 0, interpolation_duration: 1 }