# This file was generated by Animated Java via MC-Build. It is not recommended to edit this file directly.
$data merge entity $(bone_foot) { transformation: [-1f,8.273593852918142e-17f,9.029043306084036e-17f,0.7819806249999998f,0f,0.7372773368101242f,-0.6755902076156604f,-2.043970828436924f,-1.2246467991473532e-16f,-0.6755902076156604f,-0.7372773368101242f,1.283336777790895f,0f,0f,0f,1f], start_interpolation: 0, interpolation_duration: 1 }
$data merge entity $(bone_leg_low) { transformation: [-1f,5.654789612090136e-17f,1.0862749776607362e-16f,0.8124999999999999f,0f,0.8870108331782218f,-0.461748613235034f,-1.157851459822879f,-1.2246467991473532e-16f,-0.461748613235034f,-0.8870108331782218f,0.5570892895724439f,0f,0f,0f,1f], start_interpolation: 0, interpolation_duration: 1 }
$data merge entity $(bone_bone4) { transformation: [-1f,-3.68258394847954e-17f,1.1679664110263902e-16f,0.8124999999999999f,0f,0.953716950748227f,0.30070579950427323f,-0.6235347814108938f,-1.2246467991473532e-16f,0.30070579950427323f,-0.953716950748227f,0.7098569675046005f,0f,0f,0f,1f], start_interpolation: 0, interpolation_duration: 1 }
$data merge entity $(bone_leg) { transformation: [-1f,1.0031719290535246e-16f,7.024285468436544e-17f,0.82267375f,0f,0.5735764363510463f,-0.8191520442889917f,-0.19707687500000004f,-1.2246467991473532e-16f,-0.8191520442889917f,-0.5735764363510463f,0.15753500000000012f,0f,0f,0f,1f], start_interpolation: 0, interpolation_duration: 1 }
$data merge entity $(bone_foot2) { transformation: [-1f,8.273593852918142e-17f,9.029043306084036e-17f,-0.7819806250000002f,0f,0.7372773368101242f,-0.6755902076156604f,-2.043970828436924f,-1.2246467991473532e-16f,-0.6755902076156604f,-0.7372773368101242f,1.2833367777908946f,0f,0f,0f,1f], start_interpolation: 0, interpolation_duration: 1 }
$data merge entity $(bone_leg_low2) { transformation: [-1f,5.654789612090136e-17f,1.0862749776607362e-16f,-0.8125000000000001f,0f,0.8870108331782218f,-0.461748613235034f,-1.157851459822879f,-1.2246467991473532e-16f,-0.461748613235034f,-0.8870108331782218f,0.5570892895724436f,0f,0f,0f,1f], start_interpolation: 0, interpolation_duration: 1 }
$data merge entity $(bone_bone3) { transformation: [-1f,-3.68258394847954e-17f,1.1679664110263902e-16f,-0.8125000000000001f,0f,0.953716950748227f,0.30070579950427323f,-0.6235347814108938f,-1.2246467991473532e-16f,0.30070579950427323f,-0.953716950748227f,0.7098569675046003f,0f,0f,0f,1f], start_interpolation: 0, interpolation_duration: 1 }
$data merge entity $(bone_leg2) { transformation: [-1f,1.0031719290535246e-16f,7.024285468436544e-17f,-0.82267375f,0f,0.5735764363510463f,-0.8191520442889917f,-0.19707687500000004f,-1.2246467991473532e-16f,-0.8191520442889917f,-0.5735764363510463f,0.1575349999999999f,0f,0f,0f,1f], start_interpolation: 0, interpolation_duration: 1 }
$data merge entity $(bone_hips) { transformation: [-1f,0f,1.2246467991473532e-16f,-1.3877787807814457e-17f,0f,1f,0f,0.199629375f,-1.2246467991473532e-16f,0f,-1f,0.125f,0f,0f,0f,1f], start_interpolation: 0, interpolation_duration: 1 }