# This file was generated by Animated Java via MC-Build. It is not recommended to edit this file directly.
$data merge entity $(bone_foot) { transformation: [-0.9998298384749449f,-0.018345379648813453f,-0.0019342028607588178f,0.7563448674122139f,-0.018445530506400788f,0.9928850691537499f,0.11763928704259768f,-1.7062669617754793f,-0.0002376962412502946f,0.11765494675998175f,-0.9930545085761421f,0.03618720058374794f,0f,0f,0f,1f], start_interpolation: 0, interpolation_duration: 1 }
$data merge entity $(bone_leg_low) { transformation: [-0.9997165369848058f,-0.02380826798194425f,-0.00010979438663558105f,0.7601325938932272f,-0.023731385623295156f,0.9960961185047834f,0.08502554931373729f,-0.5685958983466093f,-0.0019149453010121557f,0.08500405328808874f,-0.9963787652841113f,-0.10260972442427219f,0f,0f,0f,1f], start_interpolation: 0, interpolation_duration: 1 }
$data merge entity $(bone_bone4) { transformation: [-0.9997165369848058f,0.00843678693425498f,-0.022263564524428542f,0.7644582136204703f,-0.023731385623295156f,-0.42832362909935434f,0.9033137273901893f,-0.7918841171751222f,-0.0019149453010121557f,0.9035860165924354f,0.4284024318361293f,0.4063057268997817f,0f,0f,0f,1f], start_interpolation: 0, interpolation_duration: 1 }
$data merge entity $(bone_leg) { transformation: [-0.9997165369848058f,-0.02122941355126396f,0.01077764720970299f,0.7594806387597283f,-0.023731385623295156f,0.9249416800998402f,-0.3793675127768367f,-0.13457687500000004f,-0.0019149453010121557f,-0.37951574461984355f,-0.9251832967418618f,0.17188768141219746f,0f,0f,0f,1f], start_interpolation: 0, interpolation_duration: 1 }
$data merge entity $(bone_foot2) { transformation: [-0.9999724646051648f,0.0027216546239723963f,-0.0069038125394750155f,-0.6966608486840046f,0.0027753385804193593f,0.9999658967079039f,-0.007778362097599745f,-2.0305116102849365f,0.006882407081569548f,-0.007797308334620834f,-0.999945915765197f,-0.2426670045165875f,0f,0f,0f,1f], start_interpolation: 0, interpolation_duration: 1 }
$data merge entity $(bone_leg_low2) { transformation: [-0.9968815800235361f,-0.0773414917766005f,-0.01566553732076204f,-0.8174930494297854f,-0.07878832678652654f,0.9866218289676221f,0.14272268974050212f,-0.8930330256476561f,0.004417575348271429f,0.14351188192743558f,-0.9896387344752064f,-0.3141962333776152f,0f,0f,0f,1f], start_interpolation: 0, interpolation_duration: 1 }
$data merge entity $(bone_bone3) { transformation: [-0.9968815800235361f,-0.03413359162352331f,-0.07114782732210936f,-0.820934214386125f,-0.07878832678652654f,0.4810000788888744f,0.8731731349916096f,-0.8163081762213338f,0.004417575348271429f,0.8760558327137461f,-0.4821894472054187f,0.27766431099855055f,0f,0f,0f,1f], start_interpolation: 0, interpolation_duration: 1 }
$data merge entity $(bone_leg2) { transformation: [-0.9968815800235361f,-0.07756809066178985f,0.014501955759914054f,-0.8856162668466022f,-0.07878832678652654f,0.9680788129205374f,-0.23794077316959059f,-0.13457687500000004f,0.004417575348271429f,-0.23834135873877915f,-0.9711713966868026f,0.14317240811162893f,0f,0f,0f,1f], start_interpolation: 0, interpolation_duration: 1 }
$data merge entity $(bone_hips) { transformation: [-0.9998476951563913f,0f,0.017452406437283633f,-0.06250000000000003f,0f,1f,0f,0.262129375f,-0.017452406437283633f,0f,-0.9998476951563913f,0.125f,0f,0f,0f,1f], start_interpolation: 0, interpolation_duration: 1 }