# This file was generated by Animated Java via MC-Build. It is not recommended to edit this file directly.
$data merge entity $(bone_foot) { transformation: [-0.9945283297929388f,-0.02713339064070642f,0.10088201203191172f,0.7236292853831647f,-0.027341115303001477f,0.9996259327424672f,-0.0006767589971020116f,-2.0484086250119753f,-0.10082591260809859f,-0.0034312827180235095f,-0.9948981664701435f,1.065651387318494f,0f,0f,0f,1f], start_interpolation: 0, interpolation_duration: 1 }
$data merge entity $(bone_leg_low) { transformation: [-0.994446303826026f,0.03594360423176565f,0.09891716798203275f,0.8175322185507258f,-0.012493727722990209f,0.8929104104129764f,-0.45006100224715495f,-1.1525456355530872f,-0.10450098360464974f,-0.4487973443448169f,-0.8875023876783098f,0.3570004682566009f,0f,0f,0f,1f], start_interpolation: 0, interpolation_duration: 1 }
$data merge entity $(bone_bone4) { transformation: [-0.994446303826026f,-0.07343623878464742f,0.07539010306346405f,0.7746931032563493f,-0.012493727722990209f,0.7936350009421964f,0.6082658892680597f,-0.7281485985832844f,-0.10450098360464974f,0.6039458619053898f,-0.7901448856463078f,0.7139243703170357f,0f,0f,0f,1f], start_interpolation: 0, interpolation_duration: 1 }
$data merge entity $(bone_leg) { transformation: [-0.994446303826026f,0.06113883348826054f,0.08566558145749223f,0.8246395487771497f,-0.012493727722990209f,0.7396281936718989f,-0.6728997264773018f,-0.1905768750000001f,-0.10450098360464974f,-0.6702329282908581f,-0.7347566714636364f,0.2717124284824527f,0f,0f,0f,1f], start_interpolation: 0, interpolation_duration: 1 }
$data merge entity $(bone_foot2) { transformation: [-0.9895611222080053f,-0.01031368623154015f,0.14374426350554137f,-0.6131869657959989f,0.002492965962802386f,0.9960615265794742f,0.08862968119583814f,-1.8985386881410438f,-0.14409222926702706f,0.08806283634135881f,-0.9856380503614772f,-1.0721367270370155f,0f,0f,0f,1f], start_interpolation: 0, interpolation_duration: 1 }
$data merge entity $(bone_leg_low2) { transformation: [-0.9898156708706509f,-0.08075670081272951f,0.11723179164683417f,-0.7063989394396017f,0.005687611872905155f,0.8004252597399889f,0.5994055844262336f,-0.8599399470132509f,-0.14224130472569013f,0.5939678096025195f,-0.791814152680993f,-0.5965333579108272f,0f,0f,0f,1f], start_interpolation: 0, interpolation_duration: 1 }
$data merge entity $(bone_bone3) { transformation: [-0.9898156708706509f,-0.14232298262395215f,-0.003017667295388481f,-0.7854970134433834f,0.005687611872905155f,-0.06071920122111505f,0.9981386825858685f,-0.8823921989988873f,-0.14224130472569013f,0.9879561464053412f,0.06091029477716729f,-0.047010744627702244f,0f,0f,0f,1f], start_interpolation: 0, interpolation_duration: 1 }
$data merge entity $(bone_leg2) { transformation: [-0.9898156708706509f,-0.006458208142831454f,0.14220840075912292f,-0.8046955424566212f,0.005687611872905155f,0.9963786256931593f,0.08483681590556322f,-0.1905768750000001f,-0.14224130472569013f,0.0847816360386794f,-0.9861944460503407f,0.042724314750561265f,0f,0f,0f,1f], start_interpolation: 0, interpolation_duration: 1 }
$data merge entity $(bone_hips) { transformation: [-0.9902680687415704f,0f,0.13917310096006555f,0.014499999999999978f,0f,1f,0f,0.20612937499999995f,-0.13917310096006555f,0f,-0.9902680687415704f,0.125f,0f,0f,0f,1f], start_interpolation: 0, interpolation_duration: 1 }