# This file was generated by Animated Java via MC-Build. It is not recommended to edit this file directly.
$data merge entity $(bone_foot) { transformation: [-0.9995151410338649f,-0.015316655648875455f,0.027108723757989367f,0.7272737025550621f,-0.015605775695593117f,0.9998232366287803f,-0.010485955468584746f,-2.103284564391516f,-0.026943322159526675f,-0.010903923921418368f,-0.9995774916604137f,0.4609916405125102f,0f,0f,0f,1f], start_interpolation: 0, interpolation_duration: 1 }
$data merge entity $(bone_leg_low) { transformation: [-0.9986008723510124f,0.050525129693610386f,0.01560477520635432f,0.8180738014335883f,0.046513962793217234f,0.9796404009414179f,-0.19529755786647574f,-1.0520927582601562f,-0.025154502679802702f,-0.1942984717201402f,-0.9806198829730867f,0.013414261065232247f,0f,0f,0f,1f], start_interpolation: 0, interpolation_duration: 1 }
$data merge entity $(bone_bone4) { transformation: [-0.9986008723510124f,0.01421080305185353f,0.050934770210715886f,0.8178652998799976f,0.046513962793217234f,0.6942446528858107f,0.7182345112877351f,-0.7806828346939757f,-0.025154502679802702f,0.7195987875309976f,-0.6939343167612121f,0.5235639182903471f,0f,0f,0f,1f], start_interpolation: 0, interpolation_duration: 1 }
$data merge entity $(bone_leg) { transformation: [-0.9986008723510124f,0.0528772045038995f,-0.000546793973805422f,0.8649002312191729f,0.046513962793217234f,0.873416576348409f,-0.48474729027101854f,-0.15657687500000006f,-0.025154502679802702f,-0.4840945004889817f,-0.8746540833902596f,0.21484256621705958f,0f,0f,0f,1f], start_interpolation: 0, interpolation_duration: 1 }
$data merge entity $(bone_foot2) { transformation: [-0.9963332037351837f,-0.01273982797216739f,0.08460404197214505f,-0.6906246666154368f,0.009617563911023228f,0.9659075307315929f,0.2587086093279734f,-1.624676172826057f,-0.08501558444898374f,0.25857366234641177f,-0.9622432184960106f,-0.7685836506814225f,0f,0f,0f,1f], start_interpolation: 0, interpolation_duration: 1 }
$data merge entity $(bone_leg_low2) { transformation: [-0.996564143174076f,-0.030946109672065705f,0.07682608174236272f,-0.7376842808533326f,0.01738104103263213f,0.8287823495958466f,0.5593010963792306f,-0.5633481382666196f,-0.08098029360493623f,0.5587147351686297f,-0.8253968965007719f,-0.33853414470224547f,0f,0f,0f,1f], start_interpolation: 0, interpolation_duration: 1 }
$data merge entity $(bone_bone3) { transformation: [-0.996564143174076f,-0.07869014715945594f,-0.0258412321637898f,-0.7810858167387467f,0.01738104103263213f,-0.5037454866477277f,0.8636772453264389f,-0.8536461627912749f,-0.08098029360493623f,0.8602606264511161f,0.5033824059555431f,0.13326869578291894f,0f,0f,0f,1f], start_interpolation: 0, interpolation_duration: 1 }
$data merge entity $(bone_leg2) { transformation: [-0.996564143174076f,0.024898616871265808f,0.07899346439812369f,-0.7764392849657031f,0.01738104103263213f,0.9953763766752973f,-0.0944656983744815f,-0.15657687500000006f,-0.08098029360493623f,-0.0927681391138923f,-0.9923891698386292f,0.1000689265333472f,0f,0f,0f,1f], start_interpolation: 0, interpolation_duration: 1 }
$data merge entity $(bone_hips) { transformation: [-0.9975640502598242f,0f,0.06975647374412541f,0.04649999999999999f,0f,1f,0f,0.24012937499999998f,-0.06975647374412541f,0f,-0.9975640502598242f,0.125f,0f,0f,0f,1f], start_interpolation: 0, interpolation_duration: 1 }