# This file was generated by Animated Java via MC-Build. It is not recommended to edit this file directly.
$data merge entity $(bone_foot) { transformation: [-0.9998313960199577f,-0.011770399730856296f,0.014093871822825928f,0.7138254897115526f,-0.011947226550862607f,0.9998501378169233f,-0.012528594702608364f,-2.0963256514858495f,-0.013944293116710953f,-0.012694865011323275f,-0.9998221827364204f,0.2871252295055525f,0f,0f,0f,1f], start_interpolation: 0, interpolation_duration: 1 }
$data merge entity $(bone_leg_low) { transformation: [-0.998163012714855f,0.06057741596230648f,-0.0009882931417552546f,0.8119844827490287f,0.06028360660580103f,0.9914310988231343f,-0.1158890118214399f,-1.0136696968423313f,-0.0060404323190782275f,-0.1157357030552047f,-0.9932616776135665f,-0.07591096399001995f,0f,0f,0f,1f], start_interpolation: 0, interpolation_duration: 1 }
$data merge entity $(bone_bone4) { transformation: [-0.998163012714855f,0.03508119674575448f,0.04939544192423031f,0.8221402206462011f,0.06028360660580103f,0.6563793267537398f,0.7520186607956645f,-0.7911205071065299f,-0.0060404323190782275f,0.7536149474666709f,-0.6572883873401428f,0.4669286368002068f,0f,0f,0f,1f], start_interpolation: 0, interpolation_duration: 1 }
$data merge entity $(bone_leg) { transformation: [-0.998163012714855f,0.05714255319727989f,-0.020132775817069563f,0.8727810538809364f,0.06028360660580103f,0.9036180748253966f,-0.42407577344554964f,-0.148076875f,-0.0060404323190782275f,-0.4245104279790311f,-0.9054028991087109f,0.20054582929545867f,0f,0f,0f,1f], start_interpolation: 0, interpolation_duration: 1 }
$data merge entity $(bone_foot2) { transformation: [-0.9975223604239976f,-0.0056591999963455965f,0.07012213566013024f,-0.71201450917309f,0.011356671801773183f,0.9707318823061277f,0.23989714187540753f,-1.6218149343100818f,-0.0694274186451085f,0.24009911730325872f,-0.9682624888998195f,-0.602308878438397f,0f,0f,0f,1f], start_interpolation: 0, interpolation_duration: 1 }
$data merge entity $(bone_leg_low2) { transformation: [-0.9976283954575935f,-0.01414197105174506f,0.0673616302614404f,-0.7424878126291411f,0.020156336642196994f,0.8757361334148495f,0.48236909802015293f,-0.5258319277377119f,-0.0658126634461319f,0.4825828729724886f,-0.87337418329359f,-0.26844212521487265f,0f,0f,0f,1f], start_interpolation: 0, interpolation_duration: 1 }
$data merge entity $(bone_bone3) { transformation: [-0.9976283954575935f,-0.06630723298660662f,-0.018464436909022268f,-0.7789415952218083f,0.020156336642196994f,-0.5379397381297624f,0.8427422857754613f,-0.8420850483922093f,-0.0658126634461319f,0.8403714589361911f,0.5380004687131634f,0.18728816591328418f,0f,0f,0f,1f], start_interpolation: 0, interpolation_duration: 1 }
$data merge entity $(bone_leg2) { transformation: [-0.9976283954575935f,0.029837097889697295f,0.06202686648725711f,-0.7703115545536647f,0.020156336642196994f,0.9882955130037019f,-0.15121409018314463f,-0.148076875f,-0.0658126634461319f,-0.1496052357582127f,-0.9865530734653132f,0.11443499453102146f,0f,0f,0f,1f], start_interpolation: 0, interpolation_duration: 1 }
$data merge entity $(bone_hips) { transformation: [-0.9986295347545738f,0f,0.05233595624294395f,0.052937499999999985f,0f,1f,0f,0.24862937500000004f,-0.05233595624294395f,0f,-0.9986295347545738f,0.125f,0f,0f,0f,1f], start_interpolation: 0, interpolation_duration: 1 }