# This file was generated by Animated Java via MC-Build. It is not recommended to edit this file directly.
$data merge entity $(bone_foot) { transformation: [-0.9999645016530622f,-0.007931443907174275f,0.0028438761032150393f,0.6978030517724065f,-0.00796964164874421f,0.9998746398015012f,-0.01368172115667406f,-2.082203556931003f,-0.0027350037904344763f,-0.013703900151625766f,-0.9999023566703403f,0.12113040886309434f,0f,0f,0f,1f], start_interpolation: 0, interpolation_duration: 1 }
$data merge entity $(bone_leg_low) { transformation: [-0.997346707049174f,0.07121720977236834f,-0.01508823947342627f,0.8045541314752732f,0.07173916734769253f,0.9967196854045356f,-0.03746145479480678f,-0.9755344719634959f,0.012370845016761882f,-0.03844447631743819f,-0.9991841594191979f,-0.1571897757919276f,0f,0f,0f,1f], start_interpolation: 0, interpolation_duration: 1 }
$data merge entity $(bone_bone4) { transformation: [-0.997346707049174f,0.05413507909209825f,0.04867174899118834f,0.8242582485240834f,0.07173916734769253f,0.6172586349806196f,0.7834827818210952f,-0.7995489580189623f,0.012370845016761882f,0.7848956432249795f,-0.6195044724939577f,0.41082170675310425f,0f,0f,0f,1f], start_interpolation: 0, interpolation_duration: 1 }
$data merge entity $(bone_leg) { transformation: [-0.997346707049174f,0.0622707294876892f,-0.03770811832006486f,0.8790371442541849f,0.07173916734769253f,0.9287359152895668f,-0.3637349193018321f,-0.1410768750000001f,0.012370845016761882f,-0.36547497301500903f,-0.9307389571159304f,0.1862260803824255f,0f,0f,0f,1f], start_interpolation: 0, interpolation_duration: 1 }
$data merge entity $(bone_foot2) { transformation: [-0.9984858692632039f,0.0018918826042569666f,0.054976264532210585f,-0.7308068900005711f,0.01312005011101179f,0.9787564093567785f,0.20460634259013435f,-1.6285588894955838f,-0.05342128009312789f,0.20501783318345387f,-0.9772992657881074f,-0.41753436073724065f,0f,0f,0f,1f], start_interpolation: 0, interpolation_duration: 1 }
$data merge entity $(bone_leg_low2) { transformation: [-0.9984565921743759f,0.0016378309600583816f,0.05551352135541629f,-0.7463955283857656f,0.022798962168469352f,0.9235454920770013f,0.3828105685430992f,-0.5022833690302216f,-0.05064228339611758f,0.3834853863890987f,-0.9221574255833067f,-0.20579199799249476f,0f,0f,0f,1f], start_interpolation: 0, interpolation_duration: 1 }
$data merge entity $(bone_bone3) { transformation: [-0.9984565921743759f,-0.0548952248760972f,-0.008423053444844366f,-0.7766377750239243f,0.022798962168469352f,-0.5434337075706663f,0.8391424270051185f,-0.8294215333123224f,-0.05064228339611758f,0.8376552511396338f,0.5438465218888735f,0.2431838056626348f,0f,0f,0f,1f], start_interpolation: 0, interpolation_duration: 1 }
$data merge entity $(bone_leg2) { transformation: [-0.9984565921743759f,0.032915029551058246f,0.04473292269889088f,-0.7653080545046167f,0.022798962168469352f,0.977374808753405f,-0.21028240663043063f,-0.1410768750000001f,-0.05064228339611758f,-0.20893799090614912f,-0.9766167493385157f,0.12880428073170708f,0f,0f,0f,1f], start_interpolation: 0, interpolation_duration: 1 }
$data merge entity $(bone_hips) { transformation: [-0.9993908270190958f,0f,0.034899496702501094f,0.05799999999999997f,0f,1f,0f,0.25562937499999994f,-0.034899496702501094f,0f,-0.9993908270190958f,0.125f,0f,0f,0f,1f], start_interpolation: 0, interpolation_duration: 1 }