# This file was generated by Animated Java via MC-Build. It is not recommended to edit this file directly.
$data merge entity $(bone_foot) { transformation: [-0.9993301301254555f,-0.02346591752038265f,0.02808276586034947f,0.7613153470462896f,-0.021739881639847452f,0.9979456771922285f,0.06026444158564889f,-1.6846228923841562f,-0.029439235209598f,0.05961355624580088f,-0.997787329716109f,0.31587995309161343f,0f,0f,0f,1f], start_interpolation: 0, interpolation_duration: 1 }
$data merge entity $(bone_leg_low) { transformation: [-0.9991457240551394f,-0.02504667092466705f,0.032870752621791635f,0.7714482334303067f,-0.02816944826399998f,0.9947619214689352f,-0.09826088631767083f,-0.5913893667634771f,-0.030237464953818655f,-0.0991028953715472f,-0.9946176711893586f,-0.02808540112224056f,0f,0f,0f,1f], start_interpolation: 0, interpolation_duration: 1 }
$data merge entity $(bone_bone4) { transformation: [-0.9991457240551394f,-0.018186483875818282f,-0.03710894644915408f,0.760598740517368f,-0.02816944826399998f,-0.3573058918530577f,0.9335625216511174f,-0.7711031122121347f,-0.030237464953818655f,0.9338103401929783f,0.35648835080804675f,0.4978403512899675f,0f,0f,0f,1f], start_interpolation: 0, interpolation_duration: 1 }
$data merge entity $(bone_leg) { transformation: [-0.9991457240551394f,-0.010561272454003897f,0.039953493295128546f,0.7621022632693922f,-0.02816944826399998f,0.8814404133093215f,-0.4714544304273682f,-0.141076875f,-0.030237464953818655f,-0.4721771461106993f,-0.8809849251853984f,0.19768358098279756f,0f,0f,0f,1f], start_interpolation: 0, interpolation_duration: 1 }
$data merge entity $(bone_foot2) { transformation: [-0.9998933439325142f,-0.0007157330550800415f,0.01458727135722377f,-0.6844702339820201f,-0.0008514969138415564f,0.9999563643294554f,-0.009302923735203639f,-2.021702276296591f,-0.014579976421830511f,-0.009314352538483839f,-0.9998503223604661f,-0.478927061283391f,0f,0f,0f,1f], start_interpolation: 0, interpolation_duration: 1 }
$data merge entity $(bone_leg_low2) { transformation: [-0.9968851976567865f,-0.07868296721613546f,0.00537525467810656f,-0.8018616847423851f,-0.0743284595014184f,0.960126413495392f,0.26950426752951717f,-0.8840011412822224f,-0.026366319442348386f,0.2682652806058588f,-0.9629841932350314f,-0.4052401798027106f,0f,0f,0f,1f], start_interpolation: 0, interpolation_duration: 1 }
$data merge entity $(bone_bone3) { transformation: [-0.9968851976567865f,-0.054532214462042775f,-0.05697490920269842f,-0.8211233566379469f,-0.0743284595014184f,0.40811757820054867f,0.9098985231727025f,-0.8334698241869088f,-0.026366319442348386f,0.9112992263519075f,-0.4108996681058275f,0.18057388015010473f,0f,0f,0f,1f], start_interpolation: 0, interpolation_duration: 1 }
$data merge entity $(bone_leg2) { transformation: [-0.9968851976567865f,-0.07006394859515708f,0.036206985514471414f,-0.8812809177899928f,-0.0743284595014184f,0.9881455575567717f,-0.13432660640752778f,-0.141076875f,-0.026366319442348386f,-0.13659941503561449f,-0.9902754248243224f,0.11730873437400957f,0f,0f,0f,1f], start_interpolation: 0, interpolation_duration: 1 }
$data merge entity $(bone_hips) { transformation: [-0.9988061373414341f,0f,0.04884976979561338f,-0.05800000000000002f,0f,1f,0f,0.25562937500000005f,-0.04884976979561338f,0f,-0.9988061373414341f,0.125f,0f,0f,0f,1f], start_interpolation: 0, interpolation_duration: 1 }