# This file was generated by Animated Java via MC-Build. It is not recommended to edit this file directly.
$data merge entity $(bone_foot) { transformation: [-0.9909436354531479f,-0.019847209441462108f,0.13280361302421423f,0.6984892286495976f,-0.031454459739285394f,0.9958085779605401f,-0.08588301940847914f,-1.9242865549130017f,-0.13054243875999935f,-0.08928249737543359f,-0.9874144557099607f,1.225070284272627f,0f,0f,0f,1f], start_interpolation: 0, interpolation_duration: 1 }
$data merge entity $(bone_leg_low) { transformation: [-0.9910144809163196f,0.0450248451620823f,0.12594864799706276f,0.8088236683737287f,-0.03514696539559166f,0.8208882662914492f,-0.5700062675870331f,-1.1366837399020377f,-0.12905421123558344f,-0.5693111781645868f,-0.8119296724342644f,0.39979305871474163f,0f,0f,0f,1f], start_interpolation: 0, interpolation_duration: 1 }
$data merge entity $(bone_bone4) { transformation: [-0.9910144809163196f,-0.11325226814482359f,0.07116334993668078f,0.7477014955578245f,-0.03514696539559166f,0.7338411284531843f,0.6784112978231115f,-0.7119304344753463f,-0.12905421123558344f,0.6698142443622785f,-0.731227658538537f,0.7534751912165167f,0f,0f,0f,1f], start_interpolation: 0, interpolation_duration: 1 }
$data merge entity $(bone_leg) { transformation: [-0.9910144809163196f,0.06649983504914929f,0.11605201658133066f,0.800361246483423f,-0.03514696539559166f,0.7076872161170245f,-0.7056511141973895f,-0.195326875f,-0.12905421123558344f,-0.7033893488552212f,-0.6989910117300433f,0.2872379984836392f,0f,0f,0f,1f], start_interpolation: 0, interpolation_duration: 1 }
$data merge entity $(bone_foot2) { transformation: [-0.9882859079072878f,-0.0011517563127724645f,0.15260942857262677f,-0.5935874665649264f,-0.0019151111853973042f,0.9999863799968344f,-0.00485511791562282f,-2.02145195072901f,-0.15260175811901788f,-0.005090508640894886f,-0.988274653191491f,-1.0984208214217865f,0f,0f,0f,1f], start_interpolation: 0, interpolation_duration: 1 }
$data merge entity $(bone_leg_low2) { transformation: [-0.9878428334699804f,-0.09638356582122651f,0.12197026113600726f,-0.7031486199946007f,-0.0067926511050701984f,0.8106096598249197f,0.5855474697148754f,-0.9750709149154413f,-0.15530742497693176f,0.5776003701852288f,-0.8014096431344718f,-0.6438248872386538f,0f,0f,0f,1f], start_interpolation: 0, interpolation_duration: 1 }
$data merge entity $(bone_bone3) { transformation: [-0.9878428334699804f,-0.15447695133371026f,0.01741860696620192f,-0.7888053801727146f,-0.0067926511050701984f,0.15483354173010877f,0.9879172203409937f,-0.8800364012517152f,-0.15530742497693176f,0.9757886276555765f,-0.15400051261304792f,-0.10315607891592751f,0f,0f,0f,1f], start_interpolation: 0, interpolation_duration: 1 }
$data merge entity $(bone_leg2) { transformation: [-0.9878428334699804f,-0.029345902517667905f,0.15266091303088697f,-0.8242775919196722f,-0.0067926511050701984f,0.9892309783152116f,0.1462051005693519f,-0.195326875f,-0.15530742497693176f,0.14339068849459177f,-0.9774040690523453f,0.02701301792164265f,0f,0f,0f,1f], start_interpolation: 0, interpolation_duration: 1 }
$data merge entity $(bone_hips) { transformation: [-0.9874138067509114f,0f,0.15815806725448364f,-0.00681250000000002f,0f,1f,0f,0.20137937500000003f,-0.15815806725448364f,0f,-0.9874138067509114f,0.125f,0f,0f,0f,1f], start_interpolation: 0, interpolation_duration: 1 }