# This file was generated by Animated Java via MC-Build. It is not recommended to edit this file directly.
$data merge entity $(bone_jetpack2) { transformation: [-1f,0f,1.2246467991473532e-16f,-0.062499999999999875f,0f,1f,0f,1.175015625f,-1.2246467991473532e-16f,0f,-1f,-1.056846875f,0f,0f,0f,1f], start_interpolation: 0, interpolation_duration: 1 }
$data merge entity $(bone_barrel1) { transformation: [0.24401700250136346f,-0.6901852251597549f,1.114395726498987f,-0.04388818618682869f,-0.9106834525736602f,-0.9045673212271714f,-0.3608204378277289f,1.0250579119173084f,0.9428091691729269f,-0.6951115695461088f,-0.6369525525377681f,1.6989472035445554f,0f,0f,0f,1f], start_interpolation: 0, interpolation_duration: 1 }
$data merge entity $(bone_barrel2) { transformation: [0.24401700250136346f,-0.6901852251597549f,1.114395726498987f,-0.2380027807630098f,-0.9106834525736602f,-0.9045673212271714f,-0.3608204378277289f,0.7706483528221664f,0.9428091691729269f,-0.6951115695461088f,-0.6369525525377681f,1.5034470746097122f,0f,0f,0f,1f], start_interpolation: 0, interpolation_duration: 1 }
$data merge entity $(bone_blaster_left) { transformation: [0.18301275187602264f,-0.5176389188698163f,0.8357967948742404f,0.030076801544805132f,-0.6830125894302453f,-0.6784254909203787f,-0.2706153283707967f,0.8842170852525024f,0.7071068768796953f,-0.5213336771595817f,-0.4777144144033261f,1.4492889136350042f,0f,0f,0f,1f], start_interpolation: 0, interpolation_duration: 1 }
$data merge entity $(bone_sword_left) { transformation: [-1.3790150990836034f,2.226603058390062f,0.4875548166140656f,-0.16688468920396826f,-1.8073582983772833f,-0.7209323145206737f,-1.8195785505173299f,1.9181249889285024f,-1.3888581137475215f,-1.272654289500491f,1.8837668968398906f,0.2911495674924952f,0f,0f,0f,1f], start_interpolation: 0, interpolation_duration: 1 }
$data merge entity $(bone_rocket_left) { transformation: [-1.1927929882400068f,1.9259227236934022f,0.42171544533947336f,0.7001644444643507f,-1.5632927492776618f,-0.6235776608445719f,-1.5738627793497464f,0.9316365177492575f,-1.2013068028328036f,-1.1007951355851857f,1.6293831354873627f,0.8938164638645456f,0f,0f,0f,1f], start_interpolation: 0, interpolation_duration: 1 }
$data merge entity $(bone_drillhead_left1) { transformation: [0.18301275187602273f,0.8357967948742403f,0.5176389188698165f,-0.5473409583935107f,-0.6830125894302456f,-0.2706153283707967f,0.6784254909203785f,1.1748083473952784f,0.7071068768796951f,-0.4777144144033264f,0.5213336771595817f,1.6330064433295184f,0f,0f,0f,1f], start_interpolation: 0, interpolation_duration: 1 }
$data merge entity $(bone_drillhead_left2) { transformation: [-0.5482719504295909f,0.8357967948742403f,-0.029010102552031625f,-0.7075148887337906f,-0.3654058233235253f,-0.2706153283707967f,-0.8906435472915204f,1.277100466471592f,-0.7522476006298652f,-0.4777144144033264f,0.4537758098641864f,1.2948239055549746f,0f,0f,0f,1f], start_interpolation: 0, interpolation_duration: 1 }
$data merge entity $(bone_drillhead_left3) { transformation: [0.4082000543205971f,0.8357967948742403f,-0.36717357384567967f,-0.5111225337723284f,0.8881610274669938f,-0.2706153283707967f,0.3713991563527573f,1.5346152665423645f,0.21105142724330372f,-0.4777144144033264f,-0.8527873318300712f,1.492550090457894f,0f,0f,0f,1f], start_interpolation: 0, interpolation_duration: 1 }
$data merge entity $(bone_drill_left) { transformation: [0.27979088638713623f,1.2777706672363776f,0.7913691830456527f,-0.16463177714313448f,-1.0441933463724855f,-0.4137181798463027f,1.037180565323817f,1.2185704585994863f,1.0810288235359276f,-0.7303323843595501f,0.7970177495323197f,1.195925292457168f,0f,0f,0f,1f], start_interpolation: 0, interpolation_duration: 1 }
$data merge entity $(bone_left_hand) { transformation: [-0.5176389188698165f,0.8357967948742403f,0.18301275187602284f,0.27082775003497905f,-0.6784254909203786f,-0.2706153283707967f,-0.6830125894302455f,1.1096324687740462f,-0.5213336771595816f,-0.4777144144033264f,0.7071068768796952f,1.088479491261228f,0f,0f,0f,1f], start_interpolation: 0, interpolation_duration: 1 }
$data merge entity $(bone_left_arm_low) { transformation: [-0.5176389188698165f,0.8357967948742403f,0.18301275187602284f,1.0799912609759816f,-0.6784254909203786f,-0.2706153283707967f,-0.6830125894302455f,0.7752714038010308f,-0.5213336771595816f,-0.4777144144033264f,0.7071068768796952f,0.6002788119379181f,0f,0f,0f,1f], start_interpolation: 0, interpolation_duration: 1 }
$data merge entity $(bone_left_arm) { transformation: [-0.7247843989822514f,-0.0585567550562084f,0.8342845197912112f,1f,-0.6873974156976299f,0.6705472832478273f,-0.5501119089378139f,1.4375f,-0.47638676138006214f,-0.8784699345454421f,-0.4755188810295239f,-0.3061737499999999f,0f,0f,0f,1f], start_interpolation: 0, interpolation_duration: 1 }
$data merge entity $(bone_drillhead_right1) { transformation: [-0.30535417290253924f,-0.8556744345159647f,0.4178278248355299f,0.7436419132769627f,-0.3567036224342629f,-0.3040515634862955f,-0.8833544998944727f,1.7816508780485991f,0.8829050655836566f,-0.418776681367675f,-0.21237875672815235f,1.7006353947359623f,0f,0f,0f,1f], start_interpolation: 0, interpolation_duration: 1 }
$data merge entity $(bone_drillhead_right2) { transformation: [-0.2691685925059104f,-0.8556744345159647f,-0.4420062566572687f,0.7485498813916156f,0.9526177089744519f,-0.3040515634862955f,0.008493956075114828f,2.0477128762380166f,-0.1416607544687447f,-0.418776681367675f,0.8969717508294355f,1.4974335614891967f,0f,0f,0f,1f], start_interpolation: 0, interpolation_duration: 1 }
$data merge entity $(bone_drillhead_right3) { transformation: [0.502876558452604f,-0.8556744345159647f,0.12221468436586852f,0.9071327787135914f,-0.6796085758340422f,-0.3040515634862955f,0.6675963079544136f,1.71257369530335f,-0.5340855274314121f,-0.418776681367675f,-0.734424087657116f,1.4167324610105112f,0f,0f,0f,1f], start_interpolation: 0, interpolation_duration: 1 }
$data merge entity $(bone_drill_right) { transformation: [-0.46682711353517187f,-1.3081597103911937f,0.6387774418426093f,0.22050084234124095f,-0.5453304301221227f,-0.4648356772038174f,-1.3504771442755443f,1.6380685168956177f,1.3497900466667327f,-0.6402280588485922f,-0.3246857936709316f,1.2585065661854005f,0f,0f,0f,1f], start_interpolation: 0, interpolation_duration: 1 }
$data merge entity $(bone_barrel3) { transformation: [-0.40713889720338525f,-0.5571037664473735f,-1.1408992460212861f,0.37654908672202425f,-0.47560482991235076f,1.1778059998592965f,-0.40540208464839433f,1.3387248899144437f,1.177206754111542f,0.2831716756375366f,-0.558368908490233f,1.7416161530774201f,0f,0f,0f,1f], start_interpolation: 0, interpolation_duration: 1 }
$data merge entity $(bone_barrel4) { transformation: [-0.40713889720338525f,-0.5571037664473735f,-1.1408992460212861f,0.21986365240870032f,-0.47560482991235076f,1.1778059998592965f,-0.40540208464839433f,1.669982827374871f,1.177206754111542f,0.2831716756375366f,-0.558368908490233f,1.8212581868504771f,0f,0f,0f,1f], start_interpolation: 0, interpolation_duration: 1 }
$data merge entity $(bone_blaster_right) { transformation: [-0.5262089578468121f,-0.7200318966535941f,-1.4745616480784702f,-0.547371594067805f,-0.614698137697386f,1.5222619896768972f,-0.5239642046905434f,0.7328671746993739f,1.5214874911394547f,0.3659868250184097f,-0.721667036603312f,3.326357964551754f,0f,0f,0f,1f], start_interpolation: 0, interpolation_duration: 1 }
$data merge entity $(bone_rocket_right) { transformation: [-0.9627987417243145f,-1.9717266776139792f,-0.7036262210793618f,-0.42093087841111126f,2.0355097253987084f,-0.7006246241718047f,-0.8219505222836697f,1.2212209345678027f,0.4893833957260469f,-0.9649851874824106f,2.0344740959762024f,0.9969334036954851f,0f,0f,0f,1f], start_interpolation: 0, interpolation_duration: 1 }
$data merge entity $(bone_sword_right) { transformation: [-1.1131135203733855f,-2.2795580511481983f,-0.8134782753973879f,0.5002733100705942f,2.35329908318637f,-0.8100080609530598f,-0.9502756908399613f,2.022168761859761f,0.5657872728970402f,-1.115641320036419f,2.352101768459698f,0.21358704797068806f,0f,0f,0f,1f], start_interpolation: 0, interpolation_duration: 1 }
$data merge entity $(bone_right_hand) { transformation: [-0.41782782483552994f,-0.8556744345159647f,-0.30535417290253913f,-0.07846598155560269f,0.8833544998944726f,-0.3040515634862955f,-0.3567036224342631f,1.61637931768671f,0.21237875672815254f,-0.418776681367675f,0.8829050655836566f,1.2042348669623821f,0f,0f,0f,1f], start_interpolation: 0, interpolation_duration: 1 }
$data merge entity $(bone_right_arm_low) { transformation: [-0.41782782483552994f,-0.8556744345159647f,-0.30535417290253913f,-0.9175684949225511f,0.8833544998944726f,-0.3040515634862955f,-0.3567036224342631f,1.2459711097559394f,0.21237875672815254f,-0.418776681367675f,0.8829050655836566f,0.7997752965986868f,0f,0f,0f,1f], start_interpolation: 0, interpolation_duration: 1 }
$data merge entity $(bone_right_arm) { transformation: [-0.4624076164165028f,-0.09393484785047299f,-1.001063144448613f,-1f,0.9776032721319635f,0.21556800696476977f,-0.4717989563618627f,1.4375f,0.23503833119496553f,-1.0814243650235429f,-0.007092540908602136f,-0.30617375000000013f,0f,0f,0f,1f], start_interpolation: 0, interpolation_duration: 1 }
$data merge entity $(bone_torso) { transformation: [-1.3197129166666666f,0f,1.616182199189251e-16f,1.3877787807814457e-17f,0f,1.3197129166666666f,0f,0.20333875f,-1.616182199189251e-16f,0f,-1.3197129166666666f,-0.130674375f,0f,0f,0f,1f], start_interpolation: 0, interpolation_duration: 1 }