# This file was generated by Animated Java via MC-Build. It is not recommended to edit this file directly.
$data merge entity $(bone_barrel1) { transformation: [0.20076605538727194f,-0.6920071603690365f,1.1218720331570773f,-0.03152872538583969f,-0.9039576635767005f,-0.8981996821246564f,-0.3922698704589681f,1.040715314197578f,0.959338997040652f,-0.7015277605390434f,-0.6044048872468578f,1.6473370807686445f,0f,0f,0f,1f], start_interpolation: 0, interpolation_duration: 1 }
$data merge entity $(bone_barrel2) { transformation: [0.20076605538727194f,-0.6920071603690365f,1.1218720331570773f,-0.22615573923963123f,-0.9039576635767005f,-0.8981996821246564f,-0.3922698704589681f,0.7880966536000183f,0.959338997040652f,-0.7015277605390434f,-0.6044048872468578f,1.4500323981170384f,0f,0f,0f,1f], start_interpolation: 0, interpolation_duration: 1 }
$data merge entity $(bone_blaster_left) { transformation: [0.150574541540454f,-0.5190053702767775f,0.8414040248678081f,0.0455762159366922f,-0.6779682476825255f,-0.6736497615934924f,-0.29420240284422616f,0.8952623138883898f,0.7195042477804892f,-0.5261458204042827f,-0.4533036654351435f,1.4012995382857292f,0f,0f,0f,1f], start_interpolation: 0, interpolation_duration: 1 }
$data merge entity $(bone_sword_left) { transformation: [-1.3826553916768993f,2.2415409901090424f,0.40113785643327776f,-0.10014000329753159f,-1.7946355246235408f,-0.7837694209598227f,-1.806140180291553f,1.9187483832113443f,-1.4016778959383285f,-1.207622874396386f,1.9167940921258657f,0.22644245056867007f,0f,0f,0f,1f], start_interpolation: 0, interpolation_duration: 1 }
$data merge entity $(bone_rocket_left) { transformation: [-1.195941695954165f,1.938843438067776f,0.3469682259383532f,0.7301560105746552f,-1.552288058078477f,-0.6779292484462707f,-1.5622391257803752f,0.921562065967716f,-1.2123954024559116f,-1.044545558620402f,1.6579503404327787f,0.8623426550011836f,0f,0f,0f,1f], start_interpolation: 0, interpolation_duration: 1 }
$data merge entity $(bone_drillhead_left1) { transformation: [0.15057454154045408f,0.841404024867808f,0.5190053702767777f,-0.5298366585540794f,-0.6779682476825257f,-0.29420240284422616f,0.6736497615934922f,1.2003113184241838f,0.7195042477804889f,-0.4533036654351438f,0.5261458204042827f,1.566985417421392f,0f,0f,0f,1f], start_interpolation: 0, interpolation_duration: 1 }
$data merge entity $(bone_drillhead_left2) { transformation: [-0.5371208212456575f,0.841404024867808f,-0.059502019466935646f,-0.6792957377941902f,-0.36292401075964115f,-0.29420240284422616f,-0.8841555907049503f,1.301803408711346f,-0.7614377097297758f,-0.4533036654351438f,0.46338795960246626f,1.2236952578140314f,0f,0f,0f,1f], start_interpolation: 0, interpolation_duration: 1 }
$data merge entity $(bone_drillhead_left3) { transformation: [0.421876056478656f,0.841404024867808f,-0.3377274935599277f,-0.48238067100320564f,0.8818184428750298f,-0.29420240284422616f,0.36856638474790615f,1.5575054204335892f,0.21075299944597659f,-0.4533036654351438f,-0.8660825365561803f,1.4232457807673984f,0f,0f,0f,1f], start_interpolation: 0, interpolation_duration: 1 }
$data merge entity $(bone_drill_left) { transformation: [0.2301991747191462f,1.2863430308230395f,0.7934582213582269f,-0.1355065804355633f,-1.0364815293850536f,-0.4497782270646017f,1.0298794044603397f,1.230526905341233f,1.099981991321487f,-0.6930130991121023f,0.8043745801905946f,1.1391861887678278f,0f,0f,0f,1f], start_interpolation: 0, interpolation_duration: 1 }
$data merge entity $(bone_left_hand) { transformation: [-0.5190053702767777f,0.841404024867808f,0.1505745415404542f,0.3000430892944729f,-0.6736497615934923f,-0.29420240284422616f,-0.6779682476825256f,1.111036282869987f,-0.5261458204042826f,-0.4533036654351438f,0.719504247780489f,1.0440254722324749f,0f,0f,0f,1f], start_interpolation: 0, interpolation_duration: 1 }
$data merge entity $(bone_left_arm_low) { transformation: [-0.5190053702767777f,0.841404024867808f,0.1505745415404542f,1.1137147329431214f,-0.6736497615934923f,-0.29420240284422616f,-0.6779682476825256f,0.7535442621860886f,-0.5261458204042826f,-0.4533036654351438f,0.719504247780489f,0.5803222007652037f,0f,0f,0f,1f], start_interpolation: 0, interpolation_duration: 1 }
$data merge entity $(bone_left_arm) { transformation: [-0.7247843989822514f,-0.09173148368356877f,0.8312910972861286f,1f,-0.6873974156976299f,0.6919208840332469f,-0.5229744369134093f,1.4375f,-0.47638676138006203f,-0.8588380543931952f,-0.5101223661455696f,-0.3061737499999999f,0f,0f,0f,1f], start_interpolation: 0, interpolation_duration: 1 }
$data merge entity $(bone_drillhead_right1) { transformation: [-0.40826880498425366f,-0.8116258323081761f,0.4178278248355298f,0.602771171479316f,-0.3913887361111097f,-0.2578753279426594f,-0.8833544998944728f,1.6669949155263637f,0.8247008185530541f,-0.5241791903238116f,-0.21237875672815235f,1.9003829846503884f,0f,0f,0f,1f], start_interpolation: 0, interpolation_duration: 1 }
$data merge entity $(bone_drillhead_right2) { transformation: [-0.22978486786028948f,-0.8116258323081761f,-0.5370869788334941f,0.6360642172333615f,0.965891127328281f,-0.2578753279426594f,-0.023550910533751246f,1.9426234799535802f,-0.11938695343684819f,-0.5241791903238116f,0.843198038292631f,1.7132345739100965f,0f,0f,0f,1f], start_interpolation: 0, interpolation_duration: 1 }
$data merge entity $(bone_drillhead_right3) { transformation: [0.5422602830982248f,-0.8116258323081761f,0.21729540654209392f,0.7946604934575081f,-0.6663351574802133f,-0.2578753279426594f,0.6996411745632797f,1.6074888080836918f,-0.5118117263995157f,-0.5241791903238116f,-0.6806503751203115f,1.6325410399835247f,0f,0f,0f,1f], start_interpolation: 0, interpolation_duration: 1 }
$data merge entity $(bone_drill_right) { transformation: [-0.624163560515954f,-1.2408179687393313f,0.6387774418426092f,0.12788938694644808f,-0.5983572197889852f,-0.3942411981834307f,-1.3504771442755445f,1.5608708266854714f,1.260807078533343f,-0.8013679854709908f,-0.3246857936709316f,1.3973965593304791f,0f,0f,0f,1f], start_interpolation: 0, interpolation_duration: 1 }
$data merge entity $(bone_barrel3) { transformation: [-0.5443584066456711f,-0.5571037664473735f,-1.0821677764109014f,0.22317117700643208f,-0.5218516481481464f,1.1778059998592967f,-0.3438337705902129f,1.2333766632087255f,1.0996010914040721f,0.28317167563753654f,-0.6989055870984151f,1.8780435065871717f,0f,0f,0f,1f], start_interpolation: 0, interpolation_duration: 1 }
$data merge entity $(bone_barrel4) { transformation: [-0.5443584066456711f,-0.5571037664473735f,-1.0821677764109014f,0.06648574269310814f,-0.5218516481481464f,1.1778059998592967f,-0.3438337705902129f,1.5646346006691527f,1.0996010914040721f,0.28317167563753654f,-0.6989055870984151f,1.9576855403602287f,0f,0f,0f,1f], start_interpolation: 0, interpolation_duration: 1 }
$data merge entity $(bone_blaster_right) { transformation: [-0.7035590846852351f,-0.7200318966535941f,-1.3986538298160118f,-0.8823158501673091f,-0.6744700980645928f,1.5222619896768972f,-0.4443898908642803f,0.5760740372813997f,1.4211856158413323f,0.3659868250184096f,-0.903304457389274f,3.3195535812003616f,0f,0f,0f,1f], start_interpolation: 0, interpolation_duration: 1 }
$data merge entity $(bone_rocket_right) { transformation: [-0.9627987417243145f,-1.8702256854359989f,-0.9407719360931927f,-0.49065018241055325f,2.035509725398709f,-0.5942209362496836f,-0.9018752707557901f,1.1763374853495114f,0.4893833957260469f,-1.2078637057752033f,1.900354316313051f,1.0464549841993733f,0f,0f,0f,1f], start_interpolation: 0, interpolation_duration: 1 }
$data merge entity $(bone_sword_right) { transformation: [-1.1131135203733855f,-2.162210445850876f,-1.0876478294702925f,0.5290854452451103f,2.3532990831863705f,-0.6869923376134286f,-1.0426785101222422f,1.988444770451995f,0.5657872728970402f,-1.3964386983501664f,2.1970428411648997f,0.4105406038615407f,0f,0f,0f,1f], start_interpolation: 0, interpolation_duration: 1 }
$data merge entity $(bone_right_hand) { transformation: [-0.41782782483552994f,-0.8116258323081761f,-0.40826880498425355f,-0.16377742215383184f,0.8833544998944727f,-0.2578753279426594f,-0.3913887361111099f,1.5505755703014037f,0.21237875672815254f,-0.5241791903238116f,0.8247008185530541f,1.3100954673837515f,0f,0f,0f,1f], start_interpolation: 0, interpolation_duration: 1 }
$data merge entity $(bone_right_arm_low) { transformation: [-0.41782782483552994f,-0.8116258323081761f,-0.40826880498425355f,-0.9620474155655452f,0.8833544998944727f,-0.2578753279426594f,-0.3913887361111099f,1.2252596881118676f,0.21237875672815254f,-0.5241791903238116f,0.8247008185530541f,0.7984145053442133f,0f,0f,0f,1f], start_interpolation: 0, interpolation_duration: 1 }
$data merge entity $(bone_right_arm) { transformation: [-0.4624076164165028f,-0.050179681614711966f,-1.0042077346680232f,-1f,0.9776032721319636f,0.23594241542420807f,-0.4619469638981258f,1.4375f,0.23503833119496553f,-1.0800857163627637f,-0.054256858665510194f,-0.30617375000000013f,0f,0f,0f,1f], start_interpolation: 0, interpolation_duration: 1 }