# This file was generated by Animated Java via MC-Build. It is not recommended to edit this file directly.
$data merge entity $(bone_barrel1) { transformation: [0.213115423202523f,-0.6915573222731158f,1.1198696639258627f,-0.03344365758817276f,-0.9063926661573936f,-0.8997001960771565f,-0.3831052984397316f,1.0346156833461935f,0.9543646729144362f,-0.7000470019698262f,-0.61392185488363f,1.7863877978971818f,0f,0f,0f,1f], start_interpolation: 0, interpolation_duration: 1 }
$data merge entity $(bone_barrel2) { transformation: [0.213115423202523f,-0.6915573222731158f,1.1198696639258627f,-0.22794415447748662f,-0.9063926661573936f,-0.8997001960771565f,-0.3831052984397316f,0.7815750031994932f,0.9543646729144362f,-0.7000470019698262f,-0.61392185488363f,1.589499578593168f,0f,0f,0f,1f], start_interpolation: 0, interpolation_duration: 1 }
$data merge entity $(bone_blaster_left) { transformation: [0.15983656740189225f,-0.5186679917048369f,0.8399022479443972f,0.04277660048672821f,-0.6797944996180452f,-0.6747751470578673f,-0.2873289738297987f,0.8905804106464686f,0.7157735046858271f,-0.5250352514773696f,-0.4604413911627226f,1.5392430385684848f,0f,0f,0f,1f], start_interpolation: 0, interpolation_duration: 1 }
$data merge entity $(bone_sword_left) { transformation: [-1.3817565988546185f,2.237540183799191f,0.42581234099273263f,-0.11756101644683542f,-1.7976336058942664f,-0.7654582738496523f,-1.811005403716621f,1.9176608496569956f,-1.398719286639534f,-1.2266381207247334f,1.9068552122024365f,0.36943803447460344f,0f,0f,0f,1f], start_interpolation: 0, interpolation_duration: 1 }
$data merge entity $(bone_rocket_left) { transformation: [-1.1951642760571608f,1.9353829003863043f,0.3683106696799135f,0.7233038426964612f,-1.5548812786460195f,-0.6620908374715418f,-1.566447349745072f,0.9231185489006174f,-1.2098363235677334f,-1.0609929872998862f,1.649353606218988f,0.9955154998184685f,0f,0f,0f,1f], start_interpolation: 0, interpolation_duration: 1 }
$data merge entity $(bone_drillhead_left1) { transformation: [0.15983656740189234f,0.839902247944397f,0.5186679917048371f,-0.5332734517916957f,-0.6797944996180454f,-0.2873289738297987f,0.6747751470578671f,1.191480006666218f,0.7157735046858269f,-0.46044139116272287f,0.5250352514773696f,1.7102180432567304f,0f,0f,0f,1f], start_interpolation: 0, interpolation_duration: 1 }
$data merge entity $(bone_drillhead_left2) { transformation: [-0.5403535479356432f,0.839902247944397f,-0.05081591415404593f,-0.6858019429559008f,-0.36326485499731476f,-0.2873289738297987f,-0.8862734938616268f,1.2933763182976943f,-0.7589839842560201f,-0.46044139116272287f,0.4603661987450792f,1.3684008472286806f,0f,0f,0f,1f], start_interpolation: 0, interpolation_duration: 1 }
$data merge entity $(bone_drillhead_left3) { transformation: [0.4180199354740228f,0.839902247944397f,-0.3461553804929841f,-0.48901609726223155f,0.8835570398307995f,-0.2873289738297987f,0.3698229551601011f,1.5495055907269508f,0.2111546611176962f,-0.46044139116272287f,-0.8622107830411351f,1.5675304539639663f,0f,0f,0f,1f], start_interpolation: 0, interpolation_duration: 1 }
$data merge entity $(bone_drill_left) { transformation: [0.24435901002541977f,1.284047106127904f,0.7929424351699768f,-0.14221017929511337f,-1.039273513236274f,-0.4392700915562712f,1.0315998998541138f,1.2257389717310174f,1.094278411070176f,-0.7039252928671061f,0.8026767363995482f,1.2797331858514627f,0f,0f,0f,1f], start_interpolation: 0, interpolation_duration: 1 }
$data merge entity $(bone_left_hand) { transformation: [-0.5186679917048371f,0.839902247944397f,0.15983656740189245f,0.2933629332616444f,-0.6747751470578672f,-0.2873289738297987f,-0.6797944996180453f,1.1092701920416446f,-0.5250352514773695f,-0.46044139116272287f,0.715773504685827f,1.1810003513569658f,0f,0f,0f,1f], start_interpolation: 0, interpolation_duration: 1 }
$data merge entity $(bone_left_arm_low) { transformation: [-0.5186679917048371f,0.839902247944397f,0.15983656740189245f,1.1058433244557984f,-0.6747751470578672f,-0.2873289738297987f,-0.6797944996180453f,0.7585241934076652f,-0.5250352514773695f,-0.46044139116272287f,0.715773504685827f,0.7101121789983394f,0f,0f,0f,1f], start_interpolation: 0, interpolation_duration: 1 }
$data merge entity $(bone_left_arm) { transformation: [-0.7247843989822514f,-0.0839881575890169f,0.8321090931547181f,1f,-0.6873974156976299f,0.6870219855147403f,-0.5293935802837353f,1.4375f,-0.47638676138006214f,-0.8635500908101477f,-0.5021044440926901f,-0.18117374999999988f,0f,0f,0f,1f], start_interpolation: 0, interpolation_duration: 1 }
$data merge entity $(bone_drillhead_right1) { transformation: [-0.38856989344597215f,-0.8212389096362857f,0.4178278248355298f,0.629159969671665f,-0.38505370644826387f,-0.2672423444490788f,-0.8833544998944728f,1.6885733069501208f,0.8371063738007493f,-0.5041311165091521f,-0.21237875672815223f,1.987547773917836f,0f,0f,0f,1f], start_interpolation: 0, interpolation_duration: 1 }
$data merge entity $(bone_drillhead_right2) { transformation: [-0.23732331494161532f,-0.8212389096362857f,-0.5188875576505254f,0.657019821698878f,0.9634668164327684f,-0.2672423444490788f,-0.017698106290396087f,1.9624545949678474f,-0.12413435389943106f,-0.5041311165091521f,0.8546592768754145f,1.7969777637242612f,0f,0f,0f,1f], start_interpolation: 0, interpolation_duration: 1 }
$data merge entity $(bone_drillhead_right3) { transformation: [0.534721836016899f,-0.8212389096362857f,0.19909598535912523f,0.8156135370645247f,-0.6687594683757259f,-0.2672423444490788f,0.6937883703199246f,1.6273190995441025f,-0.5165591268620983f,-0.5041311165091521f,-0.692111613703095f,1.7162826170755074f,0f,0f,0f,1f], start_interpolation: 0, interpolation_duration: 1 }
$data merge entity $(bone_drill_right) { transformation: [-0.5940477578537917f,-1.2555144934293807f,0.6387774418426092f,0.14424148921020874f,-0.5886721921256824f,-0.40856154375645076f,-1.3504771442755445f,1.5749764249132832f,1.279772758592777f,-0.7707183816294062f,-0.3246857936709314f,1.4958972971886944f,0f,0f,0f,1f], start_interpolation: 0, interpolation_duration: 1 }
$data merge entity $(bone_barrel3) { transformation: [0.5180931912612958f,0.557103766447373f,-1.094985212848381f,0.06193409537771652f,0.5134049419310187f,-1.177805999859297f,-0.3563231259321049f,1.5912808353337895f,-1.1161418317343323f,-0.2831716756375367f,-0.6721748220122025f,2.0453648294022813f,0f,0f,0f,1f], start_interpolation: 0, interpolation_duration: 1 }
$data merge entity $(bone_barrel4) { transformation: [0.5180931912612958f,0.557103766447373f,-1.094985212848381f,0.2099077246827548f,0.5134049419310187f,-1.177805999859297f,-0.3563231259321049f,1.2571879576781533f,-1.1161418317343323f,-0.2831716756375367f,-0.6721748220122025f,1.9603749097289056f,0f,0f,0f,1f], start_interpolation: 0, interpolation_duration: 1 }
$data merge entity $(bone_blaster_right) { transformation: [0.38856989344597187f,0.41782782483552977f,-0.8212389096362859f,-0.1956973238636829f,0.38505370644826403f,-0.8833544998944728f,-0.2672423444490787f,1.3089702501600071f,-0.8371063738007494f,-0.21237875672815254f,-0.5041311165091519f,1.83031742808294f,0f,0f,0f,1f], start_interpolation: 0, interpolation_duration: 1 }
$data merge entity $(bone_rocket_right) { transformation: [-0.9627987417243145f,-1.892377055463224f,-0.8953798245222084f,-0.47960769203667397f,2.035509725398709f,-0.6158053094532668f,-0.887277490939247f,1.1838083850624772f,0.48938339572604667f,-1.1616670211710884f,1.92894038041152f,1.1621056821476392f,0f,0f,0f,1f], start_interpolation: 0, interpolation_duration: 1 }
$data merge entity $(bone_sword_right) { transformation: [-1.1131135203733855f,-2.187820148485031f,-1.0351689770182528f,0.5220996310222124f,2.3532990831863705f,-0.711946522325661f,-1.0258016849073206f,1.994534186603847f,0.56578727289704f,-1.3430296607176793f,2.2300918399465965f,0.4964689902559076f,0f,0f,0f,1f], start_interpolation: 0, interpolation_duration: 1 }
$data merge entity $(bone_right_hand) { transformation: [-0.41782782483552994f,-0.8212389096362857f,-0.38856989344597204f,-0.14915957508704036f,0.8833544998944727f,-0.2672423444490788f,-0.3850537064482641f,1.5623340389136513f,0.21237875672815243f,-0.5041311165091521f,0.8371063738007493f,1.4149467812217065f,0f,0f,0f,1f], start_interpolation: 0, interpolation_duration: 1 }
$data merge entity $(bone_right_arm_low) { transformation: [-0.41782782483552994f,-0.8212389096362857f,-0.38856989344597204f,-0.956427054841292f,0.8833544998944727f,-0.2672423444490788f,-0.3850537064482641f,1.2278491098946596f,0.21237875672815243f,-0.5041311165091521f,0.8371063738007493f,0.9237015665983181f,0f,0f,0f,1f], start_interpolation: 0, interpolation_duration: 1 }
$data merge entity $(bone_right_arm) { transformation: [-0.4624076164165028f,-0.0557085886619062f,-1.0039161956873366f,-1f,0.9776032721319636f,0.23339512832904752f,-0.4632391768008976f,1.4375f,0.2350383311949654f,-1.0803681065986692f,-0.04830854631967038f,-0.1811737500000001f,0f,0f,0f,1f], start_interpolation: 0, interpolation_duration: 1 }