# This file was generated by Animated Java via MC-Build. It is not recommended to edit this file directly.
$data merge entity $(bone_barrel1) { transformation: [0.23161183920842365f,-0.6907554383307623f,1.1166873591711983f,-0.039063829793468965f,-0.9091937444336353f,-0.9024860742034633f,-0.3696801302874475f,1.0281592431501339f,0.9473650134974452f,-0.6972471499139132f,-0.6277927372275727f,1.8086346838956633f,0f,0f,0f,1f], start_interpolation: 0, interpolation_duration: 1 }
$data merge entity $(bone_barrel2) { transformation: [0.23161183920842365f,-0.6907554383307623f,1.1166873591711983f,-0.23333879682399583f,-0.9091937444336353f,-0.9024860742034633f,-0.3696801302874475f,0.7743350347804099f,0.9473650134974452f,-0.6972471499139132f,-0.6277927372275727f,1.6125339229823754f,0f,0f,0f,1f], start_interpolation: 0, interpolation_duration: 1 }
$data merge entity $(bone_blaster_left) { transformation: [0.17370887940631774f,-0.5180665787480717f,0.8375155193783989f,0.03581927092920789f,-0.6818953083252265f,-0.6768645556525975f,-0.27726009771558563f,0.8860798017410277f,0.7105237601230839f,-0.5229353624354349f,-0.47084455292067956f,1.5599538178416745f,0f,0f,0f,1f], start_interpolation: 0, interpolation_duration: 1 }
$data merge entity $(bone_sword_left) { transformation: [-1.3801544056695032f,2.2311818235408243f,0.4627688506676023f,-0.1464322673808413f,-1.8031998913787095f,-0.738634301219043f,-1.8166020596516395f,1.917526906598202f,-1.3931250807371829f,-1.2543526464674157f,1.8928696389496347f,0.39722109968566943f,0f,0f,0f,1f], start_interpolation: 0, interpolation_duration: 1 }
$data merge entity $(bone_rocket_left) { transformation: [-1.193778442937363f,1.9298831726908472f,0.40027657465028116f,0.7101564893189318f,-1.5596958932944f,-0.6388891723905761f,-1.571288233620323f,0.9276221801996836f,-1.2049975588728947f,-1.0849649452575882f,1.6372566438843883f,1.0091732436452086f,0f,0f,0f,1f], start_interpolation: 0, interpolation_duration: 1 }
$data merge entity $(bone_drillhead_left1) { transformation: [0.17370887940631782f,0.8375155193783987f,0.5180665787480719f,-0.5410953592490224f,-0.6818953083252267f,-0.27726009771558563f,0.6768645556525973f,1.1807982056582353f,0.7105237601230837f,-0.47084455292067984f,0.5229353624354349f,1.7386078234552578f,0f,0f,0f,1f], start_interpolation: 0, interpolation_duration: 1 }
$data merge entity $(bone_drillhead_left2) { transformation: [-0.5451066187869936f,0.8375155193783987f,-0.03776941824998287f,-0.6982028577146933f,-0.3643912721462325f,-0.27726009771558563f,-0.8890139700805575f,1.2830086329771226f,-0.7550349494813213f,-0.47084455292067984f,0.4563196599388018f,1.3989652806038713f,0f,0f,0f,1f], start_interpolation: 0, interpolation_duration: 1 }
$data merge entity $(bone_drillhead_left3) { transformation: [0.4121555983799873f,0.8375155193783987f,-0.3587415748479197f,-0.5016470193127306f,0.8862913463533304f,-0.27726009771558563f,0.37096426727374293f,1.5399309967674992f,0.21122360687961855f,-0.47084455292067984f,-0.8565570587425508f,1.5972987747835719f,0f,0f,0f,1f], start_interpolation: 0, interpolation_duration: 1 }
$data merge entity $(bone_drill_left) { transformation: [0.26556707575947547f,1.2803982625680927f,0.7920229917840206f,-0.15499600187895662f,-1.0424852409671934f,-0.42387673921311664f,1.0347941990313672f,1.2208257974847034f,1.0862525731465378f,-0.7198297029131303f,0.7994664146578394f,1.3041582287158022f,0f,0f,0f,1f], start_interpolation: 0, interpolation_duration: 1 }
$data merge entity $(bone_left_hand) { transformation: [-0.5180665787480719f,0.8375155193783987f,0.17370887940631793f,0.2805419246668376f,-0.6768645556525974f,-0.27726009771558563f,-0.6818953083252266f,1.108870685827803f,-0.5229353624354348f,-0.47084455292067984f,0.7105237601230838f,1.2001877850978557f,0f,0f,0f,1f], start_interpolation: 0, interpolation_duration: 1 }
$data merge entity $(bone_left_arm_low) { transformation: [-0.5180665787480719f,0.8375155193783987f,0.17370887940631793f,1.0911066853549292f,-0.6768645556525974f,-0.27726009771558563f,-0.6818953083252266f,0.7679973249987666f,-0.5229353624354348f,-0.47084455292067984f,0.7105237601230838f,0.7188636395288077f,0f,0f,0f,1f], start_interpolation: 0, interpolation_duration: 1 }
$data merge entity $(bone_left_arm) { transformation: [-0.7247843989822514f,-0.06949131089639118f,0.833444965931084f,1f,-0.6873974156976299f,0.6777029993174624f,-0.5412720352487861f,1.4375f,-0.47638676138006203f,-0.8721591488713769f,-0.48699697242980794f,-0.18117374999999988f,0f,0f,0f,1f], start_interpolation: 0, interpolation_duration: 1 }
$data merge entity $(bone_drillhead_right1) { transformation: [-0.3430506322367147f,-0.841270570337035f,0.41782782483552977f,0.6931985880503491f,-0.3698536744962626f,-0.28791159576821235f,-0.8833544998944729f,1.7400250013673166f,0.8634376197407678f,-0.45757047600014733f,-0.2123787567281524f,1.8995306414326223f,0f,0f,0f,1f], start_interpolation: 0, interpolation_duration: 1 }
$data merge entity $(bone_drillhead_right2) { transformation: [-0.254742782059897f,-0.841270570337035f,-0.47683324388425746f,0.708503687294822f,0.9576500160333177f,-0.28791159576821235f,-0.0036551078764244793f,2.009713940072302f,-0.1342108854742065f,-0.45757047600014733f,0.8789861760649186f,1.7016981609252448f,0f,0f,0f,1f], start_interpolation: 0, interpolation_duration: 1 }
$data merge entity $(bone_drillhead_right3) { transformation: [0.5173023688986172f,-0.841270570337035f,0.15704167159285737f,0.8670914851565115f,-0.6745762687751768f,-0.28791159576821235f,0.679745371905953f,1.6745764686444031f,-0.5266356584368741f,-0.45757047600014733f,-0.7164385128925991f,1.6209995912145188f,0f,0f,0f,1f], start_interpolation: 0, interpolation_duration: 1 }
$data merge entity $(bone_drill_right) { transformation: [-0.5244576647544141f,-1.286139004813515f,0.6387774418426091f,0.18656365815490888f,-0.5654343009439565f,-0.4401608071315868f,-1.3504771442755445f,1.6097195857983682f,1.3200281100134594f,-0.6995362222157703f,-0.3246857936709317f,1.4346522465240428f,0f,0f,0f,1f], start_interpolation: 0, interpolation_duration: 1 }
$data merge entity $(bone_barrel3) { transformation: [0.4574008429822859f,0.5571037664473728f,-1.1216940937827136f,0.13064556717528497f,0.49313823266168366f,-1.1778059998592971f,-0.38388212769094954f,1.637824549499984f,-1.1512501596543572f,-0.2831716756375369f,-0.6100939680001961f,1.9869548700485669f,0f,0f,0f,1f], start_interpolation: 0, interpolation_duration: 1 }
$data merge entity $(bone_barrel4) { transformation: [0.4574008429822859f,0.5571037664473728f,-1.1216940937827136f,0.278406698119652f,0.49313823266168366f,-1.1778059998592971f,-0.38388212769094954f,1.303512409842698f,-1.1512501596543572f,-0.2831716756375369f,-0.6100939680001961f,1.9024588714697905f,0f,0f,0f,1f], start_interpolation: 0, interpolation_duration: 1 }
$data merge entity $(bone_blaster_right) { transformation: [0.34305063223671445f,0.41782782483552966f,-0.8412705703370352f,-0.1335963321690068f,0.3698536744962628f,-0.8833544998944729f,-0.2879115957682122f,1.34777831676916f,-0.8634376197407679f,-0.2123787567281527f,-0.4575704760001471f,1.7910773547353462f,0f,0f,0f,1f], start_interpolation: 0, interpolation_duration: 1 }
$data merge entity $(bone_rocket_right) { transformation: [-0.9627987417243142f,-1.9385359194041825f,-0.7904899995476637f,-0.4478417219788261f,2.0355097253987093f,-0.6634333705338777f,-0.8522521269790637f,1.2040501621786626f,0.48938339572604705f,-1.0543775506491244f,1.9896153497462274f,1.1404087911809022f,0f,0f,0f,1f], start_interpolation: 0, interpolation_duration: 1 }
$data merge entity $(bone_sword_right) { transformation: [-1.1131135203733853f,-2.241185460788761f,-0.913903465059166f,0.5106713193170488f,2.3532990831863705f,-0.7670104068536465f,-0.9853080651189783f,2.0101906123269884f,0.5657872728970404f,-1.2189898639707326f,2.3002395518076932f,0.4088649331329707f,0f,0f,0f,1f], start_interpolation: 0, interpolation_duration: 1 }
$data merge entity $(bone_right_hand) { transformation: [-0.4178278248355298f,-0.841270570337035f,-0.3430506322367146f,-0.1102227285043964f,0.8833544998944728f,-0.28791159576821235f,-0.36985367449626283f,1.5919604396924032f,0.2123787567281526f,-0.45757047600014733f,0.8634376197407678f,1.368323867129216f,0f,0f,0f,1f], start_interpolation: 0, interpolation_duration: 1 }
$data merge entity $(bone_right_arm_low) { transformation: [-0.4178278248355298f,-0.841270570337035f,-0.3430506322367146f,-0.9360993920466081f,0.8833544998944728f,-0.28791159576821235f,-0.36985367449626283f,1.237281260352778f,0.2123787567281526f,-0.45757047600014733f,0.8634376197407678f,0.9244621444504582f,0f,0f,0f,1f], start_interpolation: 0, interpolation_duration: 1 }
$data merge entity $(bone_right_arm) { transformation: [-0.4624076164165027f,-0.07570548273910065f,-1.0026065303484095f,-1f,0.9776032721319637f,0.22411645642582798f,-0.4677987118516209f,1.4375f,0.2350383311949656f,-1.0811163084406774f,-0.026767312653982658f,-0.1811737500000001f,0f,0f,0f,1f], start_interpolation: 0, interpolation_duration: 1 }