# This file was generated by Animated Java via MC-Build. It is not recommended to edit this file directly.
$data merge entity $(bone_barrel1) { transformation: [0.240530024394284f,-0.6903475861362169f,1.1150530460290042f,-0.042446807837610415f,-0.910296057277881f,-0.9039653189082355f,-0.3632981806908125f,1.0258267615360612f,0.9440784783305924f,-0.6957332033939507f,-0.6343886145147639f,1.8196131845813124f,0f,0f,0f,1f], start_interpolation: 0, interpolation_duration: 1 }
$data merge entity $(bone_barrel2) { transformation: [0.240530024394284f,-0.6903475861362169f,1.1150530460290042f,-0.23660706643842144f,-0.910296057277881f,-0.9039653189082355f,-0.3632981806908125f,0.7715865155931201f,0.9440784783305924f,-0.6957332033939507f,-0.6343886145147639f,1.6239382211267637f,0f,0f,0f,1f], start_interpolation: 0, interpolation_duration: 1 }
$data merge entity $(bone_blaster_left) { transformation: [0.18039751829571302f,-0.5177606896021627f,0.8362897845217533f,0.031778124707433575f,-0.6827220429584108f,-0.6779739891811767f,-0.2724736355181094f,0.884643806646159f,0.7080588587479444f,-0.521799902545463f,-0.475791460886073f,1.5702254298226481f,0f,0f,0f,1f], start_interpolation: 0, interpolation_duration: 1 }
$data merge entity $(bone_sword_left) { transformation: [-1.3793395022001596f,2.2279164066388693f,0.48058770795316436f,-0.16104746492172556f,-1.806155475921465f,-0.7258829345792935f,-1.818804520673283f,1.9178977927817438f,-1.3901001607097365f,-1.2675314483877755f,1.886303022549363f,0.41080720531340376f,0f,0f,0f,1f], start_interpolation: 0, interpolation_duration: 1 }
$data merge entity $(bone_rocket_left) { transformation: [-1.1930735839804367f,1.9270587174786302f,0.4156891745868531f,0.7030684456853062f,-1.5622523558894015f,-0.6278597494868833f,-1.5731932744463692f,0.9304249271661089f,-1.2023811238526236f,-1.0963640826089163f,1.6315767829431187f,1.016069235062413f,0f,0f,0f,1f], start_interpolation: 0, interpolation_duration: 1 }
$data merge entity $(bone_drillhead_left1) { transformation: [0.1803975182957131f,0.8362897845217532f,0.5177606896021629f,-0.5455046262842274f,-0.682722042958411f,-0.2724736355181094f,0.6779739891811765f,1.1763931928447695f,0.7080588587479442f,-0.47579146088607327f,0.521799902545463f,1.7525262880301797f,0f,0f,0f,1f], start_interpolation: 0, interpolation_duration: 1 }
$data merge entity $(bone_drillhead_left2) { transformation: [-0.5473836453539154f,0.8362897845217532f,-0.03147286297143184f,-0.7048169066449105f,-0.36509987742888655f,-0.2724736355181094f,-0.8902023351176723f,1.2786727209417459f,-0.753042644410309f,-0.47579146088607327f,0.45447690969665877f,1.4139331842906837f,0f,0f,0f,1f], start_interpolation: 0, interpolation_duration: 1 }
$data merge entity $(bone_drillhead_left3) { transformation: [0.40931336237082017f,0.8362897845217532f,-0.36480401270991136f,-0.5083780062553342f,0.8876327069301486f,-0.2724736355181094f,0.3713035086494626f,1.5360161625996684f,0.21111785564596586f,-0.47579146088607327f,-0.8538452651243931f,1.6118361529102878f,0f,0f,0f,1f], start_interpolation: 0, interpolation_duration: 1 }
$data merge entity $(bone_drill_left) { transformation: [0.2757927031237103f,1.2785243524798557f,0.7915553468008554f,-0.16183739556728682f,-1.0437491573525515f,-0.4165591698789447f,1.0364903070192906f,1.2191167859282126f,1.0824842185726753f,-0.7273925626063753f,0.7977305174276427f,1.3161829336562243f,0f,0f,0f,1f], start_interpolation: 0, interpolation_duration: 1 }
$data merge entity $(bone_left_hand) { transformation: [-0.5177606896021629f,0.8362897845217532f,0.1803975182957132f,0.2736487085309476f,-0.6779739891811766f,-0.2724736355181094f,-0.6827220429584109f,1.1093318726100643f,-0.5217999025454629f,-0.47579146088607327f,0.7080588587479443f,1.2097112868337032f,0f,0f,0f,1f], start_interpolation: 0, interpolation_duration: 1 }
$data merge entity $(bone_left_arm_low) { transformation: [-0.5177606896021629f,0.8362897845217532f,0.1803975182957132f,1.0832158723993066f,-0.6779739891811766f,-0.2724736355181094f,-0.6827220429584109f,0.7731497989256809f,-0.5217999025454629f,-0.47579146088607327f,0.7080588587479443f,0.7234341713744118f,0f,0f,0f,1f], start_interpolation: 0, interpolation_duration: 1 }
$data merge entity $(bone_left_arm) { transformation: [-0.7247843989822516f,-0.0617288960801732f,0.8340558116305451f,1f,-0.6873974156976299f,0.6726343656829573f,-0.5475580165868574f,1.4375f,-0.47638676138006203f,-0.8766553096999051f,-0.47885603273928473f,-0.18117374999999988f,0f,0f,0f,1f], start_interpolation: 0, interpolation_duration: 1 }
$data merge entity $(bone_drillhead_right1) { transformation: [-0.3165472210439123f,-0.8515971850837613f,0.4178278248355299f,0.7289529015820169f,-0.36065957495904055f,-0.29934845666305027f,-0.8833544998944728f,1.7694038302838635f,0.8773383200566017f,-0.43031701784947296f,-0.21237875672815223f,1.8476762382743357f,0f,0f,0f,1f], start_interpolation: 0, interpolation_duration: 1 }
$data merge entity $(bone_drillhead_right2) { transformation: [-0.26488519842454206f,-0.8515971850837613f,-0.45234728474149677f,0.736948045291507f,0.9541315864649071f,-0.29934845666305027f,0.004839132505886412f,2.0365569271565507f,-0.1395304531833485f,-0.43031701784947296f,0.8918287485742907f,1.6460097795490352f,0f,0f,0f,1f], start_interpolation: 0, interpolation_duration: 1 }
$data merge entity $(bone_drillhead_right3) { transformation: [0.5071599525339724f,-0.8515971850837613f,0.13255571245009656f,0.8955323977097414f,-0.6780946983435872f,-0.29934845666305027f,0.671251131523642f,1.7014182604957124f,-0.5319552261460156f,-0.43031701784947296f,-0.7292810854019712f,1.565309402747268f,0f,0f,0f,1f], start_interpolation: 0, interpolation_duration: 1 }
$data merge entity $(bone_drill_right) { transformation: [-0.4839391061627138f,-1.3019263893741402f,0.6387774418426093f,0.2105778902294635f,-0.5513783117700789f,-0.4576455420172782f,-1.3504771442755445f,1.6297125673886752f,1.3412795759517664f,-0.6578709877721209f,-0.3246857936709314f,1.3987396344586984f,0f,0f,0f,1f], start_interpolation: 0, interpolation_duration: 1 }
$data merge entity $(bone_barrel3) { transformation: [0.4220629613918827f,0.557103766447373f,-1.1354629134450152f,0.16973911630442456f,0.48087943327872096f,-1.177805999859297f,-0.39913127555073347f,1.6647276226942715f,-1.1697844267421358f,-0.28317167563753665f,-0.5737560237992969f,1.9519674810841123f,0f,0f,0f,1f], start_interpolation: 0, interpolation_duration: 1 }
$data merge entity $(bone_barrel4) { transformation: [0.4220629613918827f,0.557103766447373f,-1.1354629134450152f,0.31739070122873153f,0.48087943327872096f,-1.177805999859297f,-0.39913127555073347f,1.3302941593870057f,-1.1697844267421358f,-0.28317167563753665f,-0.5737560237992969f,1.8677605905960806f,0f,0f,0f,1f], start_interpolation: 0, interpolation_duration: 1 }
$data merge entity $(bone_blaster_right) { transformation: [0.31654722104391203f,0.41782782483552977f,-0.8515971850837615f,-0.09782311576280794f,0.3606595749590407f,-0.8833544998944728f,-0.2993484566630501f,1.3704236061197097f,-0.8773383200566018f,-0.2123787567281525f,-0.4303170178494727f,1.7672671906268866f,0f,0f,0f,1f], start_interpolation: 0, interpolation_duration: 1 }
$data merge entity $(bone_rocket_right) { transformation: [-0.9627987417243145f,-1.9623314904347462f,-0.7294183106100571f,-0.4289242655504041f,2.035509725398709f,-0.689787276674907f,-0.8310662055550658f,1.2161081470526942f,0.48938339572604667f,-0.9915775319442087f,2.0216466697724607f,1.1274732435322092f,0f,0f,0f,1f], start_interpolation: 0, interpolation_duration: 1 }
$data merge entity $(bone_sword_right) { transformation: [-1.1131135203733855f,-2.2686960615937526f,-0.8432970966433326f,0.5034983657334265f,2.3532990831863705f,-0.7974787570591046f,-0.960814539570341f,2.018725263469694f,0.56578727289704f,-1.1463853342068588f,2.3372716893162564f,0.35925459428483386f,0f,0f,0f,1f], start_interpolation: 0, interpolation_duration: 1 }
$data merge entity $(bone_right_hand) { transformation: [-0.41782782483552994f,-0.8515971850837613f,-0.3165472210439122f,-0.08779842790216141f,0.8833544998944727f,-0.29934845666305027f,-0.3606595749590408f,1.6091622237927776f,0.21237875672815243f,-0.43031701784947296f,0.8773383200566017f,1.3408927966354462f,0f,0f,0f,1f], start_interpolation: 0, interpolation_duration: 1 }
$data merge entity $(bone_right_arm_low) { transformation: [-0.41782782483552994f,-0.8515971850837613f,-0.3165472210439122f,-0.9231734745913243f,0.8833544998944727f,-0.29934845666305027f,-0.3606595749590408f,1.243333499168853f,0.21237875672815243f,-0.43031701784947296f,0.8773383200566017f,0.9247189289922326f,0f,0f,0f,1f], start_interpolation: 0, interpolation_duration: 1 }
$data merge entity $(bone_right_arm) { transformation: [-0.4624076164165028f,-0.0884210715805028f,-1.0015652195012523f,-1f,0.9776032721319636f,0.21816269874314037f,-0.4706047786922862f,1.4375f,0.2350383311949654f,-1.0813689146224303f,-0.013047294409966945f,-0.1811737500000001f,0f,0f,0f,1f], start_interpolation: 0, interpolation_duration: 1 }