# This file was generated by Animated Java via MC-Build. It is not recommended to edit this file directly.
$data merge entity $(bone_barrel1) { transformation: [0.23419685849423927f,-0.6904211259643148f,1.1163549068604366f,-0.04439184522994595f,-0.9085540079225037f,-0.9036951830808815f,-0.36829663118489775f,1.0311126685970853f,0.947343245047518f,-0.6960111081558665f,-0.6291955905473737f,1.813830908488067f,0f,0f,0f,1f], start_interpolation: 0, interpolation_duration: 1 }
$data merge entity $(bone_barrel2) { transformation: [0.23419685849423927f,-0.6904211259643148f,1.1163549068604366f,-0.23857278690740952f,-0.9085540079225037f,-0.9036951830808815f,-0.36829663118489775f,0.7769483983555874f,0.947343245047518f,-0.6960111081558665f,-0.6291955905473737f,1.6180777843192296f,0f,0f,0f,1f], start_interpolation: 0, interpolation_duration: 1 }
$data merge entity $(bone_blaster_left) { transformation: [0.17564764387067947f,-0.5178158444732361f,0.8372661801453275f,0.030354078479048086f,-0.6814155059418778f,-0.6777713873106611f,-0.27622247338867334f,0.8890586644556493f,0.7105074337856385f,-0.5220083311168999f,-0.4718966929105303f,1.5650942477751713f,0f,0f,0f,1f], start_interpolation: 0, interpolation_duration: 1 }
$data merge entity $(bone_sword_left) { transformation: [-1.379486437442518f,2.230517571772526f,0.46793381290761105f,-0.15495021739552872f,-1.8056157347459878f,-0.7358700198603063f,-1.8153238429119503f,1.9198657697891863f,-1.390655424498092f,-1.257155598253811f,1.8928261447975738f,0.4022764818593768f,0f,0f,0f,1f], start_interpolation: 0, interpolation_duration: 1 }
$data merge entity $(bone_rocket_left) { transformation: [-1.193200677097058f,1.9293086214388857f,0.4047440607195061f,0.7038797227246167f,-1.5617855013277644f,-0.6364981794098503f,-1.570182627187467f,0.9313801559454837f,-1.202861404854488f,-1.0873893866138933f,1.6372190231798418f,1.0133807422966044f,0f,0f,0f,1f], start_interpolation: 0, interpolation_duration: 1 }
$data merge entity $(bone_drillhead_left1) { transformation: [0.17564764387067955f,0.8372661801453274f,0.5178158444732364f,-0.5467350504280379f,-0.681415505941878f,-0.27622247338867334f,0.6777713873106609f,1.1830146252660751f,0.7105074337856383f,-0.4718966929105306f,0.5220083311168999f,1.744439479783855f,0f,0f,0f,1f], start_interpolation: 0, interpolation_duration: 1 }
$data merge entity $(bone_drillhead_left2) { transformation: [-0.5456169035621434f,0.8372661801453274f,-0.03588228159009321f,-0.7044508613980722f,-0.3654126877774676f,-0.27622247338867334f,-0.8889177199304167f,1.2848905943889188f,-0.7541722364012784f,-0.4718966929105306f,0.456659335896682f,1.4049784299905803f,0f,0f,0f,1f], start_interpolation: 0, interpolation_duration: 1 }
$data merge entity $(bone_drillhead_left3) { transformation: [0.4111820170755982f,0.8372661801453274f,-0.36043680780199805f,-0.5079904152158228f,0.8869455371387319f,-0.27622247338867334f,0.3701739582206319f,1.5421569896770193f,0.21037338943727868f,-0.4718966929105306f,-0.8561872156466572f,1.6029601677352543f,0f,0f,0f,1f], start_interpolation: 0, interpolation_duration: 1 }
$data merge entity $(bone_drill_left) { transformation: [0.26853106937423254f,1.2800170713979857f,0.791639667866508f,-0.1612858979421818f,-1.0417517164846004f,-0.422290413521668f,1.0361805681822196f,1.2234493977333865f,1.0862276133534168f,-0.7214382202287059f,0.7980491641566435f,1.3094505692795375f,0f,0f,0f,1f], start_interpolation: 0, interpolation_duration: 1 }
$data merge entity $(bone_left_hand) { transformation: [-0.5178158444732364f,0.8372661801453274f,0.17564764387067966f,0.2742686549100356f,-0.677771387310661f,-0.27622247338867334f,-0.6814155059418779f,1.1120798617611878f,-0.5220083311168998f,-0.4718966929105306f,0.7105074337856384f,1.2049223741402673f,0f,0f,0f,1f], start_interpolation: 0, interpolation_duration: 1 }
$data merge entity $(bone_left_arm_low) { transformation: [-0.5178158444732364f,0.8372661801453274f,0.17564764387067966f,1.0846603336467444f,-0.677771387310661f,-0.27622247338867334f,-0.6814155059418779f,0.7722024421049145f,-0.5220083311168998f,-0.4718966929105306f,0.7105074337856384f,0.7226035178407315f,0f,0f,0f,1f], start_interpolation: 0, interpolation_duration: 1 }
$data merge entity $(bone_left_arm) { transformation: [-0.7247843989822514f,-0.063149853268187f,0.8339494286575002f,1f,-0.68739741569763f,0.6735663072538853f,-0.5464112015310558f,1.4375f,-0.47638676138006203f,-0.8758381724374651f,-0.4803489646259736f,-0.18117374999999988f,0f,0f,0f,1f], start_interpolation: 0, interpolation_duration: 1 }
$data merge entity $(bone_drillhead_right1) { transformation: [-0.31799769500418673f,-0.8510566225376748f,0.41782782483552977f,0.7294863314698997f,-0.36116907510254326f,-0.2987335379661269f,-0.8833544998944729f,1.768963563180485f,0.8766038815574557f,-0.43181118388597417f,-0.21237875672815235f,1.850556911398646f,0f,0f,0f,1f], start_interpolation: 0, interpolation_duration: 1 }
$data merge entity $(bone_drillhead_right2) { transformation: [-0.2643301260708679f,-0.8510566225376748f,-0.4536873479458349f,0.7378815331220118f,0.9543265637286135f,-0.2987335379661269f,0.004368415751492771f,2.0362571862430645f,-0.13924939573763412f,-0.43181118388597417f,0.8911502158770415f,1.6490930195328668f,0f,0f,0f,1f], start_interpolation: 0, interpolation_duration: 1 }
$data merge entity $(bone_drillhead_right3) { transformation: [0.5077150248876463f,-0.8510566225376748f,0.13389577565443478f,0.896466074101861f,-0.6778997210798811f,-0.2987335379661269f,0.6717218482780358f,1.7011185858172448f,-0.5316741687003015f,-0.43181118388597417f,-0.728602552704722f,1.5683927382081047f,0f,0f,0f,1f], start_interpolation: 0, interpolation_duration: 1 }
$data merge entity $(bone_drill_right) { transformation: [-0.4861565986099153f,-1.301099974425636f,0.6387774418426091f,0.21173719494692633f,-0.5521572383492582f,-0.4567054509826121f,-1.3504771442755445f,1.6297796642552895f,1.3401567623960635f,-0.6601552769021234f,-0.3246857936709316f,1.4007413386588532f,0f,0f,0f,1f], start_interpolation: 0, interpolation_duration: 1 }
$data merge entity $(bone_barrel3) { transformation: [0.4239969266722486f,0.5571037664473728f,-1.1347421633835666f,0.17007841950011307f,0.4815587668033912f,-1.1778059998592971f,-0.3983113839548356f,1.6644158229701587f,-1.168805175409941f,-0.2831716756375368f,-0.5757482451812985f,1.953931896037861f,0f,0f,0f,1f], start_interpolation: 0, interpolation_duration: 1 }
$data merge entity $(bone_barrel4) { transformation: [0.4239969266722486f,0.5571037664473728f,-1.1347421633835666f,0.31773573877947925f,0.4815587668033912f,-1.1778059998592971f,-0.3983113839548356f,1.3299888827972943f,-1.168805175409941f,-0.2831716756375368f,-0.5757482451812985f,1.8697091552497433f,0f,0f,0f,1f], start_interpolation: 0, interpolation_duration: 1 }
$data merge entity $(bone_blaster_right) { transformation: [0.31799769500418645f,0.41782782483552966f,-0.851056622537675f,-0.09731182195224539f,0.3611690751025434f,-0.8833544998944729f,-0.2987335379661267f,1.3703402953295583f,-0.8766038815574558f,-0.21237875672815262f,-0.4318111838859739f,1.7686196128112623f,0f,0f,0f,1f], start_interpolation: 0, interpolation_duration: 1 }
$data merge entity $(bone_rocket_right) { transformation: [-0.9627987417243142f,-1.9610858746373774f,-0.7327606311087118f,-0.42750533247082834f,2.0355097253987093f,-0.6883703223399639f,-0.83224024440053f,1.2166001569395943f,0.4893833957260469f,-0.9950205318938575f,2.019954306505055f,1.1282183772596994f,0f,0f,0f,1f], start_interpolation: 0, interpolation_duration: 1 }
$data merge entity $(bone_sword_right) { transformation: [-1.1131135203733853f,-2.2672559768437885f,-0.8471612293797451f,0.5063624753266976f,2.3532990831863705f,-0.7958405839294305f,-0.9621718725784726f,2.019425799223502f,0.5657872728970402f,-1.150365864746123f,2.335315109656671f,0.3619755974580625f,0f,0f,0f,1f], start_interpolation: 0, interpolation_duration: 1 }
$data merge entity $(bone_right_hand) { transformation: [-0.4178278248355298f,-0.8510566225376748f,-0.3179976950041866f,-0.08655912147311173f,0.8833544998944728f,-0.2987335379661269f,-0.3611690751025435f,1.609378618090185f,0.21237875672815254f,-0.43181118388597417f,0.8766038815574557f,1.3424309157873837f,0f,0f,0f,1f], start_interpolation: 0, interpolation_duration: 1 }
$data merge entity $(bone_right_arm_low) { transformation: [-0.4178278248355298f,-0.8510566225376748f,-0.3179976950041866f,-0.9214389329274467f,0.8833544998944728f,-0.2987335379661269f,-0.3611690751025435f,1.244148890283699f,0.21237875672815254f,-0.43181118388597417f,0.8766038815574557f,0.9247399309045705f,0f,0f,0f,1f], start_interpolation: 0, interpolation_duration: 1 }
$data merge entity $(bone_right_arm) { transformation: [-0.4624076164165027f,-0.09012738903939482f,-1.0014131158313127f,-1f,0.9776032721319637f,0.21736057555171623f,-0.4709757966676552f,1.4375f,0.23503833119496553f,-1.081389574794762f,-0.011204861816083224f,-0.1811737500000001f,0f,0f,0f,1f], start_interpolation: 0, interpolation_duration: 1 }