# This file was generated by Animated Java via MC-Build. It is not recommended to edit this file directly.
$data merge entity $(bone_barrel1) { transformation: [0.2131030893578268f,-0.6909842814355134f,1.1202256798935535f,-0.04435680230975242f,-0.9039569739092572f,-0.901675346147089f,-0.3842149622921041f,1.0435454842839174f,0.9566747829877955f,-0.6980688151875515f,-0.6125773964452814f,1.791523088069897f,0f,0f,0f,1f], start_interpolation: 0, interpolation_duration: 1 }
$data merge entity $(bone_barrel2) { transformation: [0.2131030893578268f,-0.6909842814355134f,1.1202256798935535f,-0.23869613146349056f,-0.9039569739092572f,-0.901675346147089f,-0.3842149622921041f,0.7899492931800487f,0.9566747829877955f,-0.6980688151875515f,-0.6125773964452814f,1.595191233798398f,0f,0f,0f,1f], start_interpolation: 0, interpolation_duration: 1 }
$data merge entity $(bone_blaster_left) { transformation: [0.1598273170183701f,-0.518238211076635f,0.8401692599201651f,0.032003151084716075f,-0.6779677304319429f,-0.6762565096103168f,-0.2881612217190781f,0.8989281169465926f,0.7175060872408466f,-0.5235516113906636f,-0.45943304733396106f,1.5447616766451282f,0f,0f,0f,1f], start_interpolation: 0, interpolation_duration: 1 }
$data merge entity $(bone_sword_left) { transformation: [-1.3806116424883585f,2.2382515166082158f,0.42578769752392776f,-0.1282891115905691f,-1.8015800273331817f,-0.7676754224520073f,-1.8061388023110005f,1.9230597382460697f,-1.3947667977392784f,-1.2239518440282942f,1.9114708958704987f,0.3723679970366023f,0f,0f,0f,1f], start_interpolation: 0, interpolation_duration: 1 }
$data merge entity $(bone_rocket_left) { transformation: [-1.1941739345254232f,1.9359981748582615f,0.368289354063561f,0.7127117181194964f,-1.5582947755860503f,-0.6640085824683388f,-1.5622379338822285f,0.9303698339202524f,-1.2064175785159539f,-1.058669465236847f,1.653345988259516f,1.0011966304685134f,0f,0f,0f,1f], start_interpolation: 0, interpolation_duration: 1 }
$data merge entity $(bone_drillhead_left1) { transformation: [0.1598273170183702f,0.840169259920165f,0.5182382110766353f,-0.5442160156468171f,-0.6779677304319431f,-0.2881612217190781f,0.6762565096103166f,1.2000406977269453f,0.7175060872408464f,-0.45943304733396134f,0.5235516113906636f,1.714789225677576f,0f,0f,0f,1f], start_interpolation: 0, interpolation_duration: 1 }
$data merge entity $(bone_drillhead_left2) { transformation: [-0.5399529424412607f,0.840169259920165f,-0.050659990468085614f,-0.6966597960689701f,-0.36533252984202785f,-0.2881612217190781f,-0.8851526721061131f,1.3010377984843218f,-0.7582763101853099f,-0.45943304733396134f,0.4625346607868229f,1.3726675018852788f,0f,0f,0f,1f], start_interpolation: 0, interpolation_duration: 1 }
$data merge entity $(bone_drillhead_left3) { transformation: [0.41762640991667416f,0.840169259920165f,-0.3459823643270158f,-0.5000370278204449f,0.8842265660709598f,-0.2881612217190781f,0.36756834759229046f,1.5577289308990014f,0.20912092576896457f,-0.45943304733396134f,-0.8632437161213286f,1.5712339217175821f,0f,0f,0f,1f], start_interpolation: 0, interpolation_duration: 1 }
$data merge entity $(bone_drill_left) { transformation: [0.24434486798898486f,1.284455315482773f,0.7922853842176033f,-0.15301222695572514f,-1.0364807386095611f,-0.44054243663741094f,1.0338646149483457f,1.2333781911065351f,1.0969271926651118f,-0.7023837313598331f,0.8004085393986082f,1.2843596966171476f,0f,0f,0f,1f], start_interpolation: 0, interpolation_duration: 1 }
$data merge entity $(bone_left_hand) { transformation: [-0.5182382110766353f,0.840169259920165f,0.1598273170183703f,0.2826378808457658f,-0.6762565096103167f,-0.2881612217190781f,-0.677967730431943f,1.116823427931788f,-0.5235516113906635f,-0.45943304733396134f,0.7175060872408465f,1.1860690236829412f,0f,0f,0f,1f], start_interpolation: 0, interpolation_duration: 1 }
$data merge entity $(bone_left_arm_low) { transformation: [-0.5182382110766353f,0.840169259920165f,0.1598273170183703f,1.095411856230465f,-0.6762565096103167f,-0.2881612217190781f,-0.677967730431943f,0.7652096827860668f,-0.5235516113906635f,-0.45943304733396134f,0.7175060872408465f,0.7163360658633398f,0f,0f,0f,1f], start_interpolation: 0, interpolation_duration: 1 }
$data merge entity $(bone_left_arm) { transformation: [-0.7247843989822516f,-0.07372642866924357f,0.8330810088110538f,1f,-0.6873974156976299f,0.6804452814290611f,-0.5378205931415914f,1.4375f,-0.4763867613800618f,-0.869672703510138f,-0.49142346391397623f,-0.18117374999999988f,0f,0f,0f,1f], start_interpolation: 0, interpolation_duration: 1 }
$data merge entity $(bone_drillhead_right1) { transformation: [-0.34732199059708924f,-0.8395161366173284f,0.4178278248355299f,0.6945217094135288f,-0.3713122188970812f,-0.2860280818624491f,-0.8833544998944727f,1.7386086632726565f,0.8611008483014059f,-0.46195302006286615f,-0.21237875672815223f,1.9080247374441608f,0f,0f,0f,1f], start_interpolation: 0, interpolation_duration: 1 }
$data merge entity $(bone_drillhead_right2) { transformation: [-0.25310820398168765f,-0.8395161366173284f,-0.4807794644494285f,0.7110049000161736f,0.9582081768108797f,-0.2860280818624491f,-0.005002627195599796f,2.008699885843602f,-0.13331664175913893f,-0.46195302006286615f,0.8768272807599351f,1.7108367662489203f,0f,0f,0f,1f], start_interpolation: 0, interpolation_duration: 1 }
$data merge entity $(bone_drillhead_right3) { transformation: [0.5189369469768268f,-0.8395161366173284f,0.16098789215802828f,0.8695932531544499f,-0.6740181079976144f,-0.2860280818624491f,0.6810928912251282f,1.6735626040264757f,-0.5257414147218061f,-0.46195302006286615f,-0.7142796175876156f,1.6301385003184814f,0f,0f,0f,1f], start_interpolation: 0, interpolation_duration: 1 }
$data merge entity $(bone_drill_right) { transformation: [-0.5309877405522792f,-1.283456817039645f,0.6387774418426093f,0.189839836599275f,-0.5676641315243768f,-0.43728128087008894f,-1.3504771442755443f,1.609839007284409f,1.316455641179451f,-0.7062362793176351f,-0.3246857936709314f,1.4406009912364004f,0f,0f,0f,1f], start_interpolation: 0, interpolation_duration: 1 }
$data merge entity $(bone_barrel3) { transformation: [0.46309598746278524f,0.557103766447373f,-1.1193548488231047f,0.13147224853910652f,0.49508295852944184f,-1.177805999859297f,-0.38137077581659856f,1.6368329714031764f,-1.1481344644018745f,-0.2831716756375367f,-0.6159373600838212f,1.9927055650272174f,0f,0f,0f,1f], start_interpolation: 0, interpolation_duration: 1 }
$data merge entity $(bone_barrel4) { transformation: [0.46309598746278524f,0.557103766447373f,-1.1193548488231047f,0.2792519907356765f,0.49508295852944184f,-1.177805999859297f,-0.38137077581659856f,1.302540812296842f,-1.1481344644018745f,-0.2831716756375367f,-0.6159373600838212f,1.908163075873206f,0f,0f,0f,1f], start_interpolation: 0, interpolation_duration: 1 }
$data merge entity $(bone_blaster_right) { transformation: [0.34732199059708896f,0.41782782483552977f,-0.8395161366173286f,-0.13219888116774106f,0.3713122188970814f,-0.8833544998944727f,-0.28602808186244894f,1.3474895460304601f,-0.861100848301406f,-0.21237875672815254f,-0.4619530200628659f,1.7950277538080492f,0f,0f,0f,1f], start_interpolation: 0, interpolation_duration: 1 }
$data merge entity $(bone_rocket_right) { transformation: [-0.9627987417243145f,-1.934493185825017f,-0.8003324710404156f,-0.44367333804016956f,2.0355097253987084f,-0.6590931980735996f,-0.8556130441568748f,1.2054827008089033f,0.48938339572604667f,-1.0644762268461871f,1.9842307380287083f,1.1426511404450588f,0f,0f,0f,1f], start_interpolation: 0, interpolation_duration: 1 }
$data merge entity $(bone_sword_right) { transformation: [-1.1131135203733855f,-2.236511564561833f,-0.925282570180191f,0.5189810458342735f,2.35329908318637f,-0.7619926347721878f,-0.9891936978990717f,2.0121334056913818f,0.56578727289704f,-1.2306651731767786f,2.29401427974928f,0.41713251941098717f,0f,0f,0f,1f], start_interpolation: 0, interpolation_duration: 1 }
$data merge entity $(bone_right_hand) { transformation: [-0.41782782483552994f,-0.8395161366173284f,-0.3473219905970891f,-0.10666460152806978f,0.8833544998944726f,-0.2860280818624491f,-0.37131221889708144f,1.5925423803948136f,0.21237875672815243f,-0.46195302006286615f,0.8611008483014059f,1.372903536639692f,0f,0f,0f,1f], start_interpolation: 0, interpolation_duration: 1 }
$data merge entity $(bone_right_arm_low) { transformation: [-0.41782782483552994f,-0.8395161366173284f,-0.3473219905970891f,-0.9309203112993365f,0.8833544998944726f,-0.2860280818624491f,-0.37131221889708144f,1.2397011354484262f,0.21237875672815243f,-0.46195302006286615f,0.8611008483014059f,0.9245862457907352f,0f,0f,0f,1f], start_interpolation: 0, interpolation_duration: 1 }
$data merge entity $(bone_right_arm) { transformation: [-0.4624076164165028f,-0.08080029025172379f,-1.0022088045458755f,-1f,0.9776032721319635f,0.2217359571792361f,-0.4689317499857669f,1.4375f,0.2350383311949654f,-1.0812383904223308f,-0.021272152689384784f,-0.1811737500000001f,0f,0f,0f,1f], start_interpolation: 0, interpolation_duration: 1 }