# This file was generated by Animated Java via MC-Build. It is not recommended to edit this file directly.
$data merge entity $(bone_barrel1) { transformation: [0.1877282472747977f,-0.6921208499835807f,1.1240572102748667f,-0.03599374794446916f,-0.8997999538097752f,-0.8978268482638146f,-0.4025478498742344f,1.0525030131363153f,0.9658653767874881f,-0.7018927676878062f,-0.5934883270701226f,1.7606021209019491f,0f,0f,0f,1f], start_interpolation: 0, interpolation_duration: 1 }
$data merge entity $(bone_barrel2) { transformation: [0.1877282472747977f,-0.6921208499835807f,1.1240572102748667f,-0.23065273700235123f,-0.8997999538097752f,-0.8978268482638146f,-0.4025478498742344f,0.7999892120621174f,0.9658653767874881f,-0.7018927676878062f,-0.5934883270701226f,1.5631947799897536f,0f,0f,0f,1f], start_interpolation: 0, interpolation_duration: 1 }
$data merge entity $(bone_blaster_left) { transformation: [0.1407961854560983f,-0.5190906374876856f,0.8430429077061501f,0.042107672459156587f,-0.6748499653573314f,-0.673370136197861f,-0.30191088740567584f,0.9052044204591858f,0.7243990325906161f,-0.5264195757658546f,-0.445116245302592f,1.5159809600989609f,0f,0f,0f,1f], start_interpolation: 0, interpolation_duration: 1 }
$data merge entity $(bone_sword_left) { transformation: [-1.382882547648007f,2.245907053203056f,0.3750878432040101f,-0.08816507324516298f,-1.793890589054351f,-0.8043051964082785f,-1.797832925460257f,1.922984537254152f,-1.4024071934530653f,-1.185811191437962f,1.9298340354413097f,0.3343724069864844f,0f,0f,0f,1f], start_interpolation: 0, interpolation_duration: 1 }
$data merge entity $(bone_rocket_left) { transformation: [-1.1961381767974526f,1.942619908280621f,0.3244360048306377f,0.7309850849262705f,-1.55164371856094f,-0.6956918740906649f,-1.5550536821105578f,0.9242720061089645f,-1.2130262156808698f,-1.0256793239346391f,1.6692293706363237f,0.9822206843235115f,0f,0f,0f,1f], start_interpolation: 0, interpolation_duration: 1 }
$data merge entity $(bone_drillhead_left1) { transformation: [0.14079618545609837f,0.84304290770615f,0.5190906374876858f,-0.5326655338684056f,-0.6748499653573317f,-0.30191088740567584f,0.6733701361978608f,1.2147146110295086f,0.7243990325906159f,-0.44511624530259225f,0.5264195757658546f,1.6754986238983811f,0f,0f,0f,1f], start_interpolation: 0, interpolation_duration: 1 }
$data merge entity $(bone_drillhead_left2) { transformation: [-0.5334575830073606f,0.84304290770615f,-0.06856867286381757f,-0.6788326646024669f,-0.3638589855631355f,-0.30191088740567584f,-0.881167665481935f,1.3152048280438196f,-0.7635637797570751f,-0.44511624530259225f,0.46780538946319494f,1.3305005360503543f,0f,0f,0f,1f], start_interpolation: 0, interpolation_duration: 1 }
$data merge entity $(bone_drillhead_left3) { transformation: [0.4256968479788576f,0.84304290770615f,-0.3287261008609228f,-0.48188397230176444f,0.8803667877119468f,-0.30191088740567584f,0.36579247553724425f,1.5708003315815833f,0.20913276336962022f,-0.44511624530259225f,-0.8707094896996984f,1.530154298127062f,0f,0f,0f,1f], start_interpolation: 0, interpolation_duration: 1 }
$data merge entity $(bone_drill_left) { transformation: [0.21524997097128776f,1.288848563783579f,0.7935885783321271f,-0.13485892499272772f,-1.031714282475601f,-0.46156300001643735f,1.0294519116408607f,1.2401077398836593f,1.1074651648526268f,-0.6804961268649318f,0.8047930988702073f,1.2506145653834597f,0f,0f,0f,1f], start_interpolation: 0, interpolation_duration: 1 }
$data merge entity $(bone_left_hand) { transformation: [-0.5190906374876858f,0.84304290770615f,0.14079618545609848f,0.30066386948218926f,-0.6733701361978609f,-0.30191088740567584f,-0.6748499653573315f,1.1174055726466356f,-0.5264195757658545f,-0.44511624530259225f,0.724399032590616f,1.1595038674378941f,0f,0f,0f,1f], start_interpolation: 0, interpolation_duration: 1 }
$data merge entity $(bone_left_arm_low) { transformation: [-0.5190906374876858f,0.84304290770615f,0.14079618545609848f,1.115663493140862f,-0.6733701361978609f,-0.30191088740567584f,-0.6748499653573315f,0.7523199903111768f,-0.5264195757658545f,-0.44511624530259225f,0.724399032590616f,0.7041238684183928f,0f,0f,0f,1f], start_interpolation: 0, interpolation_duration: 1 }
$data merge entity $(bone_left_arm) { transformation: [-0.7247843989822514f,-0.09364853394407709f,0.8310773162685225f,1f,-0.68739741569763f,0.6931252347375838f,-0.5213771958920115f,1.4375f,-0.47638676138006214f,-0.8576592211328008f,-0.5121018380378276f,-0.18117374999999988f,0f,0f,0f,1f], start_interpolation: 0, interpolation_duration: 1 }
$data merge entity $(bone_drillhead_right1) { transformation: [-0.4055449041910023f,-0.8129903071242122f,0.4178278248355297f,0.6138422639356178f,-0.3905218084852448f,-0.25918631255064317f,-0.8833544998944729f,1.673399007038677f,0.8264538993689392f,-0.5214107938166217f,-0.21237875672815235f,2.02052716671711f,0f,0f,0f,1f], start_interpolation: 0, interpolation_duration: 1 }
$data merge entity $(bone_drillhead_right2) { transformation: [-0.23082725956527278f,-0.8129903071242122f,-0.5345704226420178f,0.6463840255045628f,0.965559368488803f,-0.25918631255064317f,-0.02274997384404598f,1.9487884625319145f,-0.12005782842068452f,-0.5214107938166217f,0.8448176737772654f,1.832895235469962f,0f,0f,0f,1f], start_interpolation: 0, interpolation_duration: 1 }
$data merge entity $(bone_drillhead_right3) { transformation: [0.5412178913932413f,-0.8129903071242122f,0.21477885035061778f,0.8049799476216062f,-0.6666669163196915f,-0.25918631255064317f,0.6988402378735745f,1.6136536779614346f,-0.5124826013833519f,-0.5214107938166217f,-0.6822700106049459f,1.7522014736428844f,0f,0f,0f,1f], start_interpolation: 0, interpolation_duration: 1 }
$data merge entity $(bone_drill_right) { transformation: [-0.6199992462287687f,-1.2429039852289925f,0.638777441842609f,0.13754882027683718f,-0.5970318561387049f,-0.3962454385532829f,-1.3504771442755445f,1.5662325799272194f,1.2634871979805224f,-0.7971356458953178f,-0.3246857936709316f,1.5190989186124024f,0f,0f,0f,1f], start_interpolation: 0, interpolation_duration: 1 }
$data merge entity $(bone_barrel3) { transformation: [0.540726538921336f,0.5571037664473728f,-1.0839870761656165f,0.045233948040591665f,0.5206957446469933f,-1.1778059998592971f,-0.34558175006752406f,1.5781592015554153f,-1.101938532491919f,-0.28317167563753687f,-0.6952143917554953f,2.067086719476701f,0f,0f,0f,1f], start_interpolation: 0, interpolation_duration: 1 }
$data merge entity $(bone_barrel4) { transformation: [0.540726538921336f,0.5571037664473728f,-1.0839870761656165f,0.19329507955215325f,0.5206957446469933f,-1.1778059998592971f,-0.34558175006752406f,1.2441517832931617f,-1.101938532491919f,-0.28317167563753687f,-0.6952143917554953f,1.9819134948264878f,0f,0f,0f,1f], start_interpolation: 0, interpolation_duration: 1 }
$data merge entity $(bone_blaster_right) { transformation: [0.40554490419100203f,0.41782782483552966f,-0.8129903071242124f,-0.2096244856562257f,0.390521808485245f,-0.8833544998944729f,-0.25918631255064306f,1.298876794322216f,-0.8264538993689393f,-0.21237875672815265f,-0.5214107938166215f,1.8448996017598147f,0f,0f,0f,1f], start_interpolation: 0, interpolation_duration: 1 }
$data merge entity $(bone_rocket_right) { transformation: [-0.9627987417243142f,-1.8733698385007478f,-0.9344952639798488f,-0.4817525896184642f,2.0355097253987093f,-0.5972418320731813f,-0.899877613400928f,1.180768423506186f,0.4893833957260469f,-1.2014845023921696f,1.9043939324021413f,1.1705300926523678f,0f,0f,0f,1f], start_interpolation: 0, interpolation_duration: 1 }
$data merge entity $(bone_sword_right) { transformation: [-1.1131135203733853f,-2.1658454727104126f,-1.0803912261018658f,0.535514921766574f,2.3532990831863705f,-0.6904848639733534f,-1.0403689730254364f,1.9927071637898448f,0.5657872728970402f,-1.3890635562491815f,2.201713133190657f,0.5304610461782062f,0f,0f,0f,1f], start_interpolation: 0, interpolation_duration: 1 }
$data merge entity $(bone_right_hand) { transformation: [-0.4178278248355298f,-0.8129903071242122f,-0.4055449041910022f,-0.15436783575330293f,0.8833544998944728f,-0.25918631255064317f,-0.39052180848524504f,1.5556078177854535f,0.21237875672815254f,-0.5214107938166217f,0.8264538993689392f,1.432676810032158f,0f,0f,0f,1f], start_interpolation: 0, interpolation_duration: 1 }
$data merge entity $(bone_right_arm_low) { transformation: [-0.4178278248355298f,-0.8129903071242122f,-0.4055449041910022f,-0.9539171820812633f,0.8833544998944728f,-0.25918631255064317f,-0.39052180848524504f,1.229008042476242f,0.21237875672815254f,-0.5214107938166217f,0.8264538993689392f,0.923819028275306f,0f,0f,0f,1f], start_interpolation: 0, interpolation_duration: 1 }
$data merge entity $(bone_right_arm) { transformation: [-0.4624076164165027f,-0.05817762114421673f,-1.0037761399894085f,-1f,0.9776032721319637f,0.232255053726739f,-0.46381182700454665f,1.4375f,0.23503833119496553f,-1.080483656956651f,-0.045651160474802666f,-0.1811737500000001f,0f,0f,0f,1f], start_interpolation: 0, interpolation_duration: 1 }