# This file was generated by Animated Java via MC-Build. It is not recommended to edit this file directly.
$data merge entity $(bone_barrel1) { transformation: [0.19113456217665642f,-0.692195086434868f,1.1234372787275404f,-0.03298519071983236f,-0.9013121807318584f,-0.8975847290245973f,-0.3996946145046234f,1.0479493722515845f,0.9637850952280271f,-0.7021291863432566f,-0.596582495283793f,1.7627803400992843f,0f,0f,0f,1f], start_interpolation: 0, interpolation_duration: 1 }
$data merge entity $(bone_barrel2) { transformation: [0.19113456217665642f,-0.692195086434868f,1.1234372787275404f,-0.227665058779639f,-0.9013121807318584f,-0.8975847290245973f,-0.3996946145046234f,0.7955036672134165f,0.9637850952280271f,-0.7021291863432566f,-0.596582495283793f,1.5653065064402434f,0f,0f,0f,1f], start_interpolation: 0, interpolation_duration: 1 }
$data merge entity $(bone_blaster_left) { transformation: [0.14335092163249233f,-0.519146314826151f,0.8425779590456554f,0.044833215812795035f,-0.6759841355488938f,-0.673188546768448f,-0.29977096087846755f,0.9012296473489132f,0.7228388214210204f,-0.5265968897574425f,-0.4474368714628448f,1.5177214950935687f,0f,0f,0f,1f], start_interpolation: 0, interpolation_duration: 1 }
$data merge entity $(bone_sword_left) { transformation: [-1.3830308747687503f,2.24466840749898f,0.38189378385683903f,-0.08947869692200927f,-1.7934068260375724f,-0.7986043287100134f,-1.800854409668805f,1.921014080010254f,-1.4028795664968314f,-1.1919934516924733f,1.9256775574753002f,0.33829530062263724f,0f,0f,0f,1f], start_interpolation: 0, interpolation_duration: 1 }
$data merge entity $(bone_rocket_left) { transformation: [-1.1962664738332907f,1.9415485292132577f,0.33032287169269503f,0.732564910498743f,-1.5512252828710285f,-0.6907608512020155f,-1.557667145284695f,0.9223629784226681f,-1.2134347994989965f,-1.0310267321595064f,1.6656341831891923f,0.9825633944654435f,0f,0f,0f,1f], start_interpolation: 0, interpolation_duration: 1 }
$data merge entity $(bone_drillhead_left1) { transformation: [0.1433509216324924f,0.8425779590456552f,0.5191463148261513f,-0.5300837165092369f,-0.675984135548894f,-0.29977096087846755f,0.6731885467684477f,1.2095497179831358f,0.7228388214210202f,-0.44743687146284505f,0.5265968897574425f,1.6790160604592401f,0f,0f,0f,1f], start_interpolation: 0, interpolation_duration: 1 }
$data merge entity $(bone_drillhead_left2) { transformation: [-0.5344866773695631f,0.8425779590456552f,-0.06622971119446988f,-0.6771257135364503f,-0.3632571906641871f,-0.29977096087846755f,-0.882146010842175f,1.310458107660508f,-0.7631305295591357f,-0.44743687146284505f,0.46629608717030274f,1.3345121527246908f,0f,0f,0f,1f], start_interpolation: 0, interpolation_duration: 1 }
$data merge entity $(bone_drillhead_left3) { transformation: [0.42477063192352077f,0.8425779590456552f,-0.3311076761202483f,-0.48015622679416015f,0.880633049096585f,-0.29977096087846755f,0.3669098034297422f,1.5659848552123663f,0.20989364710287134f,-0.44743687146284505f,-0.8693358976606205f,1.534233398758031f,0f,0f,0f,1f], start_interpolation: 0, interpolation_duration: 1 }
$data merge entity $(bone_drill_left) { transformation: [0.21915566547591325f,1.2881377477529425f,0.7936736981487587f,-0.1332044088586729f,-1.0334482080078835f,-0.45829146875037263f,1.0291742967375646f,1.2363538183936489f,1.105079905565405f,-0.6840439127087846f,0.8050641774609976f,1.2533521935427807f,0f,0f,0f,1f], start_interpolation: 0, interpolation_duration: 1 }
$data merge entity $(bone_left_hand) { transformation: [-0.5191463148261513f,0.8425779590456552f,0.14335092163249252f,0.3023164983738845f,-0.6731885467684479f,-0.29977096087846755f,-0.6759841355488939f,1.1144974673337078f,-0.5265968897574423f,-0.44743687146284505f,0.7228388214210203f,1.1611044038580522f,0f,0f,0f,1f], start_interpolation: 0, interpolation_duration: 1 }
$data merge entity $(bone_left_arm_low) { transformation: [-0.5191463148261513f,0.8425779590456552f,0.14335092163249252f,1.1169275290439207f,-0.6731885467684479f,-0.29977096087846755f,-0.6759841355488939f,0.7515277180463092f,-0.5265968897574423f,-0.44743687146284505f,0.7228388214210203f,0.7033439399547738f,0f,0f,0f,1f], start_interpolation: 0, interpolation_duration: 1 }
$data merge entity $(bone_left_arm) { transformation: [-0.7247843989822514f,-0.09489200164218574f,0.83093625600903f,1f,-0.68739741569763f,0.6939046152655312f,-0.5203394626005631f,1.4375f,-0.47638676138006203f,-0.856891983549597f,-0.51338461278488f,-0.18117374999999988f,0f,0f,0f,1f], start_interpolation: 0, interpolation_duration: 1 }
$data merge entity $(bone_drillhead_right1) { transformation: [-0.4113522524159662f,-0.8100674251107255f,0.4178278248355297f,0.6032965420287439f,-0.3923665381923273f,-0.25638511505770933f,-0.8833544998944728f,1.6657643010782788f,0.8227015401342579f,-0.5273115204045177f,-0.2123787567281523f,2.0315351218244633f,0f,0f,0f,1f], start_interpolation: 0, interpolation_duration: 1 }
$data merge entity $(bone_drillhead_right2) { transformation: [-0.22860488361360431f,-0.8100674251107255f,-0.5399357128052278f,0.6374400392003939f,0.9662653159848951f,-0.25638511505770933f,-0.024454281863435123f,1.941662554930895f,-0.11862186270928987f,-0.5273115204045177f,0.8413509458817137f,1.8449381358135064f,0f,0f,0f,1f], start_interpolation: 0, interpolation_duration: 1 }
$data merge entity $(bone_drillhead_right3) { transformation: [0.5434402673449098f,-0.8100674251107255f,0.22014414051382764f,0.7960367162727067f,-0.6659609688235992f,-0.25638511505770933f,0.7005445458929636f,1.606528010175277f,-0.5110466356719572f,-0.5273115204045177f,-0.6788032827093942f,1.7642448617931292f,0f,0f,0f,1f], start_interpolation: 0, interpolation_duration: 1 }
$data merge entity $(bone_drill_right) { transformation: [-0.628877551651563f,-1.2384354673744966f,0.638777441842609f,0.13002210381036317f,-0.5998520889071786f,-0.3919629526529326f,-1.3504771442755445f,1.5608236798092534f,1.2577505708572625f,-0.8061567086651622f,-0.3246857936709315f,1.5267885044942642f,0f,0f,0f,1f], start_interpolation: 0, interpolation_duration: 1 }
$data merge entity $(bone_barrel3) { transformation: [0.5484696698879545f,0.5571037664473728f,-1.0800899001476343f,0.034261979555645916f,0.5231553842564366f,-1.177805999859297f,-0.3418468200769456f,1.5712555740910683f,-1.0969353868456773f,-0.28317167563753676f,-0.7030820272060232f,2.074215288658102f,0f,0f,0f,1f], start_interpolation: 0, interpolation_duration: 1 }
$data merge entity $(bone_barrel4) { transformation: [0.5484696698879545f,0.5571037664473728f,-1.0800899001476343f,0.18235411736496682f,0.5231553842564366f,-1.177805999859297f,-0.3418468200769456f,1.2372778712819694f,-1.0969353868456773f,-0.28317167563753676f,-0.7030820272060232f,1.9889794683626536f,0f,0f,0f,1f], start_interpolation: 0, interpolation_duration: 1 }
$data merge entity $(bone_blaster_right) { transformation: [0.4113522524159659f,0.41782782483552966f,-0.8100674251107257f,-0.21960786871110743f,0.3923665381923275f,-0.8833544998944728f,-0.2563851150577092f,1.2930277376458235f,-0.822701540134258f,-0.2123787567281526f,-0.5273115204045175f,1.8495867716267225f,0f,0f,0f,1f], start_interpolation: 0, interpolation_duration: 1 }
$data merge entity $(bone_rocket_right) { transformation: [-0.9627987417243142f,-1.866634654873613f,-0.9478771098776204f,-0.4876442091354988f,2.035509725398709f,-0.5907870455290356f,-0.904128415609947f,1.1773492764435929f,0.4893833957260468f,-1.2150815196236615f,1.895747388215978f,1.1731604704951781f,0f,0f,0f,1f], start_interpolation: 0, interpolation_duration: 1 }
$data merge entity $(bone_sword_right) { transformation: [-1.1131135203733853f,-2.1580587737538535f,-1.095862282461667f,0.534875588942345f,2.3532990831863705f,-0.6830223384609655f,-1.04528342212704f,1.9896385257420868f,0.5657872728970401f,-1.4047833770811213f,2.191716666825436f,0.5419667364006456f,0f,0f,0f,1f], start_interpolation: 0, interpolation_duration: 1 }
$data merge entity $(bone_right_hand) { transformation: [-0.4178278248355298f,-0.8100674251107255f,-0.41135225241596607f,-0.1613579370130206f,0.8833544998944727f,-0.25638511505770933f,-0.39236653819232753f,1.5509033675830861f,0.21237875672815248f,-0.5273115204045177f,0.8227015401342579f,1.438492073621084f,0f,0f,0f,1f], start_interpolation: 0, interpolation_duration: 1 }
$data merge entity $(bone_right_arm_low) { transformation: [-0.4178278248355298f,-0.8100674251107255f,-0.41135225241596607f,-0.9581658809595244f,0.8833544998944727f,-0.25638511505770933f,-0.39236653819232753f,1.2270471419634619f,0.21237875672815248f,-0.5273115204045177f,0.8227015401342579f,0.9236163040502523f,0f,0f,0f,1f], start_interpolation: 0, interpolation_duration: 1 }
$data merge entity $(bone_right_arm) { transformation: [-0.4624076164165027f,-0.05399805646466584f,-1.0040096536946619f,-1f,0.9776032721319636f,0.23418404675687887f,-0.46284085072028575f,1.4375f,0.23503833119496545f,-1.080284231430154f,-0.050149184703990345f,-0.1811737500000001f,0f,0f,0f,1f], start_interpolation: 0, interpolation_duration: 1 }