# This file was generated by Animated Java via MC-Build. It is not recommended to edit this file directly.
$data merge entity $(bone_barrel1) { transformation: [0.1778815029620266f,-1.3131246124625475f,-0.1477826134118358f,1.5454010046547189f,-0.9489632065670408f,-0.23071181992759293f,0.9077547391809506f,-0.894077985056783f,-0.9195677143439457f,-0.015924385971192685f,-0.96535973110829f,0.5017667188076737f,0f,0f,0f,1f], start_interpolation: 0, interpolation_duration: 1 }
$data merge entity $(bone_barrel2) { transformation: [0.1778815029620266f,-1.3131246124625475f,-0.1477826134118358f,1.1760847073996272f,-0.9489632065670408f,-0.23071181992759293f,0.9077547391809506f,-0.9589656844114186f,-0.9195677143439457f,-0.015924385971192685f,-0.96535973110829f,0.4972879852532757f,0f,0f,0f,1f], start_interpolation: 0, interpolation_duration: 1 }
$data merge entity $(bone_blaster_left) { transformation: [0.13341112722151996f,-0.9848434593469108f,-0.11083696005887686f,1.3276159701604857f,-0.7117224049252806f,-0.1730338649456947f,0.680816054385713f,-0.7297288035301069f,-0.6896757857579593f,-0.011943289478394514f,-0.7240197983312175f,0.3868961617959419f,0f,0f,0f,1f], start_interpolation: 0, interpolation_duration: 1 }
$data merge entity $(bone_sword_left) { transformation: [-2.6236705764673722f,-0.29527501871658485f,0.3554136911226115f,1.1030398522683336f,-0.46097057951880344f,1.8137268749928352f,-1.8960628866371854f,0.4547359030823672f,-0.031817500429434015f,-1.9288237370446162f,-1.8373296275888489f,1.3847213234685636f,0f,0f,0f,1f], start_interpolation: 0, interpolation_duration: 1 }
$data merge entity $(bone_rocket_left) { transformation: [-2.269370269507231f,-0.25540109906093694f,0.30741864898888194f,1.285282532202286f,-0.39872114192248365f,1.5688013137140828f,-1.6400186756083013f,0.054286142749022104f,-0.027520867204987334f,-1.6683555028705488f,-1.5892167521080478f,0.008288002523911764f,0f,0f,0f,1f], start_interpolation: 0, interpolation_duration: 1 }
$data merge entity $(bone_drillhead_left1) { transformation: [0.1334111272215197f,-0.11083696005887711f,0.9848434593469108f,1.370423034255413f,-0.7117224049252805f,0.6808160543857131f,0.17303386494569467f,-1.0486027062831633f,-0.6896757857579594f,-0.7240197983312174f,0.0119432894783942f,0.9768907984237472f,0f,0f,0f,1f], start_interpolation: 0, interpolation_duration: 1 }
$data merge entity $(bone_drillhead_left2) { transformation: [-0.9609309428990492f,-0.11083696005887711f,-0.25362746551596316f,1.1383448646788443f,0.11250192655329314f,0.6808160543857131f,-0.7237629560929928f,-0.8406639613835397f,0.2528933362130005f,-0.7240197983312174f,-0.6417478415417397f,1.207949223972276f,0f,0f,0f,1f], start_interpolation: 0, interpolation_duration: 1 }
$data merge entity $(bone_drillhead_left3) { transformation: [0.8588224867373956f,-0.11083696005887711f,-0.5001390852144061f,1.5120226787185183f,0.4322268190625922f,0.6808160543857131f,0.5913285693873611f,-0.7749143862942491f,0.27496165761289204f,-0.7240197983312174f,0.6326068435190961f,1.2125707182296657f,0f,0f,0f,1f], start_interpolation: 0, interpolation_duration: 1 }
$data merge entity $(bone_drill_left) { transformation: [0.20395965393986512f,-0.1694481449048783f,1.5056340152182952f,1.2771943173278104f,-1.0880850678127956f,1.040835271698506f,0.2645351099957465f,-0.5053615437875434f,-1.054380077010608f,-1.106885389462673f,0.018258965647387063f,0.7881613149064076f,0f,0f,0f,1f], start_interpolation: 0, interpolation_duration: 1 }
$data merge entity $(bone_left_hand) { transformation: [-0.9848434593469108f,-0.11083696005887711f,0.13341112722151993f,1.3323628167803796f,-0.17303386494569484f,0.6808160543857131f,-0.7117224049252805f,-0.2416392341360044f,-0.011943289478394353f,-0.7240197983312174f,-0.6896757857579594f,0.41340263829939294f,0f,0f,0f,1f], start_interpolation: 0, interpolation_duration: 1 }
$data merge entity $(bone_left_arm_low) { transformation: [-0.9848434593469108f,-0.11083696005887711f,0.13341112722151993f,1.1641422382379931f,-0.17303386494569484f,0.6808160543857131f,-0.7117224049252805f,0.4061208785366879f,-0.011943289478394353f,-0.7240197983312174f,-0.6896757857579594f,-0.33291598392916033f,0f,0f,0f,1f], start_interpolation: 0, interpolation_duration: 1 }
$data merge entity $(bone_left_arm) { transformation: [-1.0899205115390467f,-0.19151060237311288f,-0.012997932111614454f,0.9386875f,-0.1914955689711883f,1.0796774795560788f,0.14965949932383754f,1.49825f,-0.013217568796550408f,0.1496402614677892f,-1.09645112365166f,-0.18117374999999988f,0f,0f,0f,1f], start_interpolation: 0, interpolation_duration: 1 }