# This file was generated by Animated Java via MC-Build. It is not recommended to edit this file directly.
$data merge entity $(text_display_ammo_left) { transformation: [-1f,1.368136703841374e-15f,8.665293146946319e-16f,0.17243749999999997f,1.5801474953939527e-15f,0.7071067811865475f,0.7071067811865477f,0.8719667224389782f,3.546899863589409e-16f,0.7071067811865477f,-0.7071067811865475f,0.3321193487677502f,0f,0f,0f,1f], start_interpolation: 0, interpolation_duration: 1 }
$data merge entity $(text_display_ammo_right) { transformation: [-1f,1.368136703841374e-15f,8.665293146946319e-16f,-0.14006250000000003f,1.5801474953939527e-15f,0.7071067811865475f,0.7071067811865477f,0.8719667224389782f,3.546899863589409e-16f,0.7071067811865477f,-0.7071067811865475f,0.3321193487677502f,0f,0f,0f,1f], start_interpolation: 0, interpolation_duration: 1 }
$data merge entity $(text_display_health) { transformation: [-1f,1.368136703841374e-15f,8.665293146946319e-16f,0.016187499999999966f,1.5801474953939527e-15f,0.7071067811865475f,0.7071067811865477f,0.88080555720381f,3.546899863589409e-16f,0.7071067811865477f,-0.7071067811865475f,0.340958183532582f,0f,0f,0f,1f], start_interpolation: 0, interpolation_duration: 1 }
$data merge entity $(bone_barrel1) { transformation: [0.13707917010263634f,-1.3024597730716225f,-0.25017117825994095f,1.7500984172881808f,-0.6221617353807674f,-0.28526391041359195f,1.144253929082752f,-1.0583672792146543f,-1.1712821410444805f,-0.0009048334326662903f,-0.6370832795832069f,-0.17281350759583447f,0f,0f,0f,1f], start_interpolation: 0, interpolation_duration: 1 }
$data merge entity $(bone_barrel2) { transformation: [0.13707917010263634f,-1.3024597730716225f,-0.25017117825994095f,1.383781606111787f,-0.6221617353807674f,-0.28526391041359195f,1.144253929082752f,-1.138597754018477f,-1.1712821410444805f,-0.0009048334326662903f,-0.6370832795832069f,-0.17306799199877185f,0f,0f,0f,1f], start_interpolation: 0, interpolation_duration: 1 }
$data merge entity $(bone_blaster_left) { transformation: [0.10280937757697726f,-0.976844829803717f,-0.18762838369495574f,1.5190241602543832f,-0.4666213015355755f,-0.21394793281019397f,0.858190446812064f,-0.8791792569305906f,-0.8784616057833604f,-0.0006786250744997178f,-0.4778124596874052f,-0.2189931567124368f,0f,0f,0f,1f], start_interpolation: 0, interpolation_duration: 1 }
$data merge entity $(bone_sword_left) { transformation: [-2.602361840763876f,-0.4998510828685747f,0.27388915098498356f,1.3338976318194433f,-0.5699676338231098f,2.286260829512268f,-1.2431017006536804f,-0.05822242381337567f,-0.0018078899986788998f,-1.2729154868761319f,-2.3402641767844856f,1.1004022252079557f,0f,0f,0f,1f], start_interpolation: 0, interpolation_duration: 1 }
$data merge entity $(bone_rocket_left) { transformation: [-2.2509390641112352f,-0.4323512245848618f,0.2369031775409814f,1.4228339505762386f,-0.4929992409798384f,1.9775243132161582f,-1.075233326447461f,-0.02152432956441791f,-0.0015637526488045304f,-1.1010210608839137f,-2.024235051924238f,-0.34143156307408806f,0f,0f,0f,1f], start_interpolation: 0, interpolation_duration: 1 }
$data merge entity $(bone_drillhead_left1) { transformation: [0.102809377576977f,-0.187628383694956f,0.976844829803717f,1.6170493307875426f,-0.4666213015355754f,0.8581904468120641f,0.21394793281019406f,-1.356122156516982f,-0.8784616057833605f,-0.477812459687405f,0.0006786250744994166f,0.24417335580659133f,0f,0f,0f,1f], start_interpolation: 0, interpolation_duration: 1 }
$data merge entity $(bone_drillhead_left2) { transformation: [-0.9418303901856017f,-0.187628383694956f,-0.27883885266378455f,1.3968424013705323f,-0.01909387486013875f,0.8581904468120641f,-0.5129761991977163f,-1.2388703594030301f,0.3355457346855459f,-0.477812459687405f,-0.811852396253044f,0.5412385317388888f,0f,0f,0f,1f], start_interpolation: 0, interpolation_duration: 1 }
$data merge entity $(bone_drillhead_left3) { transformation: [0.8631434992046495f,-0.187628383694956f,-0.4688058120509723f,1.7674891436523559f,0.37623035743273786f,0.8581904468120641f,0.3492275406472749f,-1.1576279578337505f,0.3367996703187038f,-0.477812459687405f,0.8113329991074469f,0.5416102334873154f,0f,0f,0f,1f], start_interpolation: 0, interpolation_duration: 1 }
$data merge entity $(bone_drill_left) { transformation: [0.15717553332381098f,-0.2868472893132604f,1.4934056670467506f,1.492362692238363f,-0.7133731733196377f,1.3120062036178706f,0.32708475856486074f,-0.7871232245359356f,-1.3429968612552996f,-0.7304822765209281f,0.0010374856897805284f,0.23345748859875765f,0f,0f,0f,1f], start_interpolation: 0, interpolation_duration: 1 }
$data merge entity $(bone_left_hand) { transformation: [-0.976844829803717f,-0.187628383694956f,0.10280937757697722f,1.5102225563251555f,-0.21394793281019417f,0.8581904468120641f,-0.46662130153557535f,-0.42145572162447653f,-0.0006786250744996116f,-0.477812459687405f,-0.8784616057833605f,-0.047621482868925535f,0f,0f,0f,1f], start_interpolation: 0, interpolation_duration: 1 }
$data merge entity $(bone_left_arm_low) { transformation: [-0.976844829803717f,-0.187628383694956f,0.10280937757697722f,1.2647541638167477f,-0.21394793281019417f,0.8581904468120641f,-0.46662130153557535f,0.4087810637139637f,-0.0006786250744996116f,-0.477812459687405f,-0.8784616057833605f,-0.5529282818042167f,0f,0f,0f,1f], start_interpolation: 0, interpolation_duration: 1 }
$data merge entity $(bone_left_arm) { transformation: [-1.0810684748822665f,-0.22371479541886058f,-0.07755399061592878f,1.0068125f,-0.23677492921143384f,1.020278379783839f,0.3574096237884658f,1.4392500000000001f,-0.0007510304113024524f,0.3657262590933136f,-1.044516978271277f,-0.18117374999999988f,0f,0f,0f,1f], start_interpolation: 0, interpolation_duration: 1 }