# This file was generated by Animated Java via MC-Build. It is not recommended to edit this file directly.
$data merge entity $(bone_barrel1) { transformation: [0.14249304502571958f,-1.3035308280362803f,-0.24141435387342905f,1.7472948869108897f,-0.6533420987657494f,-0.2803213948260093f,1.1279812921147865f,-1.0522421832322935f,-1.1535239970964806f,-0.002252496310228653f,-0.6686965620972704f,-0.1115332756592225f,0f,0f,0f,1f], start_interpolation: 0, interpolation_duration: 1 }
$data merge entity $(bone_barrel2) { transformation: [0.14249304502571958f,-1.3035308280362803f,-0.24141435387342905f,1.380676841525686f,-0.6533420987657494f,-0.2803213948260093f,1.1279812921147865f,-1.1310825755271083f,-1.1535239970964806f,-0.002252496310228653f,-0.6686965620972704f,-0.1121667902464743f,0f,0f,0f,1f], start_interpolation: 0, interpolation_duration: 1 }
$data merge entity $(bone_blaster_left) { transformation: [0.1068697837692897f,-0.9776481210272102f,-0.1810607654050718f,1.517238446977114f,-0.49000657407431214f,-0.210241046119507f,0.8459859690860899f,-0.873472434788241f,-0.8651429978223605f,-0.00168937223267149f,-0.5015224215729528f,-0.16398926742923284f,0f,0f,0f,1f], start_interpolation: 0, interpolation_duration: 1 }
$data merge entity $(bone_sword_left) { transformation: [-2.6045018474090047f,-0.48235463030943987f,0.28470626933426985f,1.3264844489846568f,-0.5600923085129297f,2.2537475109671834f,-1.3054011969850474f,-0.01732024979104252f,-0.004500569280827799f,-1.3360799713207219f,-2.3047827614436636f,1.132028662840057f,0f,0f,0f,1f], start_interpolation: 0, interpolation_duration: 1 }
$data merge entity $(bone_rocket_left) { transformation: [-2.2527900843957793f,-0.4172174918610661f,0.2462595529197319f,1.425228414976339f,-0.4844574789683857f,1.9494015911293856f,-1.1291199027759726f,-0.01899142621477129f,-0.003892812692788591f,-1.1556558173861224f,-1.9935450446433256f,-0.30963285370842153f,0f,0f,0f,1f], start_interpolation: 0, interpolation_duration: 1 }
$data merge entity $(bone_drillhead_left1) { transformation: [0.10686978376928943f,-0.18106076540507204f,0.9776481210272102f,1.6102888884958193f,-0.49000657407431203f,0.84598596908609f,0.21024104611950709f,-1.3383976574798222f,-0.8651429978223606f,-0.5015224215729526f,0.0016893722326711863f,0.31223844541550094f,0f,0f,0f,1f], start_interpolation: 0, interpolation_duration: 1 }
$data merge entity $(bone_drillhead_left2) { transformation: [-0.9441263846841036f,-0.18106076540507204f,-0.27539493273162013f,1.3885557942045257f,-0.006720001755357724f,0.84598596908609f,-0.5331628097362727f,-1.212530701417474f,0.3295151154647266f,-0.5015224215729526f,-0.7999344031480767f,0.6046059174588414f,0f,0f,0f,1f], start_interpolation: 0, interpolation_duration: 1 }
$data merge entity $(bone_drillhead_left3) { transformation: [0.8623317933462104f,-0.18106076540507204f,-0.472864544468327f,1.7595068144759567f,0.3817547970517905f,0.84598596908609f,0.37225127943019254f,-1.1326918240167205f,0.3326366683218422f,-0.5015224215729526f,0.7986414136189949f,0.6053594120070995f,0f,0f,0f,1f], start_interpolation: 0, interpolation_duration: 1 }
$data merge entity $(bone_drill_left) { transformation: [0.1633831043044851f,-0.27680667889708677f,1.494633743020388f,1.4879046044519146f,-0.7491247046470845f,1.2933479319628136f,0.3214176501131689f,-0.7694174431712584f,-1.322635301262063f,-0.7667301946805134f,0.00258272142007397f,0.28568708042756485f,0f,0f,0f,1f], start_interpolation: 0, interpolation_duration: 1 }
$data merge entity $(bone_left_hand) { transformation: [-0.9776481210272102f,-0.18106076540507204f,0.10686978376928966f,1.5090794361932944f,-0.2102410461195072f,0.84598596908609f,-0.490006574074312f,-0.4113589998781718f,-0.0016893722326713784f,-0.5015224215729526f,-0.8651429978223606f,-0.004800205558047721f,0f,0f,0f,1f], start_interpolation: 0, interpolation_duration: 1 }
$data merge entity $(bone_left_arm_low) { transformation: [-0.9776481210272102f,-0.18106076540507204f,0.10686978376928966f,1.270255343966812f,-0.2102410461195072f,0.84598596908609f,-0.490006574074312f,0.40617419838562685f,-0.0016893722326713784f,-0.5015224215729526f,-0.8651429978223606f,-0.5334639315774911f,0f,0f,0f,1f], start_interpolation: 0, interpolation_duration: 1 }
$data merge entity $(bone_left_arm) { transformation: [-1.0819574725934409f,-0.221539356660758f,-0.07113592259596255f,1.0145f,-0.23267253933435628f,1.0274015800150957f,0.3392365861109551f,1.444f,-0.0018696183952260574f,0.34660970177831213f,-1.0510138903431456f,-0.18117374999999988f,0f,0f,0f,1f], start_interpolation: 0, interpolation_duration: 1 }