# This file was generated by Animated Java via MC-Build. It is not recommended to edit this file directly.
$data merge entity $(bone_barrel1) { transformation: [0.14894659585895048f,-1.3048830407956582f,-0.2299411646567096f,1.7413406877296083f,-0.6930355009135515f,-0.2739381042583063f,1.1056389497872465f,-1.041256407695063f,-1.12928937116813f,-0.003992825693525443f,-0.7088493149375599f,-0.15762262029253782f,0f,0f,0f,1f], start_interpolation: 0, interpolation_duration: 1 }
$data merge entity $(bone_barrel2) { transformation: [0.14894659585895048f,-1.3048830407956582f,-0.2299411646567096f,1.3743423325058293f,-0.6930355009135515f,-0.2739381042583063f,1.1056389497872465f,-1.1183014995177116f,-1.12928937116813f,-0.003992825693525443f,-0.7088493149375599f,-0.15874560251884184f,0f,0f,0f,1f], start_interpolation: 0, interpolation_duration: 1 }
$data merge entity $(bone_blaster_left) { transformation: [0.11170994689421289f,-0.9786622805967439f,-0.17245587349253225f,1.5126570224648208f,-0.5197766256851637f,-0.20545357819372975f,0.8292292123404351f,-0.8632737472488315f,-0.8469670283760977f,-0.002994619270144083f,-0.53163698620317f,-0.21813851413764485f,0f,0f,0f,1f], start_interpolation: 0, interpolation_duration: 1 }
$data merge entity $(bone_sword_left) { transformation: [-2.607203617519955f,-0.4594307823513254f,0.2976006978402829f,1.3152790872424167f,-0.547338262564376f,2.2091067010868493f,-1.3847100533621837f,0.03755050684416861f,-0.007977810475594914f,-1.416306627032911f,-2.2563611003336295f,1.0462205096883446f,0f,0f,0f,1f], start_interpolation: 0, interpolation_duration: 1 }
$data merge entity $(bone_rocket_left) { transformation: [-2.2551270076436243f,-0.39738927886608916f,0.2574127186244114f,1.4262655800811166f,-0.47342573856957854f,1.910789073362175f,-1.1977188962567877f,-0.013830812995278274f,-0.006900487458854417f,-1.225048670638444f,-1.9516622415548288f,-0.39363470884100044f,0f,0f,0f,1f], start_interpolation: 0, interpolation_duration: 1 }
$data merge entity $(bone_drillhead_left1) { transformation: [0.11170994689421263f,-0.1724558734925325f,0.9786622805967439f,1.599273402974726f,-0.5197766256851635f,0.8292292123404352f,0.20545357819372984f,-1.312107868405278f,-0.8469670283760978f,-0.5316369862031698f,0.0029946192701437767f,0.2744589037971761f,0f,0f,0f,1f], start_interpolation: 0, interpolation_duration: 1 }
$data merge entity $(bone_drillhead_left2) { transformation: [-0.9469155961909488f,-0.1724558734925325f,-0.27131130715152274f,1.375710315617995f,0.009095547405948645f,0.8292292123404352f,-0.5588346664431689f,-1.1752605902097772f,0.32135358206767584f,-0.5316369862031698f,-0.7836414934095084f,0.5604294667287762f,0f,0f,0f,1f], start_interpolation: 0, interpolation_duration: 1 }
$data merge entity $(bone_drillhead_left3) { transformation: [0.8614165043773503f,-0.1724558734925325f,-0.47772437417849445f,1.7470455257137811f,0.3887242589547371f,0.8292292123404352f,0.40158730545343707f,-1.0972344294537457f,0.3268869169703753f,-0.5316369862031698f,0.7813495110476578f,0.5616758694946988f,0f,0f,0f,1f], start_interpolation: 0, interpolation_duration: 1 }
$data merge entity $(bone_drill_left) { transformation: [0.17078277190741795f,-0.2636514735313651f,1.4961841956636552f,1.4800346848241117f,-0.7946373208042004f,1.267730111484291f,0.31409854321612274f,-0.7437820773100887f,-1.2948477807194487f,-0.812769504207748f,0.0045781901610501856f,0.22745576019904074f,0f,0f,0f,1f], start_interpolation: 0, interpolation_duration: 1 }
$data merge entity $(bone_left_hand) { transformation: [-0.9786622805967439f,-0.1724558734925325f,0.11170994689421285f,1.5055116451464945f,-0.20545357819372995f,0.8292292123404352f,-0.5197766256851635f,-0.39595938006017317f,-0.002994619270143965f,-0.5316369862031698f,-0.8469670283760978f,-0.0748807764659094f,0f,0f,0f,1f], start_interpolation: 0, interpolation_duration: 1 }
$data merge entity $(bone_left_arm_low) { transformation: [-0.9786622805967439f,-0.1724558734925325f,0.11170994689421285f,1.2753803149571097f,-0.20545357819372995f,0.8292292123404352f,-0.5197766256851635f,0.40418596409049257f,-0.002994619270143965f,-0.5316369862031698f,-0.8469670283760978f,-0.6331726460102163f,0f,0f,0f,1f], start_interpolation: 0, interpolation_duration: 1 }
$data merge entity $(bone_left_arm) { transformation: [-1.083079837073113f,-0.21849548387829157f,-0.06300609958169258f,1.0226875f,-0.22737427650779482f,1.0360963851259655f,0.3155585486807352f,1.451f,-0.003314127677655917f,0.3217700775207761f,-1.058879130167385f,-0.3061737499999999f,0f,0f,0f,1f], start_interpolation: 0, interpolation_duration: 1 }