# This file was generated by Animated Java via MC-Build. It is not recommended to edit this file directly.
$data merge entity $(text_display_ammo_left) { transformation: [-1f,1.368136703841374e-15f,8.665293146946319e-16f,0.21856249999999997f,1.5801474953939527e-15f,0.7071067811865475f,0.7071067811865477f,0.9192167224389782f,3.546899863589409e-16f,0.7071067811865477f,-0.7071067811865475f,0.3321193487677502f,0f,0f,0f,1f], start_interpolation: 0, interpolation_duration: 1 }
$data merge entity $(text_display_ammo_right) { transformation: [-1f,1.368136703841374e-15f,8.665293146946319e-16f,-0.09393750000000003f,1.5801474953939527e-15f,0.7071067811865475f,0.7071067811865477f,0.9192167224389782f,3.546899863589409e-16f,0.7071067811865477f,-0.7071067811865475f,0.3321193487677502f,0f,0f,0f,1f], start_interpolation: 0, interpolation_duration: 1 }
$data merge entity $(text_display_health) { transformation: [-1f,1.368136703841374e-15f,8.665293146946319e-16f,0.06231249999999996f,1.5801474953939527e-15f,0.7071067811865475f,0.7071067811865477f,0.92805555720381f,3.546899863589409e-16f,0.7071067811865477f,-0.7071067811865475f,0.340958183532582f,0f,0f,0f,1f], start_interpolation: 0, interpolation_duration: 1 }
$data merge entity $(bone_barrel1) { transformation: [0.17370389821872004f,-1.3119206232610443f,-0.1626929985701625f,1.6803984473271314f,-0.9027434797749281f,-0.23759097874317817f,0.952041235620333f,-0.9365667481746874f,-0.9657426899776422f,-0.013877422670979668f,-0.9191987008653439f,0.4059196435403526f,0f,0f,0f,1f], start_interpolation: 0, interpolation_duration: 1 }
$data merge entity $(bone_barrel2) { transformation: [0.17370389821872004f,-1.3119206232610443f,-0.1626929985701625f,1.3114207720349627f,-0.9027434797749281f,-0.23759097874317817f,0.952041235620333f,-1.0033892109462064f,-0.9657426899776422f,-0.013877422670979668f,-0.9191987008653439f,0.40201661841413955f,0f,0f,0f,1f], start_interpolation: 0, interpolation_duration: 1 }
$data merge entity $(bone_blaster_left) { transformation: [0.13027792366404004f,-0.9839404674457833f,-0.1220197489276219f,1.4605407023710035f,-0.6770576098311961f,-0.17819323405738363f,0.7140309267152498f,-0.7682195624113355f,-0.7243070174832317f,-0.010408067003234751f,-0.689399025649008f,0.3012390979996751f,0f,0f,0f,1f], start_interpolation: 0, interpolation_duration: 1 }
$data merge entity $(bone_sword_left) { transformation: [-2.6212649623981603f,-0.3250665087643836f,0.34706668540731306f,1.2396426279541277f,-0.47471538820184994f,1.9022129002642172f,-1.803714197041448f,0.36572150681636995f,-0.027727593553188795f,-1.8365923252818637f,-1.9295889027478415f,1.3569037319827988f,0f,0f,0f,1f], start_interpolation: 0, interpolation_duration: 1 }
$data merge entity $(bone_rocket_left) { transformation: [-2.267289509408176f,-0.2811695481967371f,0.30019882239189727f,1.4099874564450348f,-0.41060985251944004f,1.645338191788203f,-1.5601407471533133f,0.03275947431552784f,-0.023983261091913052f,-1.5885790150574748f,-1.6690173406461142f,-0.038897119237237154f,0f,0f,0f,1f], start_interpolation: 0, interpolation_duration: 1 }
$data merge entity $(bone_drillhead_left1) { transformation: [0.13027792366403979f,-0.12201974892762214f,0.9839404674457833f,1.51115680840943f,-0.677057609831196f,0.7140309267152499f,0.17819323405738366f,-1.1147210990969885f,-0.7243070174832318f,-0.6893990256490079f,0.010408067003234437f,0.8748080796635692f,0f,0f,0f,1f], start_interpolation: 0, interpolation_duration: 1 }
$data merge entity $(bone_drillhead_left2) { transformation: [-0.9588976620718993f,-0.12201974892762214f,-0.2561766081137891f,1.280310045290191f,0.09446964826149595f,0.7140309267152499f,-0.6937112664873699f,-0.919489220691522f,0.2675644954593099f,-0.6893990256490079f,-0.6731554235121362f,1.1178740790403834f,0f,0f,0f,1f], start_interpolation: 0, interpolation_duration: 1 }
$data merge entity $(bone_drillhead_left3) { transformation: [0.8591872560935955f,-0.12201974892762214f,-0.4968988225363375f,1.6536456297556643f,0.4237278118167158f,0.7140309267152499f,0.5573280696207392f,-0.8517864487637974f,0.2867960956138987f,-0.6893990256490079f,0.665189433901969f,1.121917540946782f,0f,0f,0f,1f], start_interpolation: 0, interpolation_duration: 1 }
$data merge entity $(bone_drill_left) { transformation: [0.19916959536967055f,-0.18654445310085543f,1.5042535163086457f,1.4129911749894353f,-1.035089341305319f,1.0916143484297938f,0.27242278144027926f,-0.5636358420601325f,-1.1073244916580427f,-1.0539569646569256f,0.01591190921157441f,0.7132843348761393f,0f,0f,0f,1f], start_interpolation: 0, interpolation_duration: 1 }
$data merge entity $(bone_left_hand) { transformation: [-0.9839404674457833f,-0.12201974892762214f,0.13027792366404f,1.4628549606798433f,-0.1781932340573838f,0.7140309267152499f,-0.677057609831196f,-0.2819398884276474f,-0.010408067003234598f,-0.6893990256490079f,-0.7243070174832318f,0.3510715821799688f,0f,0f,0f,1f], start_interpolation: 0, interpolation_duration: 1 }
$data merge entity $(bone_left_arm_low) { transformation: [-0.9839404674457833f,-0.12201974892762214f,0.13027792366404f,1.283410117651361f,-0.1781932340573838f,0.7140309267152499f,-0.677057609831196f,0.3997959108517912f,-0.010408067003234598f,-0.6893990256490079f,-0.7243070174832318f,-0.3616125419530922f,0f,0f,0f,1f], start_interpolation: 0, interpolation_duration: 1 }
$data merge entity $(bone_left_arm) { transformation: [-1.0889211756695218f,-0.19647459092576497f,-0.020503337120767993f,1.0529375f,-0.19720541267077465f,1.0744993293325313f,0.17701184991778832f,1.4865000000000002f,-0.011518547038755546f,0.17782267830206996f,-1.0922538151407952f,-0.18117374999999988f,0f,0f,0f,1f], start_interpolation: 0, interpolation_duration: 1 }