# This file was generated by Animated Java via MC-Build. It is not recommended to edit this file directly.
$data merge entity $(bone_barrel1) { transformation: [0.17715809593278134f,-1.3138109315785609f,-0.1424556874537568f,1.6553803307502832f,-0.9591938097780478f,-0.22670556894725372f,0.8979585725798007f,-0.893837037739909f,-0.9090324648254995f,-0.016828513028576932f,-0.9752715297907045f,0.4072162292306758f,0f,0f,0f,1f], start_interpolation: 0, interpolation_duration: 1 }
$data merge entity $(bone_barrel2) { transformation: [0.17715809593278134f,-1.3138109315785609f,-0.1424556874537568f,1.2858710062438128f,-0.9591938097780478f,-0.22670556894725372f,0.8979585725798007f,-0.957597979006324f,-0.9090324648254995f,-0.016828513028576932f,-0.9752715297907045f,0.40248320994138853f,0f,0f,0f,1f], start_interpolation: 0, interpolation_duration: 1 }
$data merge entity $(bone_blaster_left) { transformation: [0.13286857194958604f,-0.9853581986839208f,-0.10684176559031762f,1.4384108104567124f,-0.719395357333536f,-0.17002917671044032f,0.6734689294348507f,-0.7300226313800422f,-0.6817743486191248f,-0.012621384771432702f,-0.7314536473430285f,0.29006125870500676f,0f,0f,0f,1f], start_interpolation: 0, interpolation_duration: 1 }
$data merge entity $(bone_sword_left) { transformation: [-2.625041866940235f,-0.284631627551277f,0.35396829765467475f,1.2151143582897668f,-0.4529659448334878f,1.7941537790126987f,-1.9165040027121443f,0.4656338832107406f,-0.033623979064693575f,-1.9486278701147828f,-1.8162798171481989f,1.2747390338027056f,0f,0f,0f,1f], start_interpolation: 0, interpolation_duration: 1 }
$data merge entity $(bone_rocket_left) { transformation: [-2.2705563810022813f,-0.24619499075834383f,0.3061684413624763f,1.3995339775213207f,-0.3917974525934747f,1.5518713673641336f,-1.6576994246749457f,0.05007472515858824f,-0.029083399080798465f,-1.6854852870766568f,-1.5710095067239518f,-0.09691729419958978f,0f,0f,0f,1f], start_interpolation: 0, interpolation_duration: 1 }
$data merge entity $(bone_drillhead_left1) { transformation: [0.1328685719495858f,-0.10684176559031787f,0.9853581986839208f,1.4787164294415773f,-0.7193953573335359f,0.6734689294348508f,0.1700291767104403f,-1.0427732889870989f,-0.6817743486191249f,-0.7314536473430284f,0.012621384771432388f,0.8834996843968129f,0f,0f,0f,1f], start_interpolation: 0, interpolation_duration: 1 }
$data merge entity $(bone_drillhead_left2) { transformation: [-0.9611988731233798f,-0.10684176559031787f,-0.25432570344321936f,1.2467241046136845f,0.11821420827938725f,0.6734689294348508f,-0.729701995369859f,-0.8316683413727066f,0.24924310876576403f,-0.7314536473430284f,-0.6347073613259565f,1.111756243459374f,0f,0f,0f,1f], start_interpolation: 0, interpolation_duration: 1 }
$data merge entity $(bone_drillhead_left3) { transformation: [0.8595056707891491f,-0.10684176559031787f,-0.4998348117196706f,1.6205973050966997f,0.4323871608644284f,0.6734689294348508f,0.5995672974783356f,-0.7670578864828894f,0.2725643868903161f,-0.7314536473430284f,0.625047371634892f,1.1166340112460216f,0f,0f,0f,1f], start_interpolation: 0, interpolation_duration: 1 }
$data merge entity $(bone_drill_left) { transformation: [0.2031301925012915f,-0.16334026996070825f,1.5064209515048876f,1.3876983899392898f,-1.0998155190163619f,1.029602947276701f,0.25994152634629497f,-0.5012657347316638f,-1.0423003171133065f,-1.1182502980986115f,0.019295641404400012f,0.6888033634050228f,0f,0f,0f,1f], start_interpolation: 0, interpolation_duration: 1 }
$data merge entity $(bone_left_hand) { transformation: [-0.9853581986839208f,-0.10684176559031787f,0.132868571949586f,1.4446505745696305f,-0.17002917671044046f,0.6734689294348508f,-0.7193953573335359f,-0.2416975297254912f,-0.012621384771432539f,-0.7314536473430284f,-0.6817743486191249f,0.3114204262606197f,0f,0f,0f,1f], start_interpolation: 0, interpolation_duration: 1 }
$data merge entity $(bone_left_arm_low) { transformation: [-0.9853581986839208f,-0.10684176559031787f,0.132868571949586f,1.2803760644349922f,-0.17002917671044046f,0.6734689294348508f,-0.7193953573335359f,0.39866347124828416f,-0.012621384771432539f,-0.7314536473430284f,-0.6817743486191249f,-0.44212750602497086f,0f,0f,0f,1f], start_interpolation: 0, interpolation_duration: 1 }
$data merge entity $(bone_left_arm) { transformation: [-1.0904901705606695f,-0.18846620043242285f,-0.009146460471429245f,1.058f,-0.18817029802858032f,1.0822484636768885f,0.13454434340721216f,1.4935f,-0.013968012901799892f,0.13412953700661315f,-1.0984471495943693f,-0.3061737499999999f,0f,0f,0f,1f], start_interpolation: 0, interpolation_duration: 1 }