# This file was generated by Animated Java via MC-Build. It is not recommended to edit this file directly.
$data merge entity $(bone_barrel1) { transformation: [0.1788548338118541f,-1.3156584275045873f,-0.12178517289090841f,1.6266991652438731f,-1.0139778514106208f,-0.21546650430319197f,0.8385707365212793f,-0.845192486774173f,-0.8471349615312853f,-0.01987122133380241f,-1.0294392984979095f,0.6594957515558908f,0f,0f,0f,1f], start_interpolation: 0, interpolation_duration: 1 }
$data merge entity $(bone_barrel2) { transformation: [0.1788548338118541f,-1.3156584275045873f,-0.12178517289090841f,1.256670232508208f,-1.0139778514106208f,-0.21546650430319197f,0.8385707365212793f,-0.9057924411094458f,-0.8471349615312853f,-0.01987122133380241f,-1.0294392984979095f,0.6539069705557589f,0f,0f,0f,1f], start_interpolation: 0, interpolation_duration: 1 }
$data merge entity $(bone_blaster_left) { transformation: [0.13414112535889058f,-0.9867438206284405f,-0.09133887966818131f,1.4127831577499015f,-0.7604833885579657f,-0.161599878227394f,0.6289280523909595f,-0.6868167984636031f,-0.635351221148464f,-0.014903416000351808f,-0.7720794738734322f,0.5299067756500662f,0f,0f,0f,1f], start_interpolation: 0, interpolation_duration: 1 }
$data merge entity $(bone_sword_left) { transformation: [-2.6287332307721627f,-0.243331190148553f,0.3573584414438101f,1.1891815709203504f,-0.430509886258559f,1.6754947297587157f,-2.0259645038155343f,0.5681722159396926f,-0.03970342055671011f,-2.056857035573394f,-1.6926063617818643f,1.4376793414943025f,0f,0f,0f,1f], start_interpolation: 0, interpolation_duration: 1 }
$data merge entity $(bone_rocket_left) { transformation: [-2.2737492632982708f,-0.21047176178285898f,0.3091007803510003f,1.3862426413749582f,-0.3723738587332758f,1.4492360285375818f,-1.752378386705256f,0.06876390814288091f,-0.034341873182286944f,-1.779099192948961f,-1.4640369068659758f,0.09607605864125512f,0f,0f,0f,1f], start_interpolation: 0, interpolation_duration: 1 }
$data merge entity $(bone_drillhead_left1) { transformation: [0.13414112535889033f,-0.09133887966818156f,0.9867438206284405f,1.442797288020465f,-0.7604833885579656f,0.6289280523909597f,0.16159987822739397f,-0.9634504288813966f,-0.6353512211484642f,-0.7720794738734321f,0.014903416000351496f,1.1416090466520152f,0f,0f,0f,1f], start_interpolation: 0, interpolation_duration: 1 }
$data merge entity $(bone_drillhead_left2) { transformation: [-0.9629660059842605f,-0.09133887966818156f,-0.2536802719560246f,1.2101114236391102f,0.14172557343939096f,0.6289280523909597f,-0.7644366335733722f,-0.7368448576770457f,0.22936942505921956f,-0.7720794738734321f,-0.5926912795640976f,1.35372693382247f,0f,0f,0f,1f], start_interpolation: 0, interpolation_duration: 1 }
$data merge entity $(bone_drillhead_left3) { transformation: [0.8602988334369487f,-0.09133887966818156f,-0.5015407523302436f,1.5845102277409477f,0.4403232133406022f,0.6289280523909597f,0.640753441433693f,-0.6754275270426918f,0.2569073470736715f,-0.7720794738734321f,0.581284698786139f,1.3594645747947427f,0f,0f,0f,1f], start_interpolation: 0, interpolation_duration: 1 }
$data merge entity $(bone_drill_left) { transformation: [0.2050756790464339f,-0.13963937398898085f,1.5085392978391214f,1.3594492144673522f,-1.1626311237124392f,0.9615086131889163f,0.24705476916671362f,-0.43391300505027763f,-0.9713283883775533f,-1.1803592817548532f,0.022784423108174037f,0.9134323878203813f,0f,0f,0f,1f], start_interpolation: 0, interpolation_duration: 1 }
$data merge entity $(bone_left_hand) { transformation: [-0.9867438206284405f,-0.09133887966818156f,0.13414112535889056f,1.4235282608741184f,-0.16159987822739413f,0.6289280523909597f,-0.7604833885579656f,-0.19816990626772613f,-0.014903416000351636f,-0.7720794738734321f,-0.6353512211484642f,0.5218252468997502f,0f,0f,0f,1f], start_interpolation: 0, interpolation_duration: 1 }
$data merge entity $(bone_left_arm_low) { transformation: [-0.9867438206284405f,-0.09133887966818156f,0.13414112535889056f,1.2747098025841246f,-0.16159987822739413f,0.6289280523909597f,-0.7604833885579656f,0.3968930478415851f,-0.014903416000351636f,-0.7720794738734321f,-0.6353512211484642f,-0.2710404161345934f,0f,0f,0f,1f], start_interpolation: 0, interpolation_duration: 1 }
$data merge entity $(bone_left_arm) { transformation: [-1.0920236302838748f,-0.17959094356078317f,0.00186075968429333f,1.0613125f,-0.17884164256830076f,1.0884036584015613f,0.09036106349306493f,1.49825f,-0.01649352355099582f,0.08886252248880375f,-1.102997458887294f,-0.18117374999999986f,0f,0f,0f,1f], start_interpolation: 0, interpolation_duration: 1 }