# This file was generated by Animated Java via MC-Build. It is not recommended to edit this file directly.
$data merge entity $(text_display_ammo_left) { transformation: [-1f,1.368136703841374e-15f,8.665293146946319e-16f,0.22812499999999997f,1.5801474953939527e-15f,0.7071067811865475f,0.7071067811865477f,0.9327167224389782f,3.546899863589409e-16f,0.7071067811865477f,-0.7071067811865475f,0.3321193487677502f,0f,0f,0f,1f], start_interpolation: 0, interpolation_duration: 1 }
$data merge entity $(text_display_ammo_right) { transformation: [-1f,1.368136703841374e-15f,8.665293146946319e-16f,-0.08437500000000003f,1.5801474953939527e-15f,0.7071067811865475f,0.7071067811865477f,0.9327167224389782f,3.546899863589409e-16f,0.7071067811865477f,-0.7071067811865475f,0.3321193487677502f,0f,0f,0f,1f], start_interpolation: 0, interpolation_duration: 1 }
$data merge entity $(text_display_health) { transformation: [-1f,1.368136703841374e-15f,8.665293146946319e-16f,0.07187499999999995f,1.5801474953939527e-15f,0.7071067811865475f,0.7071067811865477f,0.94155555720381f,3.546899863589409e-16f,0.7071067811865477f,-0.7071067811865475f,0.340958183532582f,0f,0f,0f,1f], start_interpolation: 0, interpolation_duration: 1 }
$data merge entity $(bone_barrel1) { transformation: [0.1786816739139705f,-1.3174258331214297f,-0.10119195328377728f,1.5946809805339037f,-1.0657212885558258f,-0.20405882231618647f,0.7748392800649816f,-0.791799506401004f,-0.7810817961673344f,-0.022955370548429f,-1.0803527462994538f,0.7850679651121684f,0f,0f,0f,1f], start_interpolation: 0, interpolation_duration: 1 }
$data merge entity $(bone_barrel2) { transformation: [0.1786816739139705f,-1.3174258331214297f,-0.10119195328377728f,1.2241549649685015f,-1.0657212885558258f,-0.20405882231618647f,0.7748392800649816f,-0.8491910501774316f,-0.7810817961673344f,-0.022955370548429f,-1.0803527462994538f,0.7786117671454227f,0f,0f,0f,1f], start_interpolation: 0, interpolation_duration: 1 }
$data merge entity $(bone_blaster_left) { transformation: [0.13401125543547787f,-0.9880693748410723f,-0.07589396496283296f,1.3839107217876425f,-0.7992909664168694f,-0.15304411673713986f,0.5811294600487362f,-0.639705261787239f,-0.5858113471255009f,-0.01721652791132175f,-0.8102645597245904f,0.643365959587439f,0f,0f,0f,1f], start_interpolation: 0, interpolation_duration: 1 }
$data merge entity $(bone_sword_left) { transformation: [-2.6322645712630672f,-0.20218519086929423f,0.35701246169079237f,1.1621873374457174f,-0.40771692412004995f,1.5481569694937365f,-2.12934976693125f,0.6707020756524047f,-0.04586566248794304f,-2.1585839498933623f,-1.560629742957446f,1.4696331548852948f,0f,0f,0f,1f], start_interpolation: 0, interpolation_duration: 1 }
$data merge entity $(bone_rocket_left) { transformation: [-2.2768037317949816f,-0.17488211561651715f,0.30880152168171754f,1.3700783204650568f,-0.35265885674519f,1.3390939512802782f,-1.8418025104974625f,0.0880104128494037f,-0.03967196635697203f,-1.8670889112608082f,-1.349882402212618f,0.16372624502288358f,0f,0f,0f,1f], start_interpolation: 0, interpolation_duration: 1 }
$data merge entity $(bone_drillhead_left1) { transformation: [0.13401125543547762f,-0.07589396496283321f,0.9880693748410723f,1.4039157101186905f,-0.7992909664168693f,0.5811294600487364f,0.15304411673713983f,-0.87850418641952f,-0.5858113471255011f,-0.8102645597245903f,0.01721652791132144f,1.2712047572730467f,0f,0f,0f,1f], start_interpolation: 0, interpolation_duration: 1 }
$data merge entity $(bone_drillhead_left2) { transformation: [-0.9641409593224927f,-0.07589396496283321f,-0.2543075237560304f,1.1710221647455186f,0.16448108346210571f,0.5811294600487364f,-0.797016012289964f,-0.6371454907920837f,0.2082742992782247f,-0.8102645597245903f,-0.547807593516629f,1.4661236404268938f,0f,0f,0f,1f], start_interpolation: 0, interpolation_duration: 1 }
$data merge entity $(bone_drillhead_left3) { transformation: [0.8615731849112859f,-0.07589396496283321f,-0.5019280358019897f,1.5459239623056011f,0.4472697375115288f,0.5811294600487364f,0.6798811164974597f,-0.5789695667859797f,0.24008629479458302f,-0.8102645597245903f,0.5346306335276013f,1.4727325428559914f,0f,0f,0f,1f], start_interpolation: 0, interpolation_duration: 1 }
$data merge entity $(bone_drill_left) { transformation: [0.20487713320405848f,-0.11602710472748963f,1.5105658122994783f,1.3285847749836113f,-1.2219603589508445f,0.8884338663070835f,0.23397467465670505f,-0.3632337931699126f,-0.895591560630263f,-1.2387368478399856f,0.026320721127021073f,1.0099710605753378f,0f,0f,0f,1f], start_interpolation: 0, interpolation_duration: 1 }
$data merge entity $(bone_left_hand) { transformation: [-0.9880693748410723f,-0.07589396496283321f,0.13401125543547784f,1.3996495994817562f,-0.15304411673714f,0.5811294600487364f,-0.7992909664168693f,-0.1525986317739102f,-0.01721652791132157f,-0.8102645597245903f,-0.5858113471255011f,0.6054717340805226f,0f,0f,0f,1f], start_interpolation: 0, interpolation_duration: 1 }
$data merge entity $(bone_left_arm_low) { transformation: [-0.9880693748410723f,-0.07589396496283321f,0.13401125543547784f,1.2661891503237146f,-0.15304411673714f,0.5811294600487364f,-0.7992909664168693f,0.3939877282782278f,-0.01721652791132157f,-0.8102645597245903f,-0.5858113471255011f,-0.22417546323619716f,0f,0f,0f,1f], start_interpolation: 0, interpolation_duration: 1 }
$data merge entity $(bone_left_arm) { transformation: [-1.0934906133985949f,-0.17000001138474552f,0.012257775996450228f,1.0625f,-0.1693730312356452f,1.0927202103131979f,0.04524706396174215f,1.5f,-0.019053431009713434f,0.04283125770153413f,-1.1057008766680485f,-0.18117374999999986f,0f,0f,0f,1f], start_interpolation: 0, interpolation_duration: 1 }