# This file was generated by Animated Java via MC-Build. It is not recommended to edit this file directly.
$data merge entity $(text_display_ammo_left) { transformation: [-1f,1.368136703841374e-15f,8.665293146946319e-16f,0.2185625f,1.5801474953939527e-15f,0.7071067811865475f,0.7071067811865477f,0.9192167224389782f,3.546899863589409e-16f,0.7071067811865477f,-0.7071067811865475f,0.3321193487677502f,0f,0f,0f,1f], start_interpolation: 0, interpolation_duration: 1 }
$data merge entity $(text_display_ammo_right) { transformation: [-1f,1.368136703841374e-15f,8.665293146946319e-16f,-0.09393750000000002f,1.5801474953939527e-15f,0.7071067811865475f,0.7071067811865477f,0.9192167224389782f,3.546899863589409e-16f,0.7071067811865477f,-0.7071067811865475f,0.3321193487677502f,0f,0f,0f,1f], start_interpolation: 0, interpolation_duration: 1 }
$data merge entity $(text_display_health) { transformation: [-1f,1.368136703841374e-15f,8.665293146946319e-16f,0.06231249999999997f,1.5801474953939527e-15f,0.7071067811865475f,0.7071067811865477f,0.92805555720381f,3.546899863589409e-16f,0.7071067811865477f,-0.7071067811865475f,0.340958183532582f,0f,0f,0f,1f], start_interpolation: 0, interpolation_duration: 1 }
$data merge entity $(bone_barrel1) { transformation: [0.1678299309904015f,-1.3219763271318326f,-0.04460361582388484f,1.4860433806987823f,-1.192790575639545f,-0.17069053743613372f,0.5708705289932425f,-0.615346967144105f,-0.5717180552571501f,-0.03195479166840991f,-1.2041159140050381f,1.1280873911490217f,0f,0f,0f,1f], start_interpolation: 0, interpolation_duration: 1 }
$data merge entity $(bone_barrel2) { transformation: [0.1678299309904015f,-1.3219763271318326f,-0.04460361582388484f,1.1142375386929544f,-1.192790575639545f,-0.17069053743613372f,0.5708705289932425f,-0.6633536807980176f,-0.5717180552571501f,-0.03195479166840991f,-1.2041159140050381f,1.1191001059922816f,0f,0f,0f,1f], start_interpolation: 0, interpolation_duration: 1 }
$data merge entity $(bone_blaster_left) { transformation: [0.12587244824280114f,-0.9914822453488744f,-0.03345271186791363f,1.2844802504554098f,-0.8945929317296587f,-0.1280179030771003f,0.4281528967449319f,-0.485728218408008f,-0.42878854144286266f,-0.02396609375130743f,-0.9030869355037786f,0.9542843299305555f,0f,0f,0f,1f], start_interpolation: 0, interpolation_duration: 1 }
$data merge entity $(bone_sword_left) { transformation: [-2.6413566232512604f,-0.08911964129719621f,0.33533028595382064f,1.0800677330010156f,-0.34104588132937746f,1.1406200109851752f,-2.3832388087861776f,0.9569158519504124f,-0.06384683211468044f,-2.405867245383949f,-1.14231339918329f,1.5252832232506068f,0f,0f,0f,1f], start_interpolation: 0, interpolation_duration: 1 }
$data merge entity $(bone_rocket_left) { transformation: [-2.284667993663787f,-0.07708493063230457f,0.2900473055704989f,1.307902363485054f,-0.29499106731183994f,0.9865907576019035f,-2.0614063923670485f,0.1442748235990798f,-0.05522495998654089f,-2.0809790863329023f,-0.988055470765974f,0.35231816318293563f,0f,0f,0f,1f], start_interpolation: 0, interpolation_duration: 1 }
$data merge entity $(bone_drillhead_left1) { transformation: [0.12587244824280092f,-0.03345271186791388f,0.9914822453488744f,1.2783383360137537f,-0.8945929317296586f,0.42815289674493207f,0.12801790307710018f,-0.6084890325817311f,-0.4287885414428629f,-0.9030869355037785f,0.023966093751307135f,1.61496484366875f,0f,0f,0f,1f], start_interpolation: 0, interpolation_duration: 1 }
$data merge entity $(bone_drillhead_left2) { transformation: [-0.9641794538599112f,-0.03345271186791388f,-0.26313285014054333f,1.0475504125493647f,0.22407277323590769f,0.42815289674493207f,-0.8754864301080245f,-0.3301380588598079f,0.14194848730709603f,-0.9030869355037785f,-0.40532038423156247f,1.7554798402081184f,0f,0f,0f,1f], start_interpolation: 0, interpolation_duration: 1 }
$data merge entity $(bone_drillhead_left3) { transformation: [0.867840852792407f,-0.03345271186791388f,-0.4957148074177634f,1.4237482690703032f,0.46061901413180073f,0.42815289674493207f,0.7775057690005724f,-0.28144584852321397f,0.18623205428925466f,-0.9030869355037785f,0.38697753019729497f,1.764629427119588f,0f,0f,0f,1f], start_interpolation: 0, interpolation_duration: 1 }
$data merge entity $(bone_drill_left) { transformation: [0.1924344806826887f,-0.05114268710585603f,1.5157834272181883f,1.227130460938894f,-1.3676585197400155f,0.6545624677051762f,0.1957144636545791f,-0.14665099882774515f,-0.6555342447624483f,-1.3806441987190772f,0.0366394939433395f,1.2635324087017272f,0f,0f,0f,1f], start_interpolation: 0, interpolation_duration: 1 }
$data merge entity $(bone_left_hand) { transformation: [-0.9914822453488744f,-0.03345271186791388f,0.12587244824280114f,1.3167616914038358f,-0.12801790307710037f,0.42815289674493207f,-0.8945929317296586f,-0.01388956654028256f,-0.02396609375130723f,-0.9030869355037785f,-0.4287885414428629f,0.8306609147750038f,0f,0f,0f,1f], start_interpolation: 0, interpolation_duration: 1 }
$data merge entity $(bone_left_arm_low) { transformation: [-0.9914822453488744f,-0.03345271186791388f,0.12587244824280114f,1.2252748532092048f,-0.12801790307710037f,0.42815289674493207f,-0.8945929317296586f,0.37830618214577894f,-0.02396609375130723f,-0.9030869355037785f,-0.4287885414428629f,-0.0873235435083208f,0f,0f,0f,1f], start_interpolation: 0, interpolation_duration: 1 }
$data merge entity $(bone_left_arm) { transformation: [-1.0972676172811682f,-0.13905344929365637f,0.037945919934456764f,1.0529375f,-0.1416766665643257f,1.0940969151870796f,-0.08747365811125829f,1.4865000000000002f,-0.026523136152358164f,-0.09158633605337083f,-1.1025789970931745f,-0.18117374999999988f,0f,0f,0f,1f], start_interpolation: 0, interpolation_duration: 1 }