# This file was generated by Animated Java via MC-Build. It is not recommended to edit this file directly.
$data merge entity $(text_display_ammo_left) { transformation: [-1f,1.368136703841374e-15f,8.665293146946319e-16f,0.21212499999999998f,1.5801474953939527e-15f,0.7071067811865475f,0.7071067811865477f,0.9107167224389782f,3.546899863589409e-16f,0.7071067811865477f,-0.7071067811865475f,0.3321193487677502f,0f,0f,0f,1f], start_interpolation: 0, interpolation_duration: 1 }
$data merge entity $(text_display_ammo_right) { transformation: [-1f,1.368136703841374e-15f,8.665293146946319e-16f,-0.10037500000000002f,1.5801474953939527e-15f,0.7071067811865475f,0.7071067811865477f,0.9107167224389782f,3.546899863589409e-16f,0.7071067811865477f,-0.7071067811865475f,0.3321193487677502f,0f,0f,0f,1f], start_interpolation: 0, interpolation_duration: 1 }
$data merge entity $(text_display_health) { transformation: [-1f,1.368136703841374e-15f,8.665293146946319e-16f,0.055874999999999966f,1.5801474953939527e-15f,0.7071067811865475f,0.7071067811865477f,0.91955555720381f,3.546899863589409e-16f,0.7071067811865477f,-0.7071067811865475f,0.340958183532582f,0f,0f,0f,1f], start_interpolation: 0, interpolation_duration: 1 }
$data merge entity $(bone_barrel1) { transformation: [0.16165052567029964f,-1.3231855372103842f,-0.02875620707882104f,1.4493595859521768f,-1.2239444431042141f,-0.16047899541986693f,0.5039685208434384f,-0.5548273558223208f,-0.503593968910082f,-0.034703082342561066f,-1.234085324574883f,1.2249150171082304f,0f,0f,0f,1f], start_interpolation: 0, interpolation_duration: 1 }
$data merge entity $(bone_barrel2) { transformation: [0.16165052567029964f,-1.3231855372103842f,-0.02875620707882104f,1.0772136536117562f,-1.2239444431042141f,-0.16047899541986693f,0.5039685208434384f,-0.5999620732841584f,-0.503593968910082f,-0.034703082342561066f,-1.234085324574883f,1.2151547751993852f,0f,0f,0f,1f], start_interpolation: 0, interpolation_duration: 1 }
$data merge entity $(bone_blaster_left) { transformation: [0.12123789425272473f,-0.9923891529077883f,-0.02156715530911578f,1.250541383728229f,-0.9179583323281607f,-0.1203592465649002f,0.37797639063257876f,-0.43321099628840204f,-0.37769547668256154f,-0.0260273117569208f,-0.9255639934311624f,1.0423855588159257f,0f,0f,0f,1f], start_interpolation: 0, interpolation_duration: 1 }
$data merge entity $(bone_sword_left) { transformation: [-2.643772668822072f,-0.057455944155991714f,0.3229836101208143f,1.0546539117571685f,-0.32064285021247835f,1.006947373504071f,-2.4454853653082824f,1.0404811975974395f,-0.06933801650717139f,-2.465747214093632f,-1.0061990051637175f,1.5311652057017178f,0f,0f,0f,1f], start_interpolation: 0, interpolation_duration: 1 }
$data merge entity $(bone_rocket_left) { transformation: [-2.2867577765951324f,-0.04969709712933423f,0.2793679240528716f,1.285104705514122f,-0.27734326021295297f,0.8709692645428614f,-2.1152471778747572f,0.1624032570757769f,-0.05997461518962658f,-2.132772867895124f,-0.870321955815359f,0.4068820323093154f,0f,0f,0f,1f], start_interpolation: 0, interpolation_duration: 1 }
$data merge entity $(bone_drillhead_left1) { transformation: [0.1212378942527245f,-0.02156715530911603f,0.9923891529077883f,1.2374877909583553f,-0.9179583323281606f,0.377976390632579f,0.12035924656490007f,-0.5192898916551194f,-0.37769547668256176f,-0.9255639934311622f,0.026027311756920513f,1.708738850494756f,0f,0f,0f,1f], start_interpolation: 0, interpolation_duration: 1 }
$data merge entity $(bone_drillhead_left2) { transformation: [-0.9632437601630678f,-0.02156715530911603f,-0.26776167821177643f,1.0080956423844873f,0.2400900009336837f,0.377976390632579f,-0.8941424045285136f,-0.23158035448078465f,0.12049170078714223f,-0.9255639934311622f,-0.3589053414274874f,1.831577194805484f,0f,0f,0f,1f], start_interpolation: 0, interpolation_duration: 1 }
$data merge entity $(bone_drillhead_left3) { transformation: [0.8704522931523709f,-0.02156715530911603f,-0.49178009634149633f,1.3846382240697714f,0.46248488983326486f,0.377976390632579f,0.8020234253438494f,-0.18579115513570532f,0.16858390202416074f,-0.9255639934311622f,0.3389848994307382f,1.8415022610611969f,0f,0f,0f,1f], start_interpolation: 0, interpolation_duration: 1 }
$data merge entity $(bone_drill_left) { transformation: [0.18534914943882577f,-0.03297198385866784f,1.5171699124066718f,1.1936688866730336f,-1.403379670737592f,0.5778523533712027f,0.18400586809433814f,-0.07710051013127311f,-0.5774228906027992f,-1.4150072466291919f,0.0397906951952521f,1.3319500147616983f,0f,0f,0f,1f], start_interpolation: 0, interpolation_duration: 1 }
$data merge entity $(bone_left_hand) { transformation: [-0.9923891529077883f,-0.02156715530911603f,0.12123789425272473f,1.2883109147778848f,-0.12035924656490028f,0.377976390632579f,-0.9179583323281606f,0.030787457529997453f,-0.026027311756920597f,-0.9255639934311622f,-0.37769547668256176f,0.8932699963175567f,0f,0f,0f,1f], start_interpolation: 0, interpolation_duration: 1 }
$data merge entity $(bone_left_arm_low) { transformation: [-0.9923891529077883f,-0.02156715530911603f,0.12123789425272473f,1.2085081216074296f,-0.12035924656490028f,0.377976390632579f,-0.9179583323281606f,0.37255519736701515f,-0.026027311756920597f,-0.9255639934311622f,-0.37769547668256176f,-0.04572368774474314f,0f,0f,0f,1f], start_interpolation: 0, interpolation_duration: 1 }
$data merge entity $(bone_left_arm) { transformation: [-1.098271286586324f,-0.1288644137153278f,0.04434097959961175f,1.0465f,-0.1332008760777702f,1.0911571929096353f,-0.12808390026739325f,1.4780000000000002f,-0.028804274095398777f,-0.1324459201840429f,-1.0983625861046376f,-0.18117374999999988f,0f,0f,0f,1f], start_interpolation: 0, interpolation_duration: 1 }