# This file was generated by Animated Java via MC-Build. It is not recommended to edit this file directly.
$data merge entity $(text_display_ammo_left) { transformation: [-1f,1.368136703841374e-15f,8.665293146946319e-16f,0.20468749999999997f,1.5801474953939527e-15f,0.7071067811865475f,0.7071067811865477f,0.9014667224389782f,3.546899863589409e-16f,0.7071067811865477f,-0.7071067811865475f,0.3321193487677502f,0f,0f,0f,1f], start_interpolation: 0, interpolation_duration: 1 }
$data merge entity $(text_display_ammo_right) { transformation: [-1f,1.368136703841374e-15f,8.665293146946319e-16f,-0.10781250000000003f,1.5801474953939527e-15f,0.7071067811865475f,0.7071067811865477f,0.9014667224389782f,3.546899863589409e-16f,0.7071067811865477f,-0.7071067811865475f,0.3321193487677502f,0f,0f,0f,1f], start_interpolation: 0, interpolation_duration: 1 }
$data merge entity $(text_display_health) { transformation: [-1f,1.368136703841374e-15f,8.665293146946319e-16f,0.04843749999999996f,1.5801474953939527e-15f,0.7071067811865475f,0.7071067811865477f,0.91030555720381f,3.546899863589409e-16f,0.7071067811865477f,-0.7071067811865475f,0.340958183532582f,0f,0f,0f,1f], start_interpolation: 0, interpolation_duration: 1 }
$data merge entity $(bone_barrel1) { transformation: [0.15485008239565612f,-1.324227495386845f,-0.014858338444112685f,1.414240969629523f,-1.2493519024351956f,-0.15103756928664255f,0.4405510802657484f,-0.49602573267600364f,-0.4392255156993885f,-0.03724205825735121f,-1.2583607405005686f,1.310709574822049f,0f,0f,0f,1f], start_interpolation: 0, interpolation_duration: 1 }
$data merge entity $(bone_barrel2) { transformation: [0.15485008239565612f,-1.324227495386845f,-0.014858338444112685f,1.041801986551973f,-1.2493519024351956f,-0.15103756928664255f,0.4405510802657484f,-0.5385050490378719f,-0.4392255156993885f,-0.03724205825735121f,-1.2583607405005686f,1.3002352459371689f,0f,0f,0f,1f], start_interpolation: 0, interpolation_duration: 1 }
$data merge entity $(bone_blaster_left) { transformation: [0.1161375617967421f,-0.9931706215401337f,-0.011143753833084514f,1.21790181755294f,-0.9370139268263967f,-0.11327817696498192f,0.3304133101993113f,-0.382235058780327f,-0.3294191367745414f,-0.02793154369301341f,-0.9437705553754265f,1.1206073931340308f,0f,0f,0f,1f], start_interpolation: 0, interpolation_duration: 1 }
$data merge entity $(bone_sword_left) { transformation: [-2.645854539029624f,-0.0296874988261064f,0.30939607794200785f,1.0311079256096212f,-0.3017785385465987f,0.8802370283476256f,-2.496250390071984f,1.1160590013583462f,-0.074410982422799f,-2.5142503750969794f,-0.877588502292323f,1.5320306283686436f,0f,0f,0f,1f], start_interpolation: 0, interpolation_duration: 1 }
$data merge entity $(bone_rocket_left) { transformation: [-2.2885585111829148f,-0.025678500882038813f,0.2676152513510746f,1.2625479200106278f,-0.2610263839887636f,0.7613698762979352f,-2.1591568969389012f,0.17986183826436403f,-0.06436252811223506f,-2.1747261651365495f,-0.759079007031866f,0.45587474154103974f,0f,0f,0f,1f], start_interpolation: 0, interpolation_duration: 1 }
$data merge entity $(bone_drillhead_left1) { transformation: [0.11613756179674188f,-0.01114375383308476f,0.9931706215401337f,1.1989674034607507f,-0.9370139268263966f,0.3304133101993115f,0.11327817696498178f,-0.43408257495922875f,-0.3294191367745416f,-0.9437705553754264f,0.02793154369301313f,1.7903536173652932f,0f,0f,0f,1f], start_interpolation: 0, interpolation_duration: 1 }
$data merge entity $(bone_drillhead_left2) { transformation: [-0.9620139303073328f,-0.01114375383308476f,-0.2727728260753734f,0.97115241905898f,0.2539243165136784f,0.3304133101993115f,-0.9090376702459558f,-0.1385821708238311f,0.10025786441820703f,-0.9437705553754264f,-0.31503253709523293f,1.8964980401073475f,0f,0f,0f,1f], start_interpolation: 0, interpolation_duration: 1 }
$data merge entity $(bone_drillhead_left3) { transformation: [0.873126088757553f,-0.01114375383308476f,-0.4873670586749225f,1.3479921891295195f,0.46323509486995473f,0.3304133101993115f,0.8223383070999172f,-0.09547737955714497f,0.15186862747704613f,-0.9437705553754264f,0.2936546590718374f,1.907139384106153f,0f,0f,0f,1f], start_interpolation: 0, interpolation_duration: 1 }
$data merge entity $(bone_drill_left) { transformation: [0.1775517335533187f,-0.01703663122201991f,1.5183646258847565f,1.1619070550890003f,-1.4325119668242987f,0.5051376583714711f,0.17318029053418937f,-0.01135016509733322f,-0.5036177606545768f,-1.4428415371484602f,0.04270189529374014f,1.3911729408925964f,0f,0f,0f,1f], start_interpolation: 0, interpolation_duration: 1 }
$data merge entity $(bone_left_hand) { transformation: [-0.9931706215401337f,-0.01114375383308476f,0.1161375617967421f,1.2608611993148737f,-0.11327817696498199f,0.3304133101993115f,-0.9370139268263966f,0.07321855359135804f,-0.027931543693013202f,-0.9437705553754264f,-0.3294191367745416f,0.9483487152771618f,0f,0f,0f,1f], start_interpolation: 0, interpolation_duration: 1 }
$data merge entity $(bone_left_arm_low) { transformation: [-0.9931706215401337f,-0.01114375383308476f,0.1161375617967421f,1.1912735804416787f,-0.11327817696498199f,0.3304133101993115f,-0.9370139268263966f,0.36727029251703325f,-0.027931543693013202f,-0.9437705553754264f,-0.3294191367745416f,-0.0074619096032823296f,0f,0f,0f,1f], start_interpolation: 0, interpolation_duration: 1 }
$data merge entity $(bone_left_arm) { transformation: [-1.0991361333631737f,-0.11920276503043338f,0.04962297530961623f,1.0390625f,-0.12536429765777996f,1.0870389344665878f,-0.16553587635477895f,1.46875f,-0.030911676471052838f,-0.17002656938511818f,-1.0931182060943383f,-0.18117374999999988f,0f,0f,0f,1f], start_interpolation: 0, interpolation_duration: 1 }