# This file was generated by Animated Java via MC-Build. It is not recommended to edit this file directly.
$data merge entity $(text_display_ammo_left) { transformation: [-1f,1.368136703841374e-15f,8.665293146946319e-16f,0.19662499999999997f,1.5801474953939527e-15f,0.7071067811865475f,0.7071067811865477f,0.8922167224389782f,3.546899863589409e-16f,0.7071067811865477f,-0.7071067811865475f,0.3321193487677502f,0f,0f,0f,1f], start_interpolation: 0, interpolation_duration: 1 }
$data merge entity $(text_display_ammo_right) { transformation: [-1f,1.368136703841374e-15f,8.665293146946319e-16f,-0.11587500000000003f,1.5801474953939527e-15f,0.7071067811865475f,0.7071067811865477f,0.8922167224389782f,3.546899863589409e-16f,0.7071067811865477f,-0.7071067811865475f,0.3321193487677502f,0f,0f,0f,1f], start_interpolation: 0, interpolation_duration: 1 }
$data merge entity $(text_display_health) { transformation: [-1f,1.368136703841374e-15f,8.665293146946319e-16f,0.04037499999999995f,1.5801474953939527e-15f,0.7071067811865475f,0.7071067811865477f,0.90105555720381f,3.546899863589409e-16f,0.7071067811865477f,-0.7071067811865475f,0.340958183532582f,0f,0f,0f,1f], start_interpolation: 0, interpolation_duration: 1 }
$data merge entity $(bone_barrel1) { transformation: [0.14790100279289617f,-1.3251014279203523f,-0.003045796131785633f,1.3816475564630921f,-1.2693321011660115f,-0.14255534462874264f,0.38242877564984123f,-0.4408006665193428f,-0.3803933334065042f,-0.03952160445884119f,-1.2773083936382257f,1.384601210181956f,0f,0f,0f,1f], start_interpolation: 0, interpolation_duration: 1 }
$data merge entity $(bone_barrel2) { transformation: [0.14790100279289617f,-1.3251014279203523f,-0.003045796131785633f,1.008962779860493f,-1.2693321011660115f,-0.14255534462874264f,0.38242877564984123f,-0.4808943571961767f,-0.3803933334065042f,-0.03952160445884119f,-1.2773083936382257f,1.3734857589279068f,0f,0f,0f,1f], start_interpolation: 0, interpolation_duration: 1 }
$data merge entity $(bone_blaster_left) { transformation: [0.11092575209467213f,-0.9938260709402643f,-0.002284347098839225f,1.1874756940884148f,-0.9519990758745086f,-0.106916508471557f,0.2868215817373809f,-0.33437190761266494f,-0.2852950000548782f,-0.029641203344130895f,-0.9579812952286694f,1.188116028232116f,0f,0f,0f,1f], start_interpolation: 0, interpolation_duration: 1 }
$data merge entity $(bone_sword_left) { transformation: [-2.6476006879116265f,-0.006085611081418127f,0.29551156499155784f,1.0097797178522974f,-0.28483074619947085f,0.7641065567915007f,-2.536171551418358f,1.1825986370591497f,-0.07896559836692578f,-2.5521084729184444f,-0.7600396694045322f,1.5291008282345042f,0f,0f,0f,1f], start_interpolation: 0, interpolation_duration: 1 }
$data merge entity $(bone_rocket_left) { transformation: [-2.2900688602314925f,-0.005263810549931589f,0.2556057021420559f,1.240956156753132f,-0.24636722043701179f,0.660921656198531f,-2.193687107208532f,0.1962675908800539f,-0.06830208901036501f,-2.2074719078478195f,-0.6574039610243727f,0.4986399539711269f,0f,0f,0f,1f], start_interpolation: 0, interpolation_duration: 1 }
$data merge entity $(bone_drillhead_left1) { transformation: [0.11092575209467191f,-0.0022843470988394704f,0.9938260709402643f,1.1636956787892048f,-0.9519990758745085f,0.28682158173738115f,0.10691650847155686f,-0.35527902728347927f,-0.2852950000548784f,-0.9579812952286693f,0.02964120334413062f,1.8593865288966456f,0f,0f,0f,1f], start_interpolation: 0, interpolation_duration: 1 }
$data merge entity $(bone_drillhead_left2) { transformation: [-0.9606250133670885f,-0.0022843470988394704f,-0.27783874001264325f,0.9375194936850958f,0.2655363000996095f,0.28682158173738115f,-0.9204476376085046f,-0.053501393386995694f,0.08179276876895197f,-0.9579812952286693f,-0.2749214087136721f,1.9502787035488016f,0f,0f,0f,1f], start_interpolation: 0, interpolation_duration: 1 }
$data merge entity $(bone_drillhead_left3) { transformation: [0.8757261182685524f,-0.0022843470988394704f,-0.48280280399002f,1.3146086491078408f,0.46309224782849145f,0.28682158173738115f,0.8386172847317314f,-0.012808565304506574f,0.13656257094624674f,-0.9579812952286693f,0.2522350138433451f,1.9615630353532265f,0f,0f,0f,1f], start_interpolation: 0, interpolation_duration: 1 }
$data merge entity $(bone_drill_left) { transformation: [0.16958389065015828f,-0.003492322218252568f,1.519366680478027f,1.1326155622511453f,-1.4554213438586097f,0.4384943877770094f,0.16345453728240367f,0.04895425794714711f,-0.4361605414318151f,-1.4645669932109386f,0.04531563222902501f,1.4409957430206695f,0f,0f,0f,1f], start_interpolation: 0, interpolation_duration: 1 }
$data merge entity $(bone_left_hand) { transformation: [-0.9938260709402643f,-0.0022843470988394704f,0.11092575209467213f,1.2351654707966346f,-0.10691650847155706f,0.28682158173738115f,-0.9519990758745085f,0.1123567422535201f,-0.029641203344130684f,-0.9579812952286693f,-0.2852950000548784f,0.9954615390888915f,0f,0f,0f,1f], start_interpolation: 0, interpolation_duration: 1 }
$data merge entity $(bone_left_arm_low) { transformation: [-0.9938260709402643f,-0.0022843470988394704f,0.11092575209467213f,1.1742334240169872f,-0.10691650847155706f,0.28682158173738115f,-0.9519990758745085f,0.3627460710903505f,-0.029641203344130684f,-0.9579812952286693f,-0.2852950000548784f,0.02671219989949905f,0f,0f,0f,1f], start_interpolation: 0, interpolation_duration: 1 }
$data merge entity $(bone_left_arm) { transformation: [-1.0998615153908435f,-0.1103510422002925f,0.053844897450868644f,1.031f,-0.11832387624583947f,1.0821944858006578f,-0.19906414480472684f,1.4595000000000002f,-0.03280374683392992f,-0.2035920453308214f,-1.08731144195474f,-0.18117374999999988f,0f,0f,0f,1f], start_interpolation: 0, interpolation_duration: 1 }