# This file was generated by Animated Java via MC-Build. It is not recommended to edit this file directly.
$data merge entity $(bone_barrel1) { transformation: [0.1354888396452037f,-1.3263562785477836f,0.014127082722507381f,1.3274510162398065f,-1.2951794087670774f,-0.12922467965604476f,0.28911772524584944f,-0.3488281242400396f,-0.28623565678499624f,-0.043101998821921256f,-1.3015333819231047f,1.4944003936510761f,0f,0f,0f,1f], start_interpolation: 0, interpolation_duration: 1 }
$data merge entity $(bone_barrel2) { transformation: [0.1354888396452037f,-1.3263562785477836f,0.014127082722507381f,0.9544133128982424f,-1.2951794087670774f,-0.12922467965604476f,0.28911772524584944f,-0.3851725653933022f,-0.28623565678499624f,-0.043101998821921256f,-1.3015333819231047f,1.4822779564824107f,0f,0f,0f,1f], start_interpolation: 0, interpolation_duration: 1 }
$data merge entity $(bone_blaster_left) { transformation: [0.10161662973390279f,-0.9947672089108377f,0.010595312041880536f,1.1365478453818951f,-0.9713845565753081f,-0.09691850974203357f,0.21683829393438708f,-0.2545708097905134f,-0.2146767425887472f,-0.03232649911644094f,-0.9761500364423287f,1.2887118970950304f,0f,0f,0f,1f], start_interpolation: 0, interpolation_duration: 1 }
$data merge entity $(bone_sword_left) { transformation: [-2.650107924953569f,0.028226423386317794f,0.27071161308155417f,0.9747826619800605f,-0.2581955943474151f,0.577667695558748f,-2.587815408970189f,1.285088740489015f,-0.0861193560936554f,-2.6005108776674586f,-0.5719092182989817f,1.5174620268809822f,0f,0f,0f,1f], start_interpolation: 0, interpolation_duration: 1 }
$data merge entity $(bone_rocket_left) { transformation: [-2.292237520143536f,0.0244147289762579f,0.2341547341529459f,1.2033945743015702f,-0.22332887778873176f,0.49965948687082806f,-2.238356981537265f,0.2241719673134142f,-0.07448980375089342f,-2.2493380549530575f,-0.4946786340121805f,0.5633481521853885f,0f,0f,0f,1f], start_interpolation: 0, interpolation_duration: 1 }
$data merge entity $(bone_drillhead_left1) { transformation: [0.10161662973390256f,0.010595312041880293f,0.9947672089108377f,1.1060252851901453f,-0.9713845565753081f,0.21683829393438728f,0.09691850974203339f,-0.22662078302338198f,-0.21467674258874742f,-0.9761500364423287f,0.03232649911644068f,1.959453167009165f,0f,0f,0f,1f], start_interpolation: 0, interpolation_duration: 1 }
$data merge entity $(bone_drillhead_left2) { transformation: [-0.9579320645780446f,0.010595312041880293f,-0.28679940553630934f,0.8828198393287272f,0.2821917487845193f,0.21683829393438728f,-0.9345314179852701f,0.08361301556435274f,0.05228744181139498f,-0.9761500364423287f,-0.2107062642221644f,2.0259446220469117f,0f,0f,0f,1f], start_interpolation: 0, interpolation_duration: 1 }
$data merge entity $(bone_drillhead_left3) { transformation: [0.88015806327416f,0.010595312041880293f,-0.4745624542841702f,1.2602673162110456f,0.46127380372884014f,0.21683829393438728f,0.8603532020496886f,0.12051466063391054f,0.11201902359424247f,-0.9761500364423287f,0.18596463294571128f,2.03823869888881f,0f,0f,0f,1f], start_interpolation: 0, interpolation_duration: 1 }
$data merge entity $(bone_drill_left) { transformation: [0.1553520539606013f,0.016198170440900155f,1.5208054973052703f,1.0841049633366726f,-1.4850579717586792f,0.3315035583076501f,0.14816954266888174f,0.146657137415631f,-0.32819896690203276f,-1.4923434631923962f,0.04942092695108472f,1.512682011001028f,0f,0f,0f,1f], start_interpolation: 0, interpolation_duration: 1 }
$data merge entity $(bone_left_hand) { transformation: [-0.9947672089108377f,0.010595312041880293f,0.10161662973390279f,1.191745878922261f,-0.09691850974203362f,0.21683829393438728f,-0.9713845565753081f,0.17646435513217731f,-0.03232649911644073f,-0.9761500364423287f,-0.21467674258874742f,1.0648404668183495f,0f,0f,0f,1f], start_interpolation: 0, interpolation_duration: 1 }
$data merge entity $(bone_left_arm_low) { transformation: [-0.9947672089108377f,0.010595312041880293f,0.10161662973390279f,1.1433437600863985f,-0.09691850974203362f,0.21683829393438728f,-0.9713845565753081f,0.3568894748147091f,-0.03232649911644073f,-0.9761500364423287f,-0.21467674258874742f,0.07996137597534494f,0f,0f,0f,1f], start_interpolation: 0, interpolation_duration: 1 }
$data merge entity $(bone_left_arm) { transformation: [-1.1009030672929054f,-0.0961665927521009f,0.05946765000865624f,1.0145f,-0.10725914937353512f,1.0724006445888188f,-0.25144444892496576f,1.4440000000000002f,-0.03577554800092011f,-0.25589220866991164f,-1.076109318908305f,-0.18117374999999988f,0f,0f,0f,1f], start_interpolation: 0, interpolation_duration: 1 }