# This file was generated by Animated Java via MC-Build. It is not recommended to edit this file directly.
$data merge entity $(bone_barrel1) { transformation: [0.13094433807146097f,-1.326744713330533f,0.019489067558151225f,1.307395029320511f,-1.3023138598922284f,-0.12475382960984684f,0.2572797506763025f,-0.3158448868469926f,-0.25418490993253323f,-0.04430265708664145f,-1.3081303772619268f,1.5294691719155806f,0f,0f,0f,1f], start_interpolation: 0, interpolation_duration: 1 }
$data merge entity $(bone_barrel2) { transformation: [0.13094433807146097f,-1.326744713330533f,0.019489067558151225f,0.9342480786962984f,-1.3023138598922284f,-0.12475382960984684f,0.2572797506763025f,-0.35093190142476205f,-0.25418490993253323f,-0.04430265708664145f,-1.3081303772619268f,1.5170090496099626f,0f,0f,0f,1f], start_interpolation: 0, interpolation_duration: 1 }
$data merge entity $(bone_blaster_left) { transformation: [0.09820825355359573f,-0.9950585349978999f,0.01461680066861342f,1.1175464520035028f,-0.9767353949191713f,-0.09356537220738513f,0.1929598130072269f,-0.2258358174405219f,-0.19063868244939994f,-0.03322699281498109f,-0.9810977829464452f,1.3209215641575023f,0f,0f,0f,1f], start_interpolation: 0, interpolation_duration: 1 }
$data merge entity $(bone_sword_left) { transformation: [-2.6508840317302638f,0.03893986345988449f,0.2616315341990342f,0.9615387250040484f,-0.2492626738867975f,0.514054268242215f,-2.602070300942094f,1.319592461471581f,-0.08851831483042846f,-2.613691913495506f,-0.5078706642481872f,1.5116023210794223f,0f,0f,0f,1f], start_interpolation: 0, interpolation_duration: 1 }
$data merge entity $(bone_rocket_left) { transformation: [-2.2929088215107085f,0.03368142678701561f,0.22630082854238853f,1.1887181705184855f,-0.21560225833618837f,0.4446364127134104f,-2.250686893808353f,0.23482260824682252f,-0.0765648072531767f,-2.260739124545322f,-0.4392878422075249f,0.5843456376213013f,0f,0f,0f,1f], start_interpolation: 0, interpolation_duration: 1 }
$data merge entity $(bone_drillhead_left1) { transformation: [0.09820825355359551f,0.014616800668613178f,0.9950585349978999f,1.085006068841674f,-0.9767353949191713f,0.1929598130072271f,0.09356537220738495f,-0.18143611648165087f,-0.19063868244940016f,-0.9810977829464452f,0.03322699281498084f,1.9906800817303756f,0f,0f,0f,1f], start_interpolation: 0, interpolation_duration: 1 }
$data merge entity $(bone_drillhead_left2) { transformation: [-0.9568968856916967f,0.014616800668613178f,-0.29005982019532844f,0.862898417416596f,0.2873373211059366f,0.1929598130072271f,-0.9381917578319904f,0.13124442892155602f,0.042256526752634485f,-0.9810977829464452f,-0.18884259647752655f,2.0488682432943515f,0f,0f,0f,1f], start_interpolation: 0, interpolation_duration: 1 }
$data merge entity $(bone_drillhead_left3) { transformation: [0.8817315425787547f,0.014616800668613178f,-0.47152501095901994f,1.2404568799790807f,0.46022358577434336f,0.1929598130072271f,0.8665799222583118f,0.16687443413684191f,0.10365200392995526f,-0.9810977829464452f,0.16341175716231243f,2.0615008841454916f,0f,0f,0f,1f], start_interpolation: 0, interpolation_duration: 1 }
$data merge entity $(bone_drill_left) { transformation: [0.15014130999411024f,0.02234624403651278f,1.5212508782051872f,1.0660806847189641f,-1.493238362402485f,0.2949980073244359f,0.1430432478430829f,0.1809399671077156f,-0.29144945035483955f,-1.4999076048481832f,0.05079760659508712f,1.5348876112830003f,0f,0f,0f,1f], start_interpolation: 0, interpolation_duration: 1 }
$data merge entity $(bone_left_hand) { transformation: [-0.9950585349978999f,0.014616800668613178f,0.09820825355359573f,1.1752717543370792f,-0.09356537220738517f,0.1929598130072271f,-0.9767353949191713f,0.19938866392565718f,-0.03322699281498088f,-0.9810977829464452f,-0.19063868244940016f,1.0868094467476115f,0f,0f,0f,1f], start_interpolation: 0, interpolation_duration: 1 }
$data merge entity $(bone_left_arm_low) { transformation: [-0.9950585349978999f,0.014616800668613178f,0.09820825355359573f,1.1307664044918735f,-0.09356537220738517f,0.1929598130072271f,-0.9767353949191713f,0.3559776600786986f,-0.03322699281498088f,-0.9810977829464452f,-0.19063868244940016f,0.09767751792368615f,0f,0f,0f,1f], start_interpolation: 0, interpolation_duration: 1 }
$data merge entity $(bone_left_arm) { transformation: [-1.101225476174055f,-0.09134734836113255f,0.061074471808142745f,1.0068125f,-0.10354825162390864f,1.0685218332137798f,-0.2689067311636564f,1.4392500000000001f,-0.03677211912421459f,-0.27329239364988034f,-1.071788718620541f,-0.18117374999999988f,0f,0f,0f,1f], start_interpolation: 0, interpolation_duration: 1 }