# This file was generated by Animated Java via MC-Build. It is not recommended to edit this file directly.
$data merge entity $(bone_barrel1) { transformation: [0.12687791649740904f,-1.3270653785440598f,0.024026093164840695f,1.2831494407389454f,-1.3079825096462927f,-0.12091146861406044f,0.22877925822668857f,-0.28172684019617505f,-0.22552500203400788f,-0.04533955894227674f,-1.3133394746333704f,1.5593567357348936f,0f,0f,0f,1f], start_interpolation: 0, interpolation_duration: 1 }
$data merge entity $(bone_barrel2) { transformation: [0.12687791649740904f,-1.3270653785440598f,0.024026093164840695f,0.9099123030234286f,-1.3079825096462927f,-0.12091146861406044f,0.22877925822668857f,-0.31573319074387957f,-0.22552500203400788f,-0.04533955894227674f,-1.3133394746333704f,1.5466049847823784f,0f,0f,0f,1f], start_interpolation: 0, interpolation_duration: 1 }
$data merge entity $(bone_blaster_left) { transformation: [0.09515843737305679f,-0.9952990339080449f,0.01801956987363052f,1.0942054076688121f,-0.9809868822347196f,-0.09068360146054533f,0.17158444367001643f,-0.19557911897775976f,-0.16914375152550593f,-0.034004669206707555f,-0.9850046059750279f,1.3483710914782412f,0f,0f,0f,1f], start_interpolation: 0, interpolation_duration: 1 }
$data merge entity $(bone_sword_left) { transformation: [-2.651524732451004f,0.048005005089228295f,0.2535066764862963f,0.9433282440968742f,-0.24158549733163015f,0.45710925118503504f,-2.613396468639268f,1.3541720726566082f,-0.09059008232568f,-2.62409987887343f,-0.45060712934527214f,1.5050665054041752f,0f,0f,0f,1f], start_interpolation: 0, interpolation_duration: 1 }
$data merge entity $(bone_rocket_left) { transformation: [-2.293463002047069f,0.041522412270111f,0.21927315109589682f,1.169086333398369f,-0.20896180721236132f,0.3953812471201192f,-2.260483576543588f,0.24873851225497026f,-0.07835680339828184f,-2.269741598943813f,-0.38975717139802935f,0.6021872108138291f,0f,0f,0f,1f], start_interpolation: 0, interpolation_duration: 1 }
$data merge entity $(bone_drillhead_left1) { transformation: [0.09515843737305657f,0.01801956987363028f,0.9952990339080449f,1.0599865811340146f,-0.9809868822347196f,0.17158444367001663f,0.09068360146054515f,-0.1365486508396848f,-0.16914375152550615f,-0.9850046059750279f,0.0340046692067073f,2.0169151495514166f,0f,0f,0f,1f], start_interpolation: 0, interpolation_duration: 1 }
$data merge entity $(bone_drillhead_left2) { transformation: [-0.9559519635883197f,0.01801956987363028f,-0.2929695178908645f,0.8388650670859445f,0.29162670387490236f,0.17158444367001663f,-0.9410168140248668f,0.17811724273305587f,0.033312293506994904f,-0.9850046059750279f,-0.1692814736150521f,2.0676837017128094f,0f,0f,0f,1f], start_interpolation: 0, interpolation_duration: 1 }
$data merge entity $(bone_drillhead_left3) { transformation: [0.8831208487234802f,0.01801956987363028f,-0.4687993831603126f,1.2165151825341165f,0.459188150522519f,0.17158444367001663f,0.8716105902925683f,0.21265432353844474f,0.09614472928678228f,-0.9850046059750279f,0.14325542655812765f,2.0806086346134833f,0f,0f,0f,1f], start_interpolation: 0, interpolation_duration: 1 }
$data merge entity $(bone_drill_left) { transformation: [0.14547873449746465f,0.027548416028809454f,1.5216185542417193f,1.0436399477873706f,-1.4997380592393847f,0.262319226898458f,0.13863758111572266f,0.21592360245938516f,-0.25858788352751455f,-1.5058803770562383f,0.05198652247517232f,1.5533232271985917f,0f,0f,0f,1f], start_interpolation: 0, interpolation_duration: 1 }
$data merge entity $(bone_left_hand) { transformation: [-0.9952990339080449f,0.01801956987363028f,0.09515843737305679f,1.1541291461257377f,-0.09068360146054537f,0.17158444367001663f,-0.9809868822347196f,0.22425797055963193f,-0.03400466920670733f,-0.9850046059750279f,-0.16914375152550615f,1.1052609982716872f,0f,0f,0f,1f], start_interpolation: 0, interpolation_duration: 1 }
$data merge entity $(bone_left_arm_low) { transformation: [-0.9952990339080449f,0.01801956987363028f,0.09515843737305679f,1.112916227548023f,-0.09068360146054537f,0.17158444367001663f,-0.9809868822347196f,0.3595188490685295f,-0.03400466920670733f,-0.9850046059750279f,-0.16914375152550615f,0.11284535823606803f,0f,0f,0f,1f], start_interpolation: 0, interpolation_duration: 1 }
$data merge entity $(bone_left_arm) { transformation: [-1.1014916349150021f,-0.08718352957220088f,0.062347324863515234f,0.9931875f,-0.10035901274871038f,1.0649496759578154f,-0.28387010193304296f,1.4392500000000001f,-0.037632769050492634f,-0.28818951816939004f,-1.067849500091148f,-0.18117374999999988f,0f,0f,0f,1f], start_interpolation: 0, interpolation_duration: 1 }