# This file was generated by Animated Java via MC-Build. It is not recommended to edit this file directly.
$data merge entity $(bone_barrel1) { transformation: [0.1473496456264311f,-1.3251656560333178f,-0.0013578590976705612f,1.3168388334692476f,-1.2727050948039969f,-0.14189684057531649f,0.37130150292244984f,-0.4286886759929139f,-0.36917150671671833f,-0.03973724301341474f,-1.2805901483003759f,1.394462273974008f,0f,0f,0f,1f], start_interpolation: 0, interpolation_duration: 1 }
$data merge entity $(bone_barrel2) { transformation: [0.1473496456264311f,-1.3251656560333178f,-0.0013578590976705612f,0.9441359927098769f,-1.2727050948039969f,-0.14189684057531649f,0.37130150292244984f,-0.46859716240472166f,-0.36917150671671833f,-0.03973724301341474f,-1.2805901483003759f,1.383286174376485f,0f,0f,0f,1f], start_interpolation: 0, interpolation_duration: 1 }
$data merge entity $(bone_blaster_left) { transformation: [0.11051223421982334f,-0.9938742420249884f,-0.001018394323252921f,1.1229630622539941f,-0.9545288211029977f,-0.10642263043148736f,0.2784761271918374f,-0.3238276752889263f,-0.27687863003753876f,-0.029802932260061057f,-0.960442611225282f,1.1968450291460901f,0f,0f,0f,1f], start_interpolation: 0, interpolation_duration: 1 }
$data merge entity $(bone_sword_left) { transformation: [-2.6477290180096005f,-0.0027130516995387253f,0.29440993338626337f,0.946050238277043f,-0.28351503122995336f,0.7418738625185364f,-2.5429109149780724f,1.1961859058556932f,-0.07939645201586133f,-2.558665537697027f,-0.7376180528871225f,1.5244220323888182f,0f,0f,0f,1f], start_interpolation: 0, interpolation_duration: 1 }
$data merge entity $(bone_rocket_left) { transformation: [-2.290179860641238f,-0.0023466813714316226f,0.25465283479833206f,1.1776016263198834f,-0.24522917953288698f,0.6416912635392351f,-2.199516387543874f,0.20075161051270546f,-0.06867476021008535f,-2.213143507017782f,-0.6380101581684468f,0.5028371801627743f,0f,0f,0f,1f], start_interpolation: 0, interpolation_duration: 1 }
$data merge entity $(bone_drillhead_left1) { transformation: [0.11051223421982312f,-0.0010183943232531661f,0.9938742420249884f,1.0984332004220678f,-0.9545288211029976f,0.2784761271918376f,0.10642263043148721f,-0.3388747946391888f,-0.276878630037539f,-0.9604426112252819f,0.029802932260060783f,1.8682454699567397f,0f,0f,0f,1f], start_interpolation: 0, interpolation_duration: 1 }
$data merge entity $(bone_drillhead_left2) { transformation: [-0.9605112712066325f,-0.0010183943232531661f,-0.2782392149895866f,0.8723877694601356f,0.2669606754994341f,0.2784761271918376f,-0.9225958185040302f,-0.03614756965294294f,0.07842254536741877f,-0.9604426112252819f,-0.26720758769327135f,1.9562595872037334f,0f,0f,0f,1f], start_interpolation: 0, interpolation_duration: 1 }
$data merge entity $(bone_drillhead_left3) { transformation: [0.8759288689874792f,-0.0010183943232531661f,-0.4824391975651626f,1.2494952569776614f,0.4636040556027618f,0.2784761271918376f,0.8411434635143442f,0.0043581871261640925f,0.1334911836151998f,-0.9604426112252819f,0.24439741086962272f,1.9676041923107224f,0f,0f,0f,1f], start_interpolation: 0, interpolation_duration: 1 }
$data merge entity $(bone_drill_left) { transformation: [0.16895170228320094f,-0.0015569267576920247f,1.51944032469328f,1.0681185558594677f,-1.4592888320667106f,0.425735811663237f,0.1626994938595725f,0.0617256712557388f,-0.4232935493606356f,-1.4683298664386883f,0.04556288427173067f,1.4463193374547443f,0f,0f,0f,1f], start_interpolation: 0, interpolation_duration: 1 }
$data merge entity $(bone_left_hand) { transformation: [-0.9938742420249884f,-0.0010183943232531661f,0.11051223421982334f,1.171203808842771f,-0.10642263043148742f,0.2784761271918376f,-0.9545288211029976f,0.12117159823572402f,-0.029802932260060845f,-0.9604426112252819f,-0.276878630037539f,1.0003634001527615f,0f,0f,0f,1f], start_interpolation: 0, interpolation_duration: 1 }
$data merge entity $(bone_left_arm_low) { transformation: [-0.9938742420249884f,-0.0010183943232531661f,0.11051223421982334f,1.1115217817123255f,-0.10642263043148742f,0.2784761271918376f,-0.9545288211029976f,0.36316728536612497f,-0.029802932260060845f,-0.9604426112252819f,-0.276878630037539f,0.029405648472552615f,0f,0f,0f,1f], start_interpolation: 0, interpolation_duration: 1 }
$data merge entity $(bone_left_arm) { transformation: [-1.0999148260493097f,-0.10964949878215982f,0.05418801885810214f,0.969f,-0.11777730429984962f,1.0817649429071214f,-0.20170546205554576f,1.4595000000000002f,-0.032982731281771156f,-0.20623669471750586f,-1.0868075007669118f,-0.18117374999999988f,0f,0f,0f,1f], start_interpolation: 0, interpolation_duration: 1 }