# This file was generated by Animated Java via MC-Build. It is not recommended to edit this file directly.
$data merge entity $(bone_barrel1) { transformation: [0.1573292241816529f,-1.3238935014806883f,-0.018201366250360056f,1.3438788664179577f,-1.244513802935915f,-0.15412388517989908f,0.45300000010686203f,-0.5099402414111097f,-0.45189676619573527f,-0.036463715280177215f,-1.2538889456198188f,1.289256257282123f,0f,0f,0f,1f], start_interpolation: 0, interpolation_duration: 1 }
$data merge entity $(bone_barrel2) { transformation: [0.1573292241816529f,-1.3238935014806883f,-0.018201366250360056f,0.971533819126514f,-1.244513802935915f,-0.15412388517989908f,0.45300000010686203f,-0.5532875841179563f,-0.45189676619573527f,-0.036463715280177215f,-1.2538889456198188f,1.2790008373595732f,0f,0f,0f,1f], start_interpolation: 0, interpolation_duration: 1 }
$data merge entity $(bone_blaster_left) { transformation: [0.11799691813623969f,-0.9929201261105163f,-0.013651024687770043f,1.1469128614359867f,-0.9333853522019364f,-0.11559291388492432f,0.33975000008014655f,-0.39477919827417074f,-0.3389225746468015f,-0.027347786460132913f,-0.9404167092148642f,1.1006334945746956f,0f,0f,0f,1f], start_interpolation: 0, interpolation_duration: 1 }
$data merge entity $(bone_sword_left) { transformation: [-2.645187207097844f,-0.03636698956774663f,0.31434949309931914f,0.9569444056118916f,-0.3079451095802764f,0.905110421463515f,-2.486583691891315f,1.0988564517958903f,-0.07285582493947244f,-2.5053155668226768f,-0.9029061201168544f,1.527260565723108f,0f,0f,0f,1f], start_interpolation: 0, interpolation_duration: 1 }
$data merge entity $(bone_rocket_left) { transformation: [-2.287981295712551f,-0.031455993620832595f,0.271899757642129f,1.188936680291819f,-0.26636022166417594f,0.7828843679971819f,-2.1507955890627244f,0.17401381168611402f,-0.06301737899606252f,-2.1669979128005608f,-0.7809777353634914f,0.44144899483666866f,0f,0f,0f,1f], start_interpolation: 0, interpolation_duration: 1 }
$data merge entity $(bone_drillhead_left1) { transformation: [0.11799691813623947f,-0.01365102468777029f,0.9929201261105163f,1.1292831967535315f,-0.9333853522019363f,0.3397500000801468f,0.11559291388492418f,-0.45333237096589063f,-0.3389225746468017f,-0.9404167092148641f,0.02734778646013263f,1.7698624559428409f,0f,0f,0f,1f], start_interpolation: 0, interpolation_duration: 1 }
$data merge entity $(bone_drillhead_left2) { transformation: [-0.9624940475729105f,-0.01365102468777029f,-0.2709591443588687f,0.9008867192212617f,0.25039718305831404f,0.3397500000801468f,-0.9065711158877727f,-0.15949894152412558f,0.10443399400184562f,-0.9404167092148641f,-0.32358917461236f,1.8793328137331988f,0f,0f,0f,1f], start_interpolation: 0, interpolation_duration: 1 }
$data merge entity $(bone_drillhead_left3) { transformation: [0.8721831162911531f,-0.01365102468777029f,-0.48898901948983176f,1.2776311980240664f,0.4639850375415564f,0.3397500000801468f,0.8181001298026427f,-0.11551630372813199f,0.15496611434185728f,-0.9404167092148641f,0.30265808503205777f,1.889753888686001f,0f,0f,0f,1f], start_interpolation: 0, interpolation_duration: 1 }
$data merge entity $(bone_drill_left) { transformation: [0.18039432759665613f,-0.020869760485713613f,1.5179816671151072f,1.090427043218947f,-1.4269645822836448f,0.5194116404350289f,0.17671907287555563f,-0.026750464743758764f,-0.5181466679506431f,-1.4377141589715259f,0.041809444074094086f,1.3749707633806014f,0f,0f,0f,1f], start_interpolation: 0, interpolation_duration: 1 }
$data merge entity $(bone_left_hand) { transformation: [-0.9929201261105163f,-0.01365102468777029f,0.11799691813623969f,1.1883873852521893f,-0.11559291388492439f,0.3397500000801468f,-0.9333853522019363f,0.062475396158661656f,-0.027347786460132705f,-0.9404167092148641f,-0.3389225746468017f,0.9328400103595258f,0f,0f,0f,1f], start_interpolation: 0, interpolation_duration: 1 }
$data merge entity $(bone_left_arm_low) { transformation: [-0.9929201261105163f,-0.01365102468777029f,0.11799691813623969f,1.1163662563742693f,-0.11559291388492439f,0.3397500000801468f,-0.9333853522019363f,0.36583254686469013f,-0.027347786460132705f,-0.9404167092148641f,-0.3389225746468017f,-0.019877265966809166f,0f,0f,0f,1f], start_interpolation: 0, interpolation_duration: 1 }
$data merge entity $(bone_left_arm) { transformation: [-1.0988589115324394f,-0.1223757840233507f,0.0480128999794919f,0.9609375f,-0.12792600350444816f,1.0885244438304162f,-0.15336704778110155f,1.46875f,-0.030265635746674516f,-0.15783117943670377f,-1.094963601506688f,-0.18117374999999988f,0f,0f,0f,1f], start_interpolation: 0, interpolation_duration: 1 }