# This file was generated by Animated Java via MC-Build. It is not recommended to edit this file directly.
$data merge entity $(bone_barrel1) { transformation: [0.17350243280467673f,-1.320627831179714f,-0.060139962605579876f,1.4099488711640409f,-1.1625788883172006f,-0.18129796656387157f,0.6271516192570378f,-0.6708069243805987f,-0.6293528517674148f,-0.029171160606791518f,-1.1750922555862802f,0.908801364946109f,0f,0f,0f,1f], start_interpolation: 0, interpolation_duration: 1 }
$data merge entity $(bone_barrel2) { transformation: [0.17350243280467673f,-1.320627831179714f,-0.060139962605579876f,1.0385222936447462f,-1.1625788883172006f,-0.18129796656387157f,0.6271516192570378f,-0.7217969774766877f,-0.6293528517674148f,-0.029171160606791518f,-1.1750922555862802f,0.9005969760254489f,0f,0f,0f,1f], start_interpolation: 0, interpolation_duration: 1 }
$data merge entity $(bone_blaster_left) { transformation: [0.13012682460350758f,-0.9904708733847857f,-0.04510497195418492f,1.2057369265354336f,-0.8719341662379007f,-0.1359734749229037f,0.4703637144427784f,-0.5349402977090625f,-0.4720146388255613f,-0.021878370455093644f,-0.8813191916897104f,0.7430486545181096f,0f,0f,0f,1f], start_interpolation: 0, interpolation_duration: 1 }
$data merge entity $(bone_sword_left) { transformation: [-2.6386622794559496f,-0.12016182535959376f,0.3466641502069334f,0.9934187202032583f,-0.36223990924590377f,1.25307166952176f,-2.322874762342469f,0.8768904776055642f,-0.058285036346940954f,-2.3478769237556536f,-1.2574698118721725f,1.3839082088195702f,0f,0f,0f,1f], start_interpolation: 0, interpolation_duration: 1 }
$data merge entity $(bone_rocket_left) { transformation: [-2.282337493882392f,-0.10393518014290742f,0.2998506455192498f,1.2183130750650695f,-0.3133230550530872f,1.0838569513568033f,-2.009193902897066f,0.1232190968914953f,-0.05041422876380725f,-2.030819774030971f,-1.0876611688453135f,0.17166109251402728f,0f,0f,0f,1f], start_interpolation: 0, interpolation_duration: 1 }
$data merge entity $(bone_drillhead_left1) { transformation: [0.13012682460350736f,-0.04510497195418517f,0.9904708733847857f,1.20642214700391f,-0.8719341662379005f,0.4703637144427785f,0.13597347492290363f,-0.6890918899078268f,-0.4720146388255615f,-0.8813191916897103f,0.021878370455093346f,1.397146123507605f,0f,0f,0f,1f], start_interpolation: 0, interpolation_duration: 1 }
$data merge entity $(bone_drillhead_left2) { transformation: [-0.9648731473508221f,-0.04510497195418517f,-0.25881528360267153f,0.9743868967543055f,0.20805164908660523f,0.4703637144427785f,-0.8575969259785955f,-0.4199167772446083f,0.16041920344417368f,-0.8813191916897103f,-0.44445715375695377f,1.5526813150423613f,0f,0f,0f,1f], start_interpolation: 0, interpolation_duration: 1 }
$data merge entity $(bone_drillhead_left3) { transformation: [0.8652783875867416f,-0.04510497195418517f,-0.4992583033664047f,1.3502004389071887f,0.45929786997802f,0.4703637144427785f,0.7535273337903851f,-0.36820880064403255f,0.20084516078049444f,-0.8813191916897103f,0.4277121739563336f,1.5610443425707046f,0f,0f,0f,1f], start_interpolation: 0, interpolation_duration: 1 }
$data merge entity $(bone_drill_left) { transformation: [0.19893859430747532f,-0.06895672544215638f,1.5142372362812246f,1.1480481163376723f,-1.3330176763212362f,0.719094594443573f,0.20787698498512422f,-0.21153206381647632f,-0.7216185365824788f,-1.3473655540675173f,0.03344777125958667f,1.0685879744903308f,0f,0f,0f,1f], start_interpolation: 0, interpolation_duration: 1 }
$data merge entity $(bone_left_hand) { transformation: [-0.9904708733847857f,-0.04510497195418517f,0.13012682460350758f,1.232732634504443f,-0.13597347492290382f,0.4703637144427785f,-0.8719341662379005f,-0.05746687494002517f,-0.02187837045509345f,-0.8813191916897103f,-0.4720146388255615f,0.64182160328548f,0f,0f,0f,1f], start_interpolation: 0, interpolation_duration: 1 }
$data merge entity $(bone_left_arm_low) { transformation: [-0.9904708733847857f,-0.04510497195418517f,0.13012682460350758f,1.1297896962325682f,-0.13597347492290382f,0.4703637144427785f,-0.8719341662379005f,0.37715055462513747f,-0.02187837045509345f,-0.8813191916897103f,-0.4720146388255615f,-0.25561544402097247f,0f,0f,0f,1f], start_interpolation: 0, interpolation_duration: 1 }
$data merge entity $(bone_left_arm) { transformation: [-1.0961483378281809f,-0.149305321426496f,0.03063855421319193f,0.9470625f,-0.15048105151857397f,1.0954783047566383f,-0.045328969494288884f,1.4865000000000002f,-0.02421266495882427f,-0.0490630546876221f,-1.1053409166652337f,-0.3061737499999999f,0f,0f,0f,1f], start_interpolation: 0, interpolation_duration: 1 }