# This file was generated by Animated Java via MC-Build. It is not recommended to edit this file directly.
$data merge entity $(text_display_ammo_left) { transformation: [-1f,1.368136703841374e-15f,8.665293146946319e-16f,0.12656249999999997f,1.5801474953939527e-15f,0.7071067811865475f,0.7071067811865477f,0.9014667224389782f,3.546899863589409e-16f,0.7071067811865477f,-0.7071067811865475f,0.3321193487677502f,0f,0f,0f,1f], start_interpolation: 0, interpolation_duration: 1 }
$data merge entity $(text_display_ammo_right) { transformation: [-1f,1.368136703841374e-15f,8.665293146946319e-16f,-0.18593750000000003f,1.5801474953939527e-15f,0.7071067811865475f,0.7071067811865477f,0.9014667224389782f,3.546899863589409e-16f,0.7071067811865477f,-0.7071067811865475f,0.3321193487677502f,0f,0f,0f,1f], start_interpolation: 0, interpolation_duration: 1 }
$data merge entity $(text_display_health) { transformation: [-1f,1.368136703841374e-15f,8.665293146946319e-16f,-0.029687500000000047f,1.5801474953939527e-15f,0.7071067811865475f,0.7071067811865477f,0.91030555720381f,3.546899863589409e-16f,0.7071067811865477f,-0.7071067811865475f,0.340958183532582f,0f,0f,0f,1f], start_interpolation: 0, interpolation_duration: 1 }
$data merge entity $(bone_barrel1) { transformation: [0.15260260809177084f,-1.3053489569808054f,-0.22484288356648122f,1.6737948088021897f,-0.7138256780683712f,-0.2716978070474231f,1.0928911111147483f,-1.0184872621206422f,-1.1157701927868469f,-0.004709557571799488f,-0.7299400487256871f,0.005014695595004476f,0f,0f,0f,1f], start_interpolation: 0, interpolation_duration: 1 }
$data merge entity $(bone_barrel2) { transformation: [0.15260260809177084f,-1.3053489569808054f,-0.22484288356648122f,1.3066654146513381f,-0.7138256780683712f,-0.2716978070474231f,1.0928911111147483f,-1.0949022703527298f,-1.1157701927868469f,-0.004709557571799488f,-0.7299400487256871f,0.0036901325279358743f,0f,0f,0f,1f], start_interpolation: 0, interpolation_duration: 1 }
$data merge entity $(bone_blaster_left) { transformation: [0.11445195606882815f,-0.9790117177356041f,-0.16863216267486092f,1.4457006322477395f,-0.5353692585512784f,-0.20377335528556734f,0.8196683333360613f,-0.8412438033170022f,-0.8368276445901351f,-0.003532168178849616f,-0.5474550365442653f,-0.0597465777062349f,0f,0f,0f,1f], start_interpolation: 0, interpolation_duration: 1 }
$data merge entity $(bone_sword_left) { transformation: [-2.6081345349473404f,-0.4492442319203595f,0.3049055428119014f,1.2444567206607384f,-0.5428620675262574f,2.1836360573100455f,-1.426249580961435f,0.08288938027849013f,-0.009409866749917032f,-1.4584466776806886f,-2.229349291857609f,1.1870592909966282f,0f,0f,0f,1f], start_interpolation: 0, interpolation_duration: 1 }
$data merge entity $(bone_rocket_left) { transformation: [-2.255932214041113f,-0.38857831955427036f,0.2637311177979353f,1.361617979071331f,-0.46955400862332153f,1.888757983693092f,-1.2336489287039418f,0.004997110667123272f,-0.008139158945418739f,-1.2614981315400327f,-1.928298105969011f,-0.2511156377967025f,0f,0f,0f,1f], start_interpolation: 0, interpolation_duration: 1 }
$data merge entity $(bone_drillhead_left1) { transformation: [0.11445195606882788f,-0.16863216267486117f,0.9790117177356041f,1.5293555318975736f,-0.5353692585512781f,0.8196683333360614f,0.20377335528556742f,-1.281145886669166f,-0.8368276445901353f,-0.5474550365442651f,0.003532168178849309f,0.44134692321946173f,0f,0f,0f,1f], start_interpolation: 0, interpolation_duration: 1 }
$data merge entity $(bone_drillhead_left2) { transformation: [-0.9482877554939594f,-0.16863216267486117f,-0.26891174480083246f,1.3047984598996147f,0.016614913225669936f,0.8196683333360614f,-0.572597387336501f,-1.1387044946499767f,0.31697677744391994f,-0.5474550365442651f,-0.7744796353188282f,0.7237851743412698f,0f,0f,0f,1f], start_interpolation: 0, interpolation_duration: 1 }
$data merge entity $(bone_drillhead_left3) { transformation: [0.8606900207153244f,-0.16863216267486117f,-0.48039138413657456f,1.6762659061461593f,0.39313897766464273f,0.8196683333360614f,0.4166360132860373f,-1.0613138611333388f,0.323503373215573f,-0.5474550365442651f,0.7717762308340826f,0.7252342299049002f,0f,0f,0f,1f], start_interpolation: 0, interpolation_duration: 1 }
$data merge entity $(bone_drill_left) { transformation: [0.17497477038611944f,-0.25780576372154224f,1.4967184170543293f,1.4113556154793163f,-0.8184754223900113f,1.2531133878743095f,0.31152980933291663f,-0.7135682183385108f,-1.279346635865807f,-0.8369522252503204f,0.0053999978444024595f,0.3834419806333369f,0f,0f,0f,1f], start_interpolation: 0, interpolation_duration: 1 }
$data merge entity $(bone_left_hand) { transformation: [-0.9790117177356041f,-0.16863216267486117f,0.1144519560688281f,1.4387808131544597f,-0.20377335528556753f,0.8196683333360614f,-0.5353692585512781f,-0.3713764773414525f,-0.0035321681788494947f,-0.5474550365442651f,-0.8368276445901353f,0.07491360826231352f,0f,0f,0f,1f], start_interpolation: 0, interpolation_duration: 1 }
$data merge entity $(bone_left_arm_low) { transformation: [-0.9790117177356041f,-0.16863216267486117f,0.1144519560688281f,1.2125370417482741f,-0.20377335528556753f,0.8196683333360614f,-0.5353692585512781f,0.41882573195953343f,-0.0035321681788494947f,-0.5474550365442651f,-0.8368276445901353f,-0.4989130526865714f,0f,0f,0f,1f], start_interpolation: 0, interpolation_duration: 1 }
$data merge entity $(bone_left_arm) { transformation: [-1.0834665571163065f,-0.21740925802572175f,-0.06004508863571378f,0.9609375f,-0.22551478361663177f,1.0391043554401547f,0.3068830386477433f,1.46875f,-0.00390902991921836f,0.31267767999016766f,-1.0615975539040607f,-0.18117374999999988f,0f,0f,0f,1f], start_interpolation: 0, interpolation_duration: 1 }