# This file was generated by Animated Java via MC-Build. It is not recommended to edit this file directly.
$data merge entity $(bone_barrel1) { transformation: [0.143932989809105f,-1.3035753509166834f,-0.24031724179682715f,1.700914369269337f,-0.6600250433557592f,-0.28011314988191727f,1.1241358206125431f,-1.034737110371809f,-1.1495338248027402f,-0.0023886237571408278f,-0.6755324254902252f,-0.22638605768931877f,0f,0f,0f,1f], start_interpolation: 0, interpolation_duration: 1 }
$data merge entity $(bone_barrel2) { transformation: [0.143932989809105f,-1.3035753509166834f,-0.24031724179682715f,1.3342838018240195f,-0.6600250433557592f,-0.28011314988191727f,1.1241358206125431f,-1.1135189337760982f,-1.1495338248027402f,-0.0023886237571408278f,-0.6755324254902252f,-0.22705785812101462f,0f,0f,0f,1f], start_interpolation: 0, interpolation_duration: 1 }
$data merge entity $(bone_blaster_left) { transformation: [0.10794974235682876f,-0.9776815131875127f,-0.1802379313476204f,1.4709598913027941f,-0.49501878251681947f,-0.21008486241143798f,0.8431018654594075f,-0.8562354541253936f,-0.8621503686020554f,-0.0017914678178556213f,-0.506649319117669f,-0.28018490866914436f,0f,0f,0f,1f], start_interpolation: 0, interpolation_duration: 1 }
$data merge entity $(bone_sword_left) { transformation: [-2.6045908057380047f,-0.48016256061007656f,0.2875833312094723f,1.2786093401251122f,-0.5596762275657545f,2.246064119507359f,-1.3187539625326283f,0.007428265324443073f,-0.004772556854378272f,-1.3497382741798938f,-2.2968102525570253f,1.010602592189457f,0f,0f,0f,1f], start_interpolation: 0, interpolation_duration: 1 }
$data merge entity $(bone_rocket_left) { transformation: [-2.252867029797717f,-0.4153214391138036f,0.24874809654318797f,1.3792947442920849f,-0.4840975855657243f,1.9427557643612297f,-1.1406695117174201f,-0.0025956333088127392f,-0.004128071081790283f,-1.1674697039001316f,-1.9866491428471937f,-0.43089075250249437f,0f,0f,0f,1f], start_interpolation: 0, interpolation_duration: 1 }
$data merge entity $(bone_drillhead_left1) { transformation: [0.1079497423568285f,-0.18023793134762064f,0.9776815131875127f,1.5632879317591801f,-0.49501878251681936f,0.8431018654594076f,0.21008486241143806f,-1.3184145919956443f,-0.8621503686020555f,-0.5066493191176688f,0.0017914678178553173f,0.19884813748316899f,0f,0f,0f,1f], start_interpolation: 0, interpolation_duration: 1 }
$data merge entity $(bone_drillhead_left2) { transformation: [-0.9445705172766451f,-0.18023793134762064f,-0.27440995972315163f,1.341183136132475f,-0.0046576176936530544f,0.8431018654594076f,-0.5377337176115022f,-1.19082229940814f,0.32827556182139284f,-0.5066493191176688f,-0.7972086445520091f,0.4901837876760189f,0f,0f,0f,1f], start_interpolation: 0, interpolation_duration: 1 }
$data merge entity $(bone_drillhead_left3) { transformation: [0.8619493614205685f,-0.18023793134762064f,-0.4738750747298328f,1.712146686539296f,0.3835285912511017f,0.8431018654594076f,0.37694172514038865f,-1.1110420337426268f,0.3315857627215312f,-0.5066493191176688f,0.7958375144449922f,0.49097563296941804f,0f,0f,0f,1f], start_interpolation: 0, interpolation_duration: 1 }
$data merge entity $(bone_drill_left) { transformation: [0.1650341508428905f,-0.27554872573303724f,1.4946847931359326f,1.4410384916907537f,-0.756787396063452f,1.2889386987161136f,0.32117887561427794f,-0.7495770962081056f,-1.3180601534999858f,-0.7745682234175706f,0.0027388057037212223f,0.16884230426028995f,0f,0f,0f,1f], start_interpolation: 0, interpolation_duration: 1 }
$data merge entity $(bone_left_hand) { transformation: [-0.9776815131875127f,-0.18023793134762064f,0.10794974235682872f,1.4626668510685934f,-0.21008486241143817f,0.8431018654594076f,-0.4950187825168193f,-0.3932078921312153f,-0.0017914678178555087f,-0.5066493191176688f,-0.8621503686020555f,-0.12368169490603154f,0f,0f,0f,1f], start_interpolation: 0, interpolation_duration: 1 }
$data merge entity $(bone_left_arm_low) { transformation: [-0.9776815131875127f,-0.18023793134762064f,0.10794974235682872f,1.224697254595404f,-0.21008486241143817f,0.8431018654594076f,-0.4950187825168193f,0.42129433247382675f,-0.0017914678178555087f,-0.5066493191176688f,-0.8621503686020555f,-0.6573851797811305f,0f,0f,0f,1f], start_interpolation: 0, interpolation_duration: 1 }
$data merge entity $(bone_left_arm) { transformation: [-1.0819944275024602f,-0.22148118598574518f,-0.07075395142321825f,0.969f,-0.23249969173570792f,1.0277704634828708f,0.338236228498713f,1.4595000000000002f,-0.0019826069837917543f,0.34555164184327153f,-1.051362026431902f,-0.3061737499999999f,0f,0f,0f,1f], start_interpolation: 0, interpolation_duration: 1 }