# This file was generated by Animated Java via MC-Build. It is not recommended to edit this file directly.
$data merge entity $(text_display_ammo_left) { transformation: [-1f,1.368136703841374e-15f,8.665293146946319e-16f,0.14293749999999997f,1.5801474953939527e-15f,0.7071067811865475f,0.7071067811865477f,0.8837167224389781f,3.546899863589409e-16f,0.7071067811865477f,-0.7071067811865475f,0.3321193487677502f,0f,0f,0f,1f], start_interpolation: 0, interpolation_duration: 1 }
$data merge entity $(text_display_ammo_right) { transformation: [-1f,1.368136703841374e-15f,8.665293146946319e-16f,-0.16956250000000003f,1.5801474953939527e-15f,0.7071067811865475f,0.7071067811865477f,0.8837167224389781f,3.546899863589409e-16f,0.7071067811865477f,-0.7071067811865475f,0.3321193487677502f,0f,0f,0f,1f], start_interpolation: 0, interpolation_duration: 1 }
$data merge entity $(text_display_health) { transformation: [-1f,1.368136703841374e-15f,8.665293146946319e-16f,-0.013312500000000041f,1.5801474953939527e-15f,0.7071067811865475f,0.7071067811865477f,0.89255555720381f,3.546899863589409e-16f,0.7071067811865477f,-0.7071067811865475f,0.340958183532582f,0f,0f,0f,1f], start_interpolation: 0, interpolation_duration: 1 }
$data merge entity $(bone_barrel1) { transformation: [0.13638342967410705f,-1.3021659705206332f,-0.2520736461952397f,1.723130649786495f,-0.6172274803911123f,-0.2866028835160679f,1.1465892038511838f,-1.0456586704422557f,-1.1739708579594914f,-0.0005917399008298389f,-0.6321153789329308f,-0.18445347558266453f,0f,0f,0f,1f], start_interpolation: 0, interpolation_duration: 1 }
$data merge entity $(bone_barrel2) { transformation: [0.13638342967410705f,-1.3021659705206332f,-0.2520736461952397f,1.356896470577567f,-0.6172274803911123f,-0.2866028835160679f,1.1465892038511838f,-1.1262657314311497f,-1.1739708579594914f,-0.0005917399008298389f,-0.6321153789329308f,-0.18461990242977291f,0f,0f,0f,1f], start_interpolation: 0, interpolation_duration: 1 }
$data merge entity $(bone_blaster_left) { transformation: [0.10228757225558029f,-0.9766244778904749f,-0.1890552346464298f,1.491819784650101f,-0.46292061029333426f,-0.21495216263705091f,0.8599419028883879f,-0.8665221574735102f,-0.8804781434696186f,-0.0004438049256223792f,-0.47408653419969815f,-0.22963768717896726f,0f,0f,0f,1f], start_interpolation: 0, interpolation_duration: 1 }
$data merge entity $(bone_sword_left) { transformation: [-2.601774812616657f,-0.5036522827677642f,0.2724990363881915f,1.3073535080836207f,-0.5726429506196317f,2.2909267931533055f,-1.2332428803176063f,-0.05115632381870239f,-0.001182317772429143f,-1.2629894412904816f,-2.3456363306466654f,1.0933123788942676f,0f,0f,0f,1f], start_interpolation: 0, interpolation_duration: 1 }
$data merge entity $(bone_rocket_left) { transformation: [-2.2504313082074976f,-0.43563911069260997f,0.23570078393049407f,1.3946082945649694f,-0.4953132831671448f,1.9815601854253242f,-1.0667058405794658f,-0.008473779857731678f,-0.0010226576560054968f,-1.0924354278597488f,-2.0288817504722183f,-0.34845941116974205f,0f,0f,0f,1f], start_interpolation: 0, interpolation_duration: 1 }
$data merge entity $(bone_drillhead_left1) { transformation: [0.10228757225558002f,-0.18905523464643004f,0.9766244778904749f,1.5908632286788278f,-0.46292061029333414f,0.859941902888388f,0.214952162637051f,-1.3452525852346224f,-0.8804781434696187f,-0.47408653419969793f,0.00044380492562207845f,0.23146344660142126f,0f,0f,0f,1f], start_interpolation: 0, interpolation_duration: 1 }
$data merge entity $(bone_drillhead_left2) { transformation: [-0.9414271253115891f,-0.18905523464643004f,-0.279236612893691f,1.3708746595363759f,-0.021437855469813527f,0.859941902888388f,-0.5099415084198908f,-1.2294433994470069f,0.3365343757781858f,-0.47408653419969793f,-0.8136255723673547f,0.5292554148867874f,0f,0f,0f,1f], start_interpolation: 0, interpolation_duration: 1 }
$data merge entity $(bone_drillhead_left3) { transformation: [0.863139606833474f,-0.18905523464643004f,-0.4682394017680905f,1.7414378579457312f,0.37574195158900403f,0.859941902888388f,0.3454242456353994f,-1.1478204277256496f,0.33735442035260566f,-0.47408653419969793f,0.8132858987828795f,0.5295382771601973f,0f,0f,0f,1f], start_interpolation: 0, interpolation_duration: 1 }
$data merge entity $(bone_drill_left) { transformation: [0.15637779452201378f,-0.2890286667766499f,1.4930687918482133f,1.4655794943142786f,-0.7077155365030884f,1.3146838391544082f,0.32862003056373784f,-0.7763436911190007f,-1.3460797549929635f,-0.7247860614532251f,0.0006784913742343807f,0.22321551727979727f,0f,0f,0f,1f], start_interpolation: 0, interpolation_duration: 1 }
$data merge entity $(bone_left_hand) { transformation: [-0.9766244778904749f,-0.18905523464643004f,0.10228757225558024f,1.4827429386222106f,-0.2149521626370511f,0.859941902888388f,-0.4629206102933341f,-0.40951219315859233f,-0.00044380492562227393f,-0.47408653419969793f,-0.8804781434696187f,-0.05638626010304193f,0f,0f,0f,1f], start_interpolation: 0, interpolation_duration: 1 }
$data merge entity $(bone_left_arm_low) { transformation: [-0.9766244778904749f,-0.18905523464643004f,0.10228757225558024f,1.2358451607406127f,-0.2149521626370511f,0.859941902888388f,-0.4629206102933341f,0.4225289304933133f,-0.00044380492562227393f,-0.47408653419969793f,-0.8804781434696187f,-0.5580154740940169f,0f,0f,0f,1f], start_interpolation: 0, interpolation_duration: 1 }
$data merge entity $(bone_left_arm) { transformation: [-1.0808246127052676f,-0.2243029496776967f,-0.07923586227473534f,0.9773125f,-0.2378863045028091f,1.0183438935326143f,0.36215714706306773f,1.451f,-0.0004911563223241044f,0.37072345461913836f,-1.0427539774533332f,-0.18117374999999988f,0f,0f,0f,1f], start_interpolation: 0, interpolation_duration: 1 }