# This file was generated by Animated Java via MC-Build. It is not recommended to edit this file directly.
$data merge entity $(bone_jetpack2) { transformation: [-1f,0f,1.2246467991473532e-16f,-0.06249999999999989f,0f,1f,0f,1.175015625f,-1.2246467991473532e-16f,0f,-1f,-0.931846875f,0f,0f,0f,1f], start_interpolation: 0, interpolation_duration: 1 }
$data merge entity $(text_display_ammo_left) { transformation: [-1f,1.368136703841374e-15f,8.665293146946319e-16f,0.16562499999999997f,1.5801474953939527e-15f,0.7071067811865475f,0.7071067811865477f,0.8702167224389782f,3.546899863589409e-16f,0.7071067811865477f,-0.7071067811865475f,0.3321193487677502f,0f,0f,0f,1f], start_interpolation: 0, interpolation_duration: 1 }
$data merge entity $(text_display_ammo_right) { transformation: [-1f,1.368136703841374e-15f,8.665293146946319e-16f,-0.14687500000000003f,1.5801474953939527e-15f,0.7071067811865475f,0.7071067811865477f,0.8702167224389782f,3.546899863589409e-16f,0.7071067811865477f,-0.7071067811865475f,0.3321193487677502f,0f,0f,0f,1f], start_interpolation: 0, interpolation_duration: 1 }
$data merge entity $(text_display_health) { transformation: [-1f,1.368136703841374e-15f,8.665293146946319e-16f,0.009374999999999958f,1.5801474953939527e-15f,0.7071067811865475f,0.7071067811865477f,0.87905555720381f,3.546899863589409e-16f,0.7071067811865477f,-0.7071067811865475f,0.340958183532582f,0f,0f,0f,1f], start_interpolation: 0, interpolation_duration: 1 }
$data merge entity $(bone_barrel1) { transformation: [0.2440169358562925f,-1.2879011017187576f,-0.24401693585629186f,1.8300066685520753f,-0.9106836025229593f,-0.345092060136694f,0.910683602522959f,-0.9193754451782019f,-0.9428090415820631f,-3.670680573416593e-16f,-0.9428090415820636f,0.6187027892277934f,0f,0f,0f,1f], start_interpolation: 0, interpolation_duration: 1 }
$data merge entity $(bone_barrel2) { transformation: [0.2440169358562925f,-1.2879011017187576f,-0.24401693585629186f,1.4677844836936746f,-0.9106836025229593f,-0.345092060136694f,0.910683602522959f,-1.016432587091647f,-0.9428090415820631f,-3.670680573416593e-16f,-0.9428090415820636f,0.6187027892277933f,0f,0f,0f,1f], start_interpolation: 0, interpolation_duration: 1 }
$data merge entity $(bone_blaster_left) { transformation: [0.18301270189221938f,-0.9659258262890683f,-0.1830127018922189f,1.5966327997928504f,-0.6830127018922195f,-0.2588190451025205f,0.6830127018922193f,-0.7725403388185546f,-0.7071067811865474f,-2.753010430062445e-16f,-0.7071067811865477f,0.510942367425393f,0f,0f,0f,1f], start_interpolation: 0, interpolation_duration: 1 }
$data merge entity $(bone_sword_left) { transformation: [-2.5732730876490155f,-0.4875546834547967f,0.4875546834547972f,1.286846492445806f,-0.6895064457402951f,1.8195788501214638f,-1.819578850121464f,0.3669743162193273f,-3.151350650121393e-16f,-1.8837666419087202f,-1.88376664190872f,1.5378722199174009f,0f,0f,0f,1f], start_interpolation: 0, interpolation_duration: 1 }
$data merge entity $(bone_rocket_left) { transformation: [-2.225778454357863f,-0.4217153301620236f,0.42171533016202406f,1.4789524698351773f,-0.5963955393757817f,1.5738630384953574f,-1.5738630384953576f,0.012247233022917858f,-2.7257924597405e-16f,-1.629382914982081f,-1.6293829149820809f,0.15028255368119436f,0f,0f,0f,1f], start_interpolation: 0, interpolation_duration: 1 }
$data merge entity $(bone_drillhead_left1) { transformation: [0.18301270189221913f,-0.18301270189221916f,0.9659258262890683f,1.6777525830847264f,-0.6830127018922195f,0.6830127018922193f,0.2588190451025205f,-1.098354629923728f,-0.7071067811865475f,-0.7071067811865476f,-3.871744873051051e-17f,1.0930689089206946f,0f,0f,0f,1f], start_interpolation: 0, interpolation_duration: 1 }
$data merge entity $(bone_drillhead_left2) { transformation: [-0.9624350297590463f,-0.18301270189221916f,-0.20056212114657526f,1.4324845687089214f,0.02226002671473415f,0.6830127018922193f,-0.7300672162647422f,-0.9164125150010185f,0.27059805007309856f,-0.7071067811865476f,-0.6532814824381883f,1.3322915298891302f,0f,0f,0f,1f], start_interpolation: 0, interpolation_duration: 1 }
$data merge entity $(bone_drillhead_left3) { transformation: [0.8223631719059996f,-0.18301270189221916f,-0.5387255000821971f,1.7989777096212136f,0.5004952635034028f,0.6830127018922193f,0.5319756951821671f,-0.8181158072570403f,0.27059805007309845f,-0.7071067811865476f,0.6532814824381883f,1.3323834537706845f,0f,0f,0f,1f], start_interpolation: 0, interpolation_duration: 1 }
$data merge entity $(bone_drill_left) { transformation: [0.27979080997162653f,-0.2797908099716266f,1.4767126353289535f,1.533884536103146f,-1.0441935183049604f,1.0441935183049602f,0.3956839580892277f,-0.5617046430486892f,-1.0810286772397253f,-1.0810286772397253f,-5.919144533871843e-17f,0.917768740971523f,0f,0f,0f,1f], start_interpolation: 0, interpolation_duration: 1 }
$data merge entity $(bone_left_hand) { transformation: [-0.9659258262890683f,-0.18301270189221916f,0.18301270189221935f,1.559020526913023f,-0.2588190451025207f,0.6830127018922193f,-0.6830127018922194f,-0.28657082405492806f,-1.1829179713786698e-16f,-0.7071067811865476f,-0.7071067811865475f,0.5480301180986273f,0f,0f,0f,1f], start_interpolation: 0, interpolation_duration: 1 }
$data merge entity $(bone_left_arm_low) { transformation: [-0.9659258262890683f,-0.18301270189221916f,0.18301270189221935f,1.321356607811869f,-0.2588190451025207f,0.6830127018922193f,-0.6830127018922194f,0.35892154058425185f,-1.1829179713786698e-16f,-0.7071067811865476f,-0.7071067811865475f,-0.18117374999999986f,0f,0f,0f,1f], start_interpolation: 0, interpolation_duration: 1 }
$data merge entity $(bone_left_arm) { transformation: [-1.068984477386792f,-0.2864335274371966f,1.355309468843381e-16f,1f,-0.2864335274371966f,1.068984477386792f,0f,1.4375f,-1.309128418569941e-16f,-3.507799025444483e-17f,-1.1066941666666668f,-0.18117374999999988f,0f,0f,0f,1f], start_interpolation: 0, interpolation_duration: 1 }
$data merge entity $(bone_drillhead_right1) { transformation: [-0.15304591873303122f,0.15304591873303114f,0.9762960071199334f,-1.5601881054014322f,-0.6903455270798549f,0.6903455270798547f,-0.21643961393810324f,-1.0816352480208407f,-0.7071067811865475f,-0.7071067811865476f,-3.74474678544007e-17f,1.1372630827448535f,0f,0f,0f,1f], start_interpolation: 0, interpolation_duration: 1 }
$data merge entity $(bone_drillhead_right2) { transformation: [-0.8434117611603751f,0.15304591873303114f,-0.5150082988608216f,-1.7032973418510875f,0.4641479251628642f,0.6903455270798547f,-0.5549682484681859f,-0.8501450510065932f,0.27059805007309856f,-0.7071067811865476f,-0.6532814824381883f,1.33229152988913f,0f,0f,0f,1f], start_interpolation: 0, interpolation_duration: 1 }
$data merge entity $(bone_drillhead_right3) { transformation: [0.960548036140825f,0.15304591873303114f,-0.232216315157155f,-1.3328255870900203f,0.06421966647874769f,0.6903455270798547f,0.7206239571914026f,-0.9321825059483337f,0.27059805007309845f,-0.7071067811865476f,0.6532814824381883f,1.3323834537706842f,0f,0f,0f,1f], start_interpolation: 0, interpolation_duration: 1 }
$data merge entity $(bone_drill_right) { transformation: [-0.2339774295577846f,0.23397742955778447f,1.4925666239549926f,-1.427105293360655f,-1.0554039811712872f,1.055403981171287f,-0.3308940541698144f,-0.49127096263524045f,-1.0810286772397253f,-1.0810286772397253f,-5.724989169625868e-17f,0.7857956571560801f,0f,0f,0f,1f], start_interpolation: 0, interpolation_duration: 1 }
$data merge entity $(bone_barrel3) { transformation: [0.2040612249773747f,1.3017280094932444f,0.2040612249773745f,-1.6957161698855583f,0.92046070277314f,-0.2885861519174705f,0.9204607027731395f,-0.9383037375500893f,0.9428090415820631f,-4.992995713920097e-17f,-0.9428090415820636f,0.5935333233514579f,0f,0f,0f,1f], start_interpolation: 0, interpolation_duration: 1 }
$data merge entity $(bone_barrel4) { transformation: [0.2040612249773747f,1.3017280094932444f,0.2040612249773745f,-1.3279816369789235f,0.92046070277314f,-0.2885861519174705f,0.9204607027731395f,-1.012145321132424f,0.9428090415820631f,-4.992995713920097e-17f,-0.9428090415820636f,0.5860322462282834f,0f,0f,0f,1f], start_interpolation: 0, interpolation_duration: 1 }
$data merge entity $(bone_blaster_right) { transformation: [0.15304591873303103f,0.9762960071199334f,0.1530459187330309f,-1.456639536310659f,0.690345527079855f,-0.2164396139381029f,0.6903455270798546f,-0.7257580213670735f,0.7071067811865474f,-3.7447467854400726e-17f,-0.7071067811865477f,0.2935578555104271f,0f,0f,0f,1f], start_interpolation: 0, interpolation_duration: 1 }
$data merge entity $(bone_rocket_right) { transformation: [-2.24967441451643f,0.3526630090760628f,-0.35266300907606246f,-1.1722539588947993f,0.4987408103826737f,1.5907600339664436f,-1.5907600339664438f,-0.06139775894892646f,-2.755056570861242e-16f,-1.629382914982081f,-1.6293829149820809f,0.15028255368119403f,0f,0f,0f,1f], start_interpolation: 0, interpolation_duration: 1 }
$data merge entity $(bone_sword_right) { transformation: [-2.600899750607847f,0.40772172472420043f,-0.40772172472420004f,-1.2398778036596072f,0.5766055927791136f,1.8391138508412088f,-1.839113850841209f,0.3554811511928352f,-3.185183554485049e-16f,-1.8837666419087202f,-1.88376664190872f,1.5378722199174006f,0f,0f,0f,1f], start_interpolation: 0, interpolation_duration: 1 }
$data merge entity $(bone_right_hand) { transformation: [-0.9762960071199334f,0.15304591873303114f,-0.153045918733031f,-1.4832855501204838f,0.21643961393810307f,0.6903455270798547f,-0.6903455270798549f,-0.3093140235618371f,-1.195617780139768e-16f,-0.7071067811865476f,-0.7071067811865475f,0.548030118098627f,0f,0f,0f,1f], start_interpolation: 0, interpolation_duration: 1 }
$data merge entity $(bone_right_arm_low) { transformation: [-0.9762960071199334f,0.15304591873303114f,-0.153045918733031f,-1.274003815902864f,0.21643961393810307f,0.6903455270798547f,-0.6903455270798549f,0.34593072992564067f,-1.195617780139768e-16f,-0.7071067811865476f,-0.7071067811865475f,-0.18117375000000013f,0f,0f,0f,1f], start_interpolation: 0, interpolation_duration: 1 }
$data merge entity $(bone_right_arm) { transformation: [-1.0804610960195888f,0.23953245818088406f,1.355309468843381e-16f,-1f,0.23953245818088406f,1.0804610960195888f,0f,1.4375f,-1.3231832228436305e-16f,2.933426582031169e-17f,-1.1066941666666668f,-0.1811737500000001f,0f,0f,0f,1f], start_interpolation: 0, interpolation_duration: 1 }
$data merge entity $(bone_torso) { transformation: [-1.3197129166666666f,0f,1.616182199189251e-16f,0f,0f,1.3197129166666666f,0f,0.20333875f,-1.616182199189251e-16f,0f,-1.3197129166666666f,-0.005674375000000009f,0f,0f,0f,1f], start_interpolation: 0, interpolation_duration: 1 }