# This file was generated by Animated Java via MC-Build. It is not recommended to edit this file directly.
$data merge entity $(bone_drillhead_right1) { transformation: [-0.0960375682078272f,-0.017026686031370572f,0.9952320721598135f,-1.0674049666701289f,-0.9797561651264508f,0.17806178667526182f,-0.09149785255799472f,-0.09031880457480743f,-0.17565489571724988f,-0.9838719896860582f,-0.03378262159394076f,2.0204702182313445f,0f,0f,0f,1f], start_interpolation: 0, interpolation_duration: 1 }
$data merge entity $(bone_drillhead_right2) { transformation: [-0.88272255532948f,-0.017026686031370572f,-0.4695859689933064f,-1.2298322388697085f,0.45946944539851475f,0.17806178667526182f,-0.8701619555411482f,0.19727775993024504f,0.0984312910500248f,-0.9838719896860582f,-0.14935591335271142f,2.075330562717149f,0f,0f,0f,1f], start_interpolation: 0, interpolation_duration: 1 }
$data merge entity $(bone_drillhead_right3) { transformation: [0.9562265278050155f,-0.017026686031370572f,-0.29213168175456994f,-0.852182676325071f,0.29040345890438113f,0.17806178667526182f,0.9401913800830048f,0.16268661119552755f,0.03600914575959341f,-0.9838719896860582f,0.17521201252443191f,2.0625347087746024f,0f,0f,0f,1f], start_interpolation: 0, interpolation_duration: 1 }
$data merge entity $(bone_drill_right) { transformation: [-0.1468227544796207f,-0.026030489832642f,1.5215161827583137f,-1.0595539278898258f,-1.4978565322578792f,0.2722218239704848f,-0.13988241260403037f,0.20570045575369947f,-0.2685421560365501f,-1.5041488271386565f,-0.05164705488201694f,1.3863713818705095f,0f,0f,0f,1f], start_interpolation: 0, interpolation_duration: 1 }
$data merge entity $(bone_barrel3) { transformation: [0.1280500909437693f,1.3269760962130845f,-0.02270224804182775f,-1.26725554162098f,1.3063415535019343f,-0.12199713674399261f,0.2374157155670155f,-0.2930565628583863f,0.23420652762299954f,-0.045043495458587914f,-1.3118293195814108f,1.5169714809294486f,0f,0f,0f,1f], start_interpolation: 0, interpolation_duration: 1 }
$data merge entity $(bone_barrel4) { transformation: [0.1280500909437693f,1.3269760962130845f,-0.02270224804182775f,-0.8942241357748066f,1.3063415535019343f,-0.12199713674399261f,0.2374157155670155f,-0.3254793558768597f,0.23420652762299954f,-0.045043495458587914f,-1.3118293195814108f,1.4938659607811322f,0f,0f,0f,1f], start_interpolation: 0, interpolation_duration: 1 }
$data merge entity $(bone_blaster_right) { transformation: [0.09603756820782698f,0.9952320721598135f,-0.017026686031370815f,-1.0902411698234609f,0.9797561651264508f,-0.09149785255799446f,0.17806178667526162f,-0.2680041597388336f,0.17565489571724965f,-0.03378262159394094f,-0.9838719896860582f,1.116525618457668f,0f,0f,0f,1f], start_interpolation: 0, interpolation_duration: 1 }
$data merge entity $(bone_rocket_right) { transformation: [-2.2933087023975274f,-0.039234514583109566f,-0.2212989282491081f,-0.9288071031095022f,0.21083808228422918f,0.41030695891928354f,-2.2576476407517903f,0.21994078184426882f,0.07784514010190197f,-2.2671317164202978f,-0.4047607711163202f,0.5886749737442465f,0f,0f,0f,1f], start_interpolation: 0, interpolation_duration: 1 }
$data merge entity $(bone_sword_right) { transformation: [-2.651346343117231f,-0.04535991454406273f,-0.25584872352144783f,-0.9514555475053287f,0.24375470161070434f,0.4743652060225868f,-2.6101177787781795f,1.3420651494970177f,0.08999853675296847f,-2.621082534336494f,-0.46795313217738005f,1.5074187048432035f,0f,0f,0f,1f], start_interpolation: 0, interpolation_duration: 1 }
$data merge entity $(bone_right_hand) { transformation: [-0.9952320721598135f,-0.017026686031370572f,-0.09603756820782698f,-1.163099430120781f,0.0914978525579945f,0.17806178667526182f,-0.9797561651264508f,0.21501911196653972f,0.03378262159394072f,-0.9838719896860582f,-0.17565489571724988f,1.1000350549680888f,0f,0f,0f,1f], start_interpolation: 0, interpolation_duration: 1 }
$data merge entity $(bone_right_arm_low) { transformation: [-0.9952320721598135f,-0.017026686031370572f,-0.09603756820782698f,-1.120925285648658f,0.0914978525579945f,0.17806178667526182f,-0.9797561651264508f,0.3567449026967253f,0.03378262159394072f,-0.9838719896860582f,-0.17565489571724988f,0.10856243594124523f,0f,0f,0f,1f], start_interpolation: 0, interpolation_duration: 1 }
$data merge entity $(bone_right_arm) { transformation: [-1.1014175287388448f,0.0883626759615834f,-0.06199551127099776f,-1f,0.10126013968845927f,1.0659819921298348f,-0.27964397919356393f,1.4375f,0.03738703025272157f,-0.28398311302935764f,-1.0689844620091844f,-0.1811737500000001f,0f,0f,0f,1f], start_interpolation: 0, interpolation_duration: 1 }