# This file was generated by Animated Java via MC-Build. It is not recommended to edit this file directly.
$data merge entity $(bone_drillhead_right1) { transformation: [-0.10250297432269623f,-0.009553742540142303f,0.9946868181787056f,-1.0774284918946544f,-0.9699746073026195f,0.22266782401275143f,-0.09781769439909845f,-0.17787972388755863f,-0.22055022430986035f,-0.9748475604692781f,-0.03209100191591456f,1.8401358685385494f,0f,0f,0f,1f], start_interpolation: 0, interpolation_duration: 1 }
$data merge entity $(bone_drillhead_right2) { transformation: [-0.879744602532642f,-0.009553742540142303f,-0.47535056570720613f,-1.237969027859578f,0.4615649778023176f,0.22266782401275143f,-0.8587064757038767f,0.10821860714186142f,0.11404913669568179f,-0.9748475604692781f,-0.1914811433694364f,1.9070577734776775f,0f,0f,0f,1f], start_interpolation: 0, interpolation_duration: 1 }
$data merge entity $(bone_drillhead_right3) { transformation: [0.958196982615522f,-0.009553742540142303f,-0.2859497657106681f,-0.8605255193905744f,0.2808214462567756f,0.22266782401275143f,0.9335728977812496f,0.07122814651742694f,0.05475269699989388f,-0.9748475604692781f,0.2160425328918701f,1.8949096346711012f,0f,0f,0f,1f], start_interpolation: 0, interpolation_duration: 1 }
$data merge entity $(bone_drill_right) { transformation: [-0.15670710236898225f,-0.014605813344808313f,1.520682595518537f,-1.0633636850631674f,-1.4829024336733676f,0.34041577546807444f,-0.14954422104318638f,0.14654482596844026f,-0.33717837757196284f,-1.4903522308697184f,-0.04906089755531056f,1.2201993651536813f,0f,0f,0f,1f], start_interpolation: 0, interpolation_duration: 1 }
$data merge entity $(bone_barrel3) { transformation: [-0.13667063243026134f,-1.3262490909049407f,-0.01273832338685614f,-0.8849875867159149f,-1.2932994764034926f,0.13042359253213104f,0.29689043201700155f,-0.4012616227779011f,-0.29406696574648017f,0.042788002554552396f,-1.2997967472923708f,1.3444676104373416f,0f,0f,0f,1f], start_interpolation: 0, interpolation_duration: 1 }
$data merge entity $(bone_barrel4) { transformation: [-0.13667063243026134f,-1.3262490909049407f,-0.01273832338685614f,-1.2579951435329295f,-1.2932994764034926f,0.13042359253213104f,0.29689043201700155f,-0.3645799873782394f,-0.29406696574648017f,0.042788002554552396f,-1.2997967472923708f,1.3565017361558094f,0f,0f,0f,1f], start_interpolation: 0, interpolation_duration: 1 }
$data merge entity $(bone_blaster_right) { transformation: [-0.1766407276567987f,-1.7141180976912271f,-0.01646371771441127f,-1.2688727194936664f,-1.671532183087249f,0.16856670580086075f,0.38371770886905376f,-2.1540899317553044f,-0.3800685040057206f,0.055301594584145616f,-1.6799296173947282f,0.6286989826033581f,0f,0f,0f,1f], start_interpolation: 0, interpolation_duration: 1 }
$data merge entity $(bone_rocket_right) { transformation: [-2.2920522761479414f,-0.022014645147263267f,-0.23619713392648944f,-0.92756902112021f,0.22540086487274272f,0.513092446311723f,-2.2351080418904763f,0.1959340191269922f,0.07394714863108302f,-2.2463367655380386f,-0.5082128710220165f,0.4247513181646839f,0f,0f,0f,1f], start_interpolation: 0, interpolation_duration: 1 }
$data merge entity $(bone_sword_right) { transformation: [-2.6498937601576174f,-0.025451631891161872f,-0.2730728779060878f,-0.9472537703402529f,0.260591065734427f,0.5931978454481305f,-2.5840592359601984f,1.2753439006175942f,0.08549198016908886f,-2.5970410187222464f,-0.5875564574889763f,1.3933858779114718f,0f,0f,0f,1f], start_interpolation: 0, interpolation_duration: 1 }
$data merge entity $(bone_right_hand) { transformation: [-0.9946868181787056f,-0.009553742540142303f,-0.102502974322696f,-1.1650574184996467f,0.09781769439909822f,0.22266782401275143f,-0.9699746073026195f,0.16967794367680478f,0.03209100191591451f,-0.9748475604692781f,-0.22055022430986035f,0.9339822378976679f,0f,0f,0f,1f], start_interpolation: 0, interpolation_duration: 1 }
$data merge entity $(bone_right_arm_low) { transformation: [-0.9946868181787056f,-0.009553742540142303f,-0.102502974322696f,-1.1156464528512042f,0.09781769439909822f,0.22266782401275143f,-0.9699746073026195f,0.3559204553114057f,0.03209100191591451f,-0.9748475604692781f,-0.22055022430986035f,-0.04976320470103801f,0f,0f,0f,1f], start_interpolation: 0, interpolation_duration: 1 }
$data merge entity $(bone_right_arm) { transformation: [-1.1008140993386009f,0.09745055962529307f,-0.05902275544304991f,-0.9855f,0.10825427178826469f,1.0733815386396206f,-0.2467895129077841f,1.444f,0.035514924622831415f,-0.25125174520863736f,-1.0772108564216556f,-0.30617375000000013f,0f,0f,0f,1f], start_interpolation: 0, interpolation_duration: 1 }