# This file was generated by Animated Java via MC-Build. It is not recommended to edit this file directly.
$data merge entity $(text_display_ammo_left) { transformation: [-1f,1.368136703841374e-15f,8.665293146946319e-16f,0.20468749999999997f,1.5801474953939527e-15f,0.7071067811865475f,0.7071067811865477f,0.9014667224389782f,3.546899863589409e-16f,0.7071067811865477f,-0.7071067811865475f,0.3321193487677502f,0f,0f,0f,1f], start_interpolation: 0, interpolation_duration: 1 }
$data merge entity $(text_display_ammo_right) { transformation: [-1f,1.368136703841374e-15f,8.665293146946319e-16f,-0.10781250000000003f,1.5801474953939527e-15f,0.7071067811865475f,0.7071067811865477f,0.9014667224389782f,3.546899863589409e-16f,0.7071067811865477f,-0.7071067811865475f,0.3321193487677502f,0f,0f,0f,1f], start_interpolation: 0, interpolation_duration: 1 }
$data merge entity $(text_display_health) { transformation: [-1f,1.368136703841374e-15f,8.665293146946319e-16f,0.04843749999999996f,1.5801474953939527e-15f,0.7071067811865475f,0.7071067811865477f,0.91030555720381f,3.546899863589409e-16f,0.7071067811865477f,-0.7071067811865475f,0.340958183532582f,0f,0f,0f,1f], start_interpolation: 0, interpolation_duration: 1 }
$data merge entity $(bone_drillhead_right1) { transformation: [-0.11757719035989801f,0.01370229345126605f,0.9929692097246761f,-1.1246661662333577f,-0.9325929460758293f,0.3420690706268048f,-0.11514837319788526f,-0.3987998023952375f,-0.34124185153154607f,-0.939574902854844f,-0.027440858015609467f,1.7916708039871874f,0f,0f,0f,1f], start_interpolation: 0, interpolation_duration: 1 }
$data merge entity $(bone_drillhead_right2) { transformation: [-0.8723890865037663f,0.01370229345126605f,-0.48862002507398294f,-1.2807230168986563f,0.46327109480326695f,0.3420690706268048f,-0.8175381603572378f,-0.11972205715813321f,0.1559396500858803f,-0.939574902854844f,-0.3047652005337942f,1.890998199705634f,0f,0f,0f,1f], start_interpolation: 0, interpolation_duration: 1 }
$data merge entity $(bone_drillhead_right3) { transformation: [0.9623787720533049f,0.01370229345126605f,-0.2713657057465966f,-0.9039292888684178f,0.25050464440427206f,0.3420690706268048f,0.905668909730484f,-0.16329343847868136f,0.10523555593554056f,-0.939574902854844f,0.32576752399870723f,1.8806302304755276f,0f,0f,0f,1f], start_interpolation: 0, interpolation_duration: 1 }
$data merge entity $(bone_drill_right) { transformation: [-0.17975264549865988f,0.02094814044905173f,1.518056706410304f,-1.0921692642258072f,-1.4257531475058525f,0.5229570480483917f,-0.1760394566652818f,-0.0003499640373882673f,-0.5216923910147901f,-1.4364272008485426f,-0.04195173237224467f,1.2172562731455252f,0f,0f,0f,1f], start_interpolation: 0, interpolation_duration: 1 }
$data merge entity $(bone_barrel3) { transformation: [0.1567695871465304f,1.323958946299568f,0.018269724601687735f,-1.3165263199906572f,1.2434572614344392f,-0.15353116426384664f,0.45609209416907276f,-0.5073468136898079f,0.4549891353753944f,-0.03658781068747946f,-1.252766537139792f,1.2569175364460885f,0f,0f,0f,1f], start_interpolation: 0, interpolation_duration: 1 }
$data merge entity $(bone_barrel4) { transformation: [0.1567695871465304f,1.323958946299568f,0.018269724601687735f,-0.944017510702186f,1.2434572614344392f,-0.15353116426384664f,0.45609209416907276f,-0.5468987421791719f,0.4549891353753944f,-0.03658781068747946f,-1.252766537139792f,1.2366600866738877f,0f,0f,0f,1f], start_interpolation: 0, interpolation_duration: 1 }
$data merge entity $(bone_blaster_right) { transformation: [0.11757719035989779f,0.9929692097246761f,0.013702293451265803f,-1.1284049613801375f,0.9325929460758294f,-0.11514837319788498f,0.3420690706268046f,-0.4205144832365362f,0.34124185153154585f,-0.0274408580156096f,-0.9395749028548441f,0.8704086745576587f,0f,0f,0f,1f], start_interpolation: 0, interpolation_duration: 1 }
$data merge entity $(bone_rocket_right) { transformation: [-2.2880943988596933f,0.03157413199757404f,-0.27093258085085664f,-0.9400954824767781f,0.26533586859650937f,0.7882281916287727f,-2.1489696512581973f,0.14433337423587608f,0.06323184335476949f,-2.1650581422634456f,-0.7863220344589887f,0.43651471850308354f,0f,0f,0f,1f], start_interpolation: 0, interpolation_duration: 1 }
$data merge entity $(bone_sword_right) { transformation: [-2.6453179682183405f,0.03650357203168957f,-0.31323131801630183f,-0.9569052638415625f,0.30676083170387036f,0.9112885374882217f,-2.4844726836717363f,1.0953754423352282f,0.07310377206172085f,-2.503072953992276f,-0.9090847858361961f,1.53150444809101f,0f,0f,0f,1f], start_interpolation: 0, interpolation_duration: 1 }
$data merge entity $(bone_right_hand) { transformation: [-0.9929692097246761f,0.01370229345126605f,-0.11757719035989779f,-1.1878403572360865f,0.11514837319788505f,0.3420690706268048f,-0.9325929460758293f,0.06037299135168428f,0.02744085801560939f,-0.939574902854844f,-0.34124185153154607f,0.9344900001551295f,0f,0f,0f,1f], start_interpolation: 0, interpolation_duration: 1 }
$data merge entity $(bone_right_arm_low) { transformation: [-0.9929692097246761f,0.01370229345126605f,-0.11757719035989779f,-1.115751775375775f,0.11514837319788505f,0.3420690706268048f,-0.9325929460758293f,0.36610175908875164f,0.02744085801560939f,-0.939574902854844f,-0.34124185153154607f,-0.017463764186050834f,0f,0f,0f,1f], start_interpolation: 0, interpolation_duration: 1 }
$data merge entity $(bone_right_arm) { transformation: [-1.098913232081909f,0.12176979286447799f,-0.04830946527402684f,-0.9609375f,0.12743403291925576f,1.0882459463381926f,-0.15573472980184516f,1.46875f,0.030368637494203158f,-0.16020254791438807f,-1.0946163108745055f,-0.1811737500000001f,0f,0f,0f,1f], start_interpolation: 0, interpolation_duration: 1 }