# This file was generated by Animated Java via MC-Build. It is not recommended to edit this file directly.
$data merge entity $(bone_drillhead_right1) { transformation: [-0.12263245086380137f,0.024595259870456937f,0.9921473455021901f,-1.14915150642402f,-0.9123229956729579f,0.3907329276303143f,-0.12245215731771965f,-0.48695455642218927f,-0.3906763795796431f,-0.9201754465629629f,-0.025477715384123627f,1.7093627834718526f,0f,0f,0f,1f], start_interpolation: 0, interpolation_duration: 1 }
$data merge entity $(bone_drillhead_right2) { transformation: [-0.8696952185289748f,0.024595259870456937f,-0.4929759629634529f,-1.3036580494307464f,0.46226193726742193f,0.3907329276303143f,-0.7960161308787742f,-0.2120810953453659f,0.17304371766004426f,-0.9201754465629629f,-0.35118801135722544f,1.821952164099712f,0f,0f,0f,1f], start_interpolation: 0, interpolation_duration: 1 }
$data merge entity $(bone_drillhead_right3) { transformation: [0.9635540329607803f,0.024595259870456937f,-0.26638074021392866f,-0.9271755175138736f,0.23599985355203515f,0.3907329276303143f,0.8897369546044841f,-0.25842650525454713f,0.12596703810296475f,-0.9201754465629629f,0.37068781050126f,1.8123355284679845f,0f,0f,0f,1f], start_interpolation: 0, interpolation_duration: 1 }
$data merge entity $(bone_drill_right) { transformation: [-0.18748115513968838f,0.03760136651427887f,1.516800235935203f,-1.1083809404588114f,-1.3947643375343781f,0.5973546162312492f,-0.1872055213898486f,-0.05923823747102369f,-0.5972681652650811f,-1.4067692069891267f,-0.03895046928353987f,1.156943660863599f,0f,0f,0f,1f], start_interpolation: 0, interpolation_duration: 1 }
$data merge entity $(bone_barrel3) { transformation: [0.16350993448506818f,1.3228631273362534f,0.03279367982727559f,-1.3373857154166298f,1.2164306608972772f,-0.16326954309029246f,0.5209772368404187f,-0.5655846747525668f,0.5209018394395237f,-0.03397028717883166f,-1.226900595417284f,1.1681243734685363f,0f,0f,0f,1f], start_interpolation: 0, interpolation_duration: 1 }
$data merge entity $(bone_barrel4) { transformation: [0.16350993448506818f,1.3228631273362534f,0.03279367982727559f,-0.9650695512621951f,1.2164306608972772f,-0.16326954309029246f,0.5209772368404187f,-0.6073592900087932f,0.5209018394395237f,-0.03397028717883166f,-1.226900595417284f,1.1488088940404193f,0f,0f,0f,1f], start_interpolation: 0, interpolation_duration: 1 }
$data merge entity $(bone_blaster_right) { transformation: [0.12263245086380115f,0.9921473455021901f,0.02459525987045669f,-1.1452564921563964f,0.912322995672958f,-0.12245215731771936f,0.3907329276303141f,-0.46029408399087984f,0.39067637957964285f,-0.025477715384123745f,-0.920175446562963f,0.7882311614178634f,0f,0f,0f,1f], start_interpolation: 0, interpolation_duration: 1 }
$data merge entity $(bone_rocket_right) { transformation: [-2.2862005808986963f,0.05667474459121952f,-0.2825813944600572f,-0.9484570003153072f,0.28216594486816654f,0.9003640942792817f,-2.1022616974488f,0.12481825231625951f,0.0587081827867737f,-2.120356064044239f,-0.9002337908652984f,0.38612291610447896f,0f,0f,0f,1f], start_interpolation: 0, interpolation_duration: 1 }
$data merge entity $(bone_sword_right) { transformation: [-2.6431284822062007f,0.06552296106579103f,-0.32669877633629135f,-0.9664414799949053f,0.3262184656153416f,1.0409314046319929f,-2.4304725560842178f,1.017243104894393f,0.06787386520621536f,-2.4513918647903172f,-1.0407807578918489f,1.5293729031759051f,0f,0f,0f,1f], start_interpolation: 0, interpolation_duration: 1 }
$data merge entity $(bone_right_hand) { transformation: [-0.9921473455021901f,0.024595259870456937f,-0.12263245086380115f,-1.2011269384470957f,0.12245215731771944f,0.3907329276303143f,-0.9123229956729579f,0.01708501506009208f,0.02547771538412354f,-0.9201754465629629f,-0.3906763795796431f,0.876997341955719f,0f,0f,0f,1f], start_interpolation: 0, interpolation_duration: 1 }
$data merge entity $(bone_right_arm_low) { transformation: [-0.9921473455021901f,0.024595259870456937f,-0.12263245086380115f,-1.1183547335722457f,0.12245215731771944f,0.3907329276303143f,-0.9123229956729579f,0.371654589243269f,0.02547771538412354f,-0.9201754465629629f,-0.3906763795796431f,-0.05697909868061542f,0f,0f,0f,1f], start_interpolation: 0, interpolation_duration: 1 }
$data merge entity $(bone_right_arm) { transformation: [-1.0980036797410917f,0.13167213955545137f,-0.04268893854313765f,-0.9535f,0.1355170881992691f,1.0921074856970123f,-0.11708260769460747f,1.4780000000000002f,0.028196038995603117f,-0.12139055104688985f,-1.0996550804845666f,-0.1811737500000001f,0f,0f,0f,1f], start_interpolation: 0, interpolation_duration: 1 }