# This file was generated by Animated Java via MC-Build. It is not recommended to edit this file directly.
$data merge entity $(bone_drillhead_right1) { transformation: [-0.13071087970590356f,0.05044212807856971f,0.9901364843502203f,-1.2102929888851575f,-0.8587788779756306f,0.4932714549014414f,-0.13849949646959892f,-0.6708833311111083f,-0.49539227352616827f,-0.8684116900953835f,-0.02115731164996118f,1.3853490354851163f,0f,0f,0f,1f], start_interpolation: 0, interpolation_duration: 1 }
$data merge entity $(bone_drillhead_right2) { transformation: [-0.8647459441905351f,0.05044212807856971f,-0.4996699347778746f,-1.3621897023652343f,0.4565972987177366f,0.4932714549014414f,-0.7404067656248703f,-0.4077318575842089f,0.20912522279650123f,-0.8684116900953835f,-0.44958622943323484f,1.526000201427597f,0f,0f,0f,1f], start_interpolation: 0, interpolation_duration: 1 }
$data merge entity $(bone_drillhead_right3) { transformation: [0.9647877203771661f,0.05044212807856971f,-0.2581477219042161f,-0.9864691339759977f,0.20068359861497329f,0.4932714549014414f,0.8464096910045158f,-0.4601733308923495f,0.17003160840377776f,-0.8684116900953835f,0.465779334716885f,1.5180365398574964f,0f,0f,0f,1f], start_interpolation: 0, interpolation_duration: 1 }
$data merge entity $(bone_drill_right) { transformation: [-0.19983150091165044f,0.07711619863471113f,1.513726020513907f,-1.1505934257477064f,-1.3129058003680665f,0.754116072140371f,-0.2117387804083287f,-0.18344523374598393f,-0.757358391141621f,-1.3276324957144772f,-0.03234541265256542f,0.8867405327820475f,0f,0f,0f,1f], start_interpolation: 0, interpolation_duration: 1 }
$data merge entity $(bone_barrel3) { transformation: [-0.17428117294120443f,-1.320181979133627f,0.06725617077142654f,-1.0016385415612277f,-1.1450385039675075f,0.18466599529279842f,0.6576952732019216f,-0.7527341147175151f,-0.6605230313682241f,0.0282097488666145f,-1.1578822534605115f,0.8539510982837043f,0f,0f,0f,1f], start_interpolation: 0, interpolation_duration: 1 }
$data merge entity $(bone_barrel4) { transformation: [-0.17428117294120443f,-1.320181979133627f,0.06725617077142654f,-1.3729397231925604f,-1.1450385039675075f,0.18466599529279842f,0.6576952732019216f,-0.7007968035414156f,-0.6605230313682241f,0.0282097488666145f,-1.1578822534605115f,0.8618850901524396f,0f,0f,0f,1f], start_interpolation: 0, interpolation_duration: 1 }
$data merge entity $(bone_blaster_right) { transformation: [-0.2252506822994575f,-1.7062766249548889f,0.08692561622949081f,-1.4195260786102197f,-1.47991145529439f,0.23867260436240087f,0.8500419553857353f,-2.202759797282977f,-0.8536967073339128f,0.03645984860249329f,-1.496511431572714f,-0.35223923942896873f,0f,0f,0f,1f], start_interpolation: 0, interpolation_duration: 1 }
$data merge entity $(bone_rocket_right) { transformation: [-2.2815669627626596f,0.11623356453836116f,-0.3011964810147811f,-0.9716070840228271f,0.31914375492553754f,1.1366431527018899f,-1.9788802324493882f,0.0847019261456842f,0.04875269626399356f,-2.001077077266546f,-1.1415301453384292f,0.1453377618586979f,0f,0f,0f,1f], start_interpolation: 0, interpolation_duration: 1 }
$data merge entity $(bone_sword_right) { transformation: [-2.637771450905731f,0.13438026723750018f,-0.3482201012290456f,-0.9972990322658857f,0.3689693527373404f,1.3140989973110937f,-2.287828438572849f,0.8400829875412693f,0.056364100838892706f,-2.31349071564579f,-1.3197489606335995f,1.3832818106054985f,0f,0f,0f,1f], start_interpolation: 0, interpolation_duration: 1 }
$data merge entity $(bone_right_hand) { transformation: [-0.9901364843502203f,0.05044212807856971f,-0.13071087970590334f,-1.2361928391680481f,0.13849949646959872f,0.4932714549014414f,-0.8587788779756306f,-0.07363524731415994f,0.02115731164996107f,-0.8684116900953835f,-0.49539227352616827f,0.6157949519142655f,0f,0f,0f,1f], start_interpolation: 0, interpolation_duration: 1 }
$data merge entity $(bone_right_arm_low) { transformation: [-0.9901364843502203f,0.05044212807856971f,-0.13071087970590334f,-1.1279518958083992f,0.13849949646959872f,0.4932714549014414f,-0.8587788779756306f,0.3841431491211931f,0.02115731164996107f,-0.8684116900953835f,-0.49539227352616827f,-0.2694200787069334f,0f,0f,0f,1f], start_interpolation: 0, interpolation_duration: 1 }
$data merge entity $(bone_right_arm) { transformation: [-1.0957782714342301f,0.1524878287906164f,-0.028096627152777647f,-0.942f,0.1532765848291755f,1.0955632434623916f,-0.031928774660121124f,1.4935f,0.023414673385360626f,-0.035505213404736495f,-1.1058766257704198f,-0.30617375000000013f,0f,0f,0f,1f], start_interpolation: 0, interpolation_duration: 1 }