# This file was generated by Animated Java via MC-Build. It is not recommended to edit this file directly.
$data merge entity $(bone_drillhead_right1) { transformation: [-0.13071087970590356f,0.05044212807856971f,0.9901364843502203f,-1.2102929888851575f,-0.8587788779756306f,0.4932714549014414f,-0.13849949646959892f,-0.6708833311111083f,-0.49539227352616827f,-0.8684116900953835f,-0.02115731164996118f,1.5103490354851163f,0f,0f,0f,1f], start_interpolation: 0, interpolation_duration: 1 }
$data merge entity $(bone_drillhead_right2) { transformation: [-0.8647459441905351f,0.05044212807856971f,-0.4996699347778746f,-1.3621897023652343f,0.4565972987177366f,0.4932714549014414f,-0.7404067656248703f,-0.40773185758420893f,0.20912522279650123f,-0.8684116900953835f,-0.44958622943323484f,1.651000201427597f,0f,0f,0f,1f], start_interpolation: 0, interpolation_duration: 1 }
$data merge entity $(bone_drillhead_right3) { transformation: [0.9647877203771661f,0.05044212807856971f,-0.2581477219042161f,-0.9864691339759977f,0.20068359861497329f,0.4932714549014414f,0.8464096910045158f,-0.4601733308923496f,0.17003160840377776f,-0.8684116900953835f,0.465779334716885f,1.6430365398574964f,0f,0f,0f,1f], start_interpolation: 0, interpolation_duration: 1 }
$data merge entity $(bone_drill_right) { transformation: [-0.19983150091165044f,0.07711619863471113f,1.513726020513907f,-1.1505934257477064f,-1.3129058003680665f,0.754116072140371f,-0.2117387804083287f,-0.18344523374598395f,-0.757358391141621f,-1.3276324957144772f,-0.03234541265256542f,1.0117405327820475f,0f,0f,0f,1f], start_interpolation: 0, interpolation_duration: 1 }
$data merge entity $(bone_barrel3) { transformation: [0.17428117294120443f,1.320181979133627f,0.06725617077142594f,-1.3887140565998886f,1.1450385039675075f,-0.18466599529279815f,0.6576952732019217f,-0.6830507631852014f,0.6605230313682241f,-0.028209748866615016f,-1.1578822534605115f,0.9602838524395995f,0f,0f,0f,1f], start_interpolation: 0, interpolation_duration: 1 }
$data merge entity $(bone_barrel4) { transformation: [0.17428117294120443f,1.320181979133627f,0.06725617077142594f,-1.0168777785686325f,1.1450385039675075f,-0.18466599529279815f,0.6576952732019217f,-0.7297553891087746f,0.6605230313682241f,-0.028209748866615016f,-1.1578822534605115f,0.9431376408108709f,0f,0f,0f,1f], start_interpolation: 0, interpolation_duration: 1 }
$data merge entity $(bone_blaster_right) { transformation: [0.13071087970590334f,0.9901364843502203f,0.05044212807856946f,-1.1869735594703426f,0.8587788779756307f,-0.1384994964695986f,0.4932714549014413f,-0.5386784827624732f,0.4953922735261681f,-0.021157311649961263f,-0.8684116900953837f,0.5986541855714512f,0f,0f,0f,1f], start_interpolation: 0, interpolation_duration: 1 }
$data merge entity $(bone_rocket_right) { transformation: [-2.2815669627626596f,0.11623356453836116f,-0.3011964810147811f,-0.9716070840228271f,0.31914375492553754f,1.1366431527018899f,-1.9788802324493882f,0.0847019261456842f,0.04875269626399356f,-2.001077077266546f,-1.1415301453384292f,0.2703377618586979f,0f,0f,0f,1f], start_interpolation: 0, interpolation_duration: 1 }
$data merge entity $(bone_sword_right) { transformation: [-2.637771450905731f,0.13438026723750018f,-0.3482201012290456f,-0.9972990322658857f,0.3689693527373404f,1.3140989973110937f,-2.287828438572849f,0.8400829875412693f,0.056364100838892706f,-2.31349071564579f,-1.3197489606335995f,1.5082818106054985f,0f,0f,0f,1f], start_interpolation: 0, interpolation_duration: 1 }
$data merge entity $(bone_right_hand) { transformation: [-0.9901364843502203f,0.05044212807856971f,-0.13071087970590334f,-1.2361928391680481f,0.13849949646959872f,0.4932714549014414f,-0.8587788779756306f,-0.07363524731415994f,0.02115731164996107f,-0.8684116900953835f,-0.49539227352616827f,0.7407949519142655f,0f,0f,0f,1f], start_interpolation: 0, interpolation_duration: 1 }
$data merge entity $(bone_right_arm_low) { transformation: [-0.9901364843502203f,0.05044212807856971f,-0.13071087970590334f,-1.1279518958083992f,0.13849949646959872f,0.4932714549014414f,-0.8587788779756306f,0.3841431491211931f,0.02115731164996107f,-0.8684116900953835f,-0.49539227352616827f,-0.14442007870693338f,0f,0f,0f,1f], start_interpolation: 0, interpolation_duration: 1 }
$data merge entity $(bone_right_arm) { transformation: [-1.0957782714342301f,0.1524878287906164f,-0.028096627152777647f,-0.9420000000000001f,0.1532765848291755f,1.0955632434623916f,-0.031928774660121124f,1.4935f,0.023414673385360626f,-0.035505213404736495f,-1.1058766257704198f,-0.1811737500000001f,0f,0f,0f,1f], start_interpolation: 0, interpolation_duration: 1 }