# This file was generated by Animated Java via MC-Build. It is not recommended to edit this file directly.
$data merge entity $(text_display_ammo_left) { transformation: [-1f,1.368136703841374e-15f,8.665293146946319e-16f,0.10762499999999997f,1.5801474953939527e-15f,0.7071067811865475f,0.7071067811865477f,0.9262167224389782f,3.546899863589409e-16f,0.7071067811865477f,-0.7071067811865475f,0.3321193487677502f,0f,0f,0f,1f], start_interpolation: 0, interpolation_duration: 1 }
$data merge entity $(text_display_ammo_right) { transformation: [-1f,1.368136703841374e-15f,8.665293146946319e-16f,-0.20487500000000003f,1.5801474953939527e-15f,0.7071067811865475f,0.7071067811865477f,0.9262167224389782f,3.546899863589409e-16f,0.7071067811865477f,-0.7071067811865475f,0.3321193487677502f,0f,0f,0f,1f], start_interpolation: 0, interpolation_duration: 1 }
$data merge entity $(text_display_health) { transformation: [-1f,1.368136703841374e-15f,8.665293146946319e-16f,-0.04862500000000004f,1.5801474953939527e-15f,0.7071067811865475f,0.7071067811865477f,0.9350555572038101f,3.546899863589409e-16f,0.7071067811865477f,-0.7071067811865475f,0.340958183532582f,0f,0f,0f,1f], start_interpolation: 0, interpolation_duration: 1 }
$data merge entity $(bone_drillhead_right1) { transformation: [-0.12571776147590927f,0.033077955002679515f,0.991514444343766f,-1.2777852593182217f,-0.8954879874468907f,0.42635333153879507f,-0.12776580537877816f,-0.5416885119847479f,-0.42696171817600215f,-0.9039517053353078f,-0.023979275084645216f,1.6444022905176907f,0f,0f,0f,1f], start_interpolation: 0, interpolation_duration: 1 }
$data merge entity $(bone_drillhead_right2) { transformation: [-0.8679297968476503f,0.033077955002679515f,-0.49558421750176573f,-1.4313206993266099f,0.46072862922215624f,0.42635333153879507f,-0.7784291662706656f,-0.27044970609641644f,0.18554513725525024f,-0.9039517053353078f,-0.385284721293642f,1.7667151635446499f,0f,0f,0f,1f], start_interpolation: 0, interpolation_duration: 1 }
$data merge entity $(bone_drillhead_right3) { transformation: [0.9641500057893635f,0.033077955002679515f,-0.2632880841003087f,-1.0550779182905423f,0.22464820413360903f,0.42635333153879507f,0.8762168801531475f,-0.3188135483872555f,0.1412372143449271f,-0.9039517053353078f,0.4036376638836794f,1.7576718225594257f,0f,0f,0f,1f], start_interpolation: 0, interpolation_duration: 1 }
$data merge entity $(bone_drill_right) { transformation: [-0.19219799471557808f,0.050569756780352706f,1.5158326532159896f,-1.2307244519345104f,-1.3690268857687387f,0.6518112826703891f,-0.1953290553278552f,-0.09290843085139522f,-0.6527413874567789f,-1.3819662635216892f,-0.036659645637145646f,1.1094704305991905f,0f,0f,0f,1f], start_interpolation: 0, interpolation_duration: 1 }
$data merge entity $(bone_barrel3) { transformation: [0.16762368196787872f,1.3220192591250213f,0.04410394000357235f,-1.4629362416596905f,1.193983983262521f,-0.17035440717170383f,0.5684711087183931f,-0.5978137790724042f,0.5692822909013359f,-0.0319723667795271f,-1.205268940447077f,1.0993124836610877f,0f,0f,0f,1f], start_interpolation: 0, interpolation_duration: 1 }
$data merge entity $(bone_barrel4) { transformation: [0.16762368196787872f,1.3220192591250213f,0.04410394000357235f,-1.0907674299493655f,1.193983983262521f,-0.17035440717170383f,0.5684711087183931f,-0.641203146654316f,0.5692822909013359f,-0.0319723667795271f,-1.205268940447077f,1.0807310228201856f,0f,0f,0f,1f], start_interpolation: 0, interpolation_duration: 1 }
$data merge entity $(bone_blaster_right) { transformation: [0.12571776147590905f,0.991514444343766f,0.033077955002679266f,-1.2676601203033278f,0.8954879874468908f,-0.12776580537877788f,0.4263533315387949f,-0.4789487029489928f,0.4269617181760019f,-0.023979275084645323f,-0.9039517053353079f,0.7250706773354263f,0f,0f,0f,1f], start_interpolation: 0, interpolation_duration: 1 }
$data merge entity $(bone_rocket_right) { transformation: [-2.284742189660137f,0.07622138010538064f,-0.28969086156253043f,-1.0645895135224905f,0.2944101597410434f,0.9824440277454093f,-2.063468865153928f,0.12020002061337764f,0.05525533367253695f,-2.082971771492167f,-0.9838459302850868f,0.3474986143435205f,0f,0f,0f,1f], start_interpolation: 0, interpolation_duration: 1 }
$data merge entity $(bone_sword_right) { transformation: [-2.641442402929936f,0.08812127089496337f,-0.33491819293029307f,-1.0845614377338477f,0.3403742808763245f,1.1358258822970413f,-2.3856232804779105f,0.9671990786663227f,0.06388194782379036f,-2.4081710340123514f,-1.137446653703915f,1.5247665574422804f,0f,0f,0f,1f], start_interpolation: 0, interpolation_duration: 1 }
$data merge entity $(bone_right_hand) { transformation: [-0.991514444343766f,0.033077955002679515f,-0.12571776147590905f,-1.3211497420175276f,0.12776580537877796f,0.42635333153879507f,-0.8954879874468907f,-0.0050671945958947195f,0.023979275084645122f,-0.9039517053353078f,-0.42696171817600215f,0.8321543931683357f,0f,0f,0f,1f], start_interpolation: 0, interpolation_duration: 1 }
$data merge entity $(bone_right_arm_low) { transformation: [-0.991514444343766f,0.033077955002679515f,-0.12571776147590905f,-1.230030814289485f,0.12776580537877796f,0.42635333153879507f,-0.8954879874468907f,0.38531677449901136f,0.023979275084645122f,-0.9039517053353078f,-0.42696171817600215f,-0.08663857055276249f,0f,0f,0f,1f], start_interpolation: 0, interpolation_duration: 1 }
$data merge entity $(bone_right_arm) { transformation: [-1.0973032517209873f,0.13875090848427435f,-0.03802285748551868f,-1.058f,0.1413976715121622f,1.0940787453284895f,-0.08814973650218604f,1.4935f,0.0265377238570721f,-0.09225975801645417f,-1.1025225008122324f,-0.1811737500000001f,0f,0f,0f,1f], start_interpolation: 0, interpolation_duration: 1 }