# This file was generated by Animated Java via MC-Build. It is not recommended to edit this file directly.
$data merge entity $(bone_drillhead_right1) { transformation: [-0.13431363750269132f,0.08013718144401538f,0.9876932109369815f,-1.2850745978369797f,-0.7891678554562449f,0.5941601457162005f,-0.1555243297914994f,-0.85154993446886f,-0.599311223568679f,-0.8003447715782945f,-0.0165621228077904f,1.1486462167039992f,0f,0f,0f,1f], start_interpolation: 0, interpolation_duration: 1 }
$data merge entity $(bone_drillhead_right2) { transformation: [-0.8611099381720599f,0.08013718144401538f,-0.5020634487109377f,-1.4355138442476068f,0.4456872087400946f,0.5941601457162005f,-0.6695794450309591f,-0.6043663430820154f,0.24464788236723975f,-0.8003447715782945f,-0.5473533230560612f,1.3170872014877224f,0f,0f,0f,1f], start_interpolation: 0, interpolation_duration: 1 }
$data merge entity $(bone_drillhead_right3) { transformation: [0.9639091457980007f,0.08013718144401538f,-0.25388420745918383f,-1.0607198984342348f,0.15831571853629123f,0.5941601457162005f,0.7886126137127416f,-0.6632768749839538f,0.2140450698131279f,-0.8003447715782945f,0.5600294230627358f,1.310880676555331f,0f,0f,0f,1f], start_interpolation: 0, interpolation_duration: 1 }
$data merge entity $(bone_drill_right) { transformation: [-0.20533941654631763f,0.12251415706801021f,1.50999073088535f,-1.2046467965729637f,-1.2064840920807243f,0.9083552491383833f,-0.23776643780869733f,-0.3083905616793397f,-0.9162302448609242f,-1.2235714219897427f,-0.025320263060048503f,0.7147341978519488f,0f,0f,0f,1f], start_interpolation: 0, interpolation_duration: 1 }
$data merge entity $(bone_barrel3) { transformation: [-0.17908485000358815f,-1.3169242812493085f,0.10684957525868743f,-1.0652664481803227f,-1.0522238072749932f,0.2073657730553325f,0.7922135276216002f,-0.8724368850879067f,-0.7990816314249051f,0.022082830410386785f,-1.0671263621043927f,0.6158534713842945f,0f,0f,0f,1f], start_interpolation: 0, interpolation_duration: 1 }
$data merge entity $(bone_barrel4) { transformation: [-0.17908485000358815f,-1.3169242812493085f,0.10684957525868743f,-1.4356514022816909f,-1.0522238072749932f,0.2073657730553325f,0.7922135276216002f,-0.8141152614160945f,-0.7990816314249051f,0.022082830410386785f,-1.0671263621043927f,0.6220642674372159f,0f,0f,0f,1f], start_interpolation: 0, interpolation_duration: 1 }
$data merge entity $(bone_blaster_right) { transformation: [-0.2314592217394188f,-1.7020661949997509f,0.1380983345719514f,-1.480292832812544f,-1.359952578471481f,0.26801105981783796f,1.0239008299756303f,-2.1558011283002365f,-1.0327775493692954f,0.02854107837982546f,-1.3792134692876095f,-0.7671971147530565f,0f,0f,0f,1f], start_interpolation: 0, interpolation_duration: 1 }
$data merge entity $(bone_rocket_right) { transformation: [-2.2759369390348696f,0.18465973990602969f,-0.3094982992932792f,-1.0031355592998352f,0.3583740003187068f,1.3691205005398395f,-1.8184758723084877f,0.04422502274386578f,0.03816402367626158f,-1.8442307889009943f,-1.380990105626199f,0.015683019833215905f,0f,0f,0f,1f], start_interpolation: 0, interpolation_duration: 1 }
$data merge entity $(bone_sword_right) { transformation: [-2.631262452441314f,0.21348932466396012f,-0.35781802213298175f,-1.044808653769578f,0.41432433157382725f,1.5828713459283346f,-2.1023813100484503f,0.6436540235735321f,0.044122295662555655f,-2.132157154815203f,-1.5965940662961002f,1.3358020743540306f,0f,0f,0f,1f], start_interpolation: 0, interpolation_duration: 1 }
$data merge entity $(bone_right_hand) { transformation: [-0.9876932109369815f,0.08013718144401538f,-0.1343136375026911f,-1.28173285041217f,0.15552432979149924f,0.5941601457162005f,-0.7891678554562449f,-0.16465097670034434f,0.016562122807790267f,-0.8003447715782945f,-0.599311223568679f,0.4574528877973532f,0f,0f,0f,1f], start_interpolation: 0, interpolation_duration: 1 }
$data merge entity $(bone_right_arm_low) { transformation: [-0.9876932109369815f,0.08013718144401538f,-0.1343136375026911f,-1.1440621444565524f,0.15552432979149924f,0.5941601457162005f,-0.7891678554562449f,0.3951274029208798f,0.016562122807790267f,-0.8003447715782945f,-0.599311223568679f,-0.3626554921929495f,0f,0f,0f,1f], start_interpolation: 0, interpolation_duration: 1 }
$data merge entity $(bone_right_arm) { transformation: [-1.0930743150002271f,0.17283782042708165f,-0.009359927928581372f,-0.9375f,0.1721178685549951f,1.0916753257685834f,0.05824432132123183f,1.5f,0.018329204698998444f,0.0560718242266234f,-1.1051207939935928f,-0.30617375000000013f,0f,0f,0f,1f], start_interpolation: 0, interpolation_duration: 1 }