# This file was generated by Animated Java via MC-Build. It is not recommended to edit this file directly.
$data merge entity $(text_display_ammo_left) { transformation: [-1f,1.368136703841374e-15f,8.665293146946319e-16f,0.20468749999999997f,1.5801474953939527e-15f,0.7071067811865475f,0.7071067811865477f,0.9014667224389782f,3.546899863589409e-16f,0.7071067811865477f,-0.7071067811865475f,0.3321193487677502f,0f,0f,0f,1f], start_interpolation: 0, interpolation_duration: 1 }
$data merge entity $(text_display_ammo_right) { transformation: [-1f,1.368136703841374e-15f,8.665293146946319e-16f,-0.10781250000000003f,1.5801474953939527e-15f,0.7071067811865475f,0.7071067811865477f,0.9014667224389782f,3.546899863589409e-16f,0.7071067811865477f,-0.7071067811865475f,0.3321193487677502f,0f,0f,0f,1f], start_interpolation: 0, interpolation_duration: 1 }
$data merge entity $(text_display_health) { transformation: [-1f,1.368136703841374e-15f,8.665293146946319e-16f,0.04843749999999996f,1.5801474953939527e-15f,0.7071067811865475f,0.7071067811865477f,0.91030555720381f,3.546899863589409e-16f,0.7071067811865477f,-0.7071067811865475f,0.340958183532582f,0f,0f,0f,1f], start_interpolation: 0, interpolation_duration: 1 }
$data merge entity $(bone_drillhead_right1) { transformation: [-0.12078935181558523f,0.1532238210035184f,0.9807815216270404f,-1.4893334757734003f,-0.5833797797014151f,0.7884380864035938f,-0.19502157968739633f,-1.2046061492505644f,-0.8031674577094736f,-0.5957246382224936f,-0.005847246461368881f,0.6379947568972226f,0f,0f,0f,1f], start_interpolation: 0, interpolation_duration: 1 }
$data merge entity $(bone_drillhead_right2) { transformation: [-0.8598998899505561f,0.1532238210035184f,-0.48692364898421564f,-1.642190899592805f,0.4034262223397319f,0.7884380864035938f,-0.46434111064704614f,-1.0066839602292812f,0.3127610308074123f,-0.5957246382224936f,-0.739792331011186f,0.8606278073248819f,0f,0f,0f,1f], start_interpolation: 0, interpolation_duration: 1 }
$data merge entity $(bone_drillhead_right3) { transformation: [0.9523480574424412f,0.1532238210035184f,-0.26373402920876715f,-1.2700213265263944f,0.04307333059732307f,0.7884380864035938f,0.6136041656471156f,-1.0806083279393786f,0.30195672815299673f,-0.5957246382224936f,0.7442676197026286f,0.8585135033517919f,0f,0f,0f,1f], start_interpolation: 0, interpolation_duration: 1 }
$data merge entity $(bone_drill_right) { transformation: [-0.18466341533132236f,0.2342494075125427f,1.4994241028299948f,-1.3619074458430551f,-0.8918741671813301f,1.2053684172001156f,-0.2981500473929815f,-0.5670307417792462f,-1.2278867598366392f,-0.9107470537563386f,-0.008939302062725744f,0.379092106749518f,0f,0f,0f,1f], start_interpolation: 0, interpolation_duration: 1 }
$data merge entity $(bone_barrel3) { transformation: [0.1610524690874467f,1.3077086955027204f,0.20429842800469084f,-1.615632705312793f,0.7778397062685537f,-0.26002877291652804f,1.0512507818714583f,-0.9866271666294918f,1.0708899436126313f,-0.007796328615158447f,-0.7942995176299916f,0.11733412158869616f,0f,0f,0f,1f], start_interpolation: 0, interpolation_duration: 1 }
$data merge entity $(bone_barrel4) { transformation: [0.1610524690874467f,1.3077086955027204f,0.20429842800469084f,-1.2462142172564699f,0.7778397062685537f,-0.26002877291652804f,1.0512507818714583f,-1.0513964092369352f,1.0708899436126313f,-0.007796328615158447f,-0.7942995176299916f,0.10882188273783888f,0f,0f,0f,1f], start_interpolation: 0, interpolation_duration: 1 }
$data merge entity $(bone_blaster_right) { transformation: [0.12078935181558503f,0.9807815216270404f,0.15322382100351814f,-1.3747162817672671f,0.5833797797014153f,-0.19502157968739603f,0.7884380864035937f,-0.728198328381084f,0.8031674577094735f,-0.005847246461368835f,-0.5957246382224938f,-0.1424588958758119f,0f,0f,0f,1f], start_interpolation: 0, interpolation_duration: 1 }
$data merge entity $(bone_rocket_right) { transformation: [-2.2600103650365484f,0.35307294846256115f,-0.27833434977079f,-1.102553041361636f,0.4493873322247602f,1.8167942688252385f,-1.3442793525419805f,-0.04465237892169566f,0.013473783221052287f,-1.3727255534515002f,-1.850735091615759f,-0.1807946831546532f,0f,0f,0f,1f], start_interpolation: 0, interpolation_duration: 1 }
$data merge entity $(bone_sword_right) { transformation: [-2.612849378054648f,0.4081956649713882f,-0.3217886713887229f,-1.2116015424597353f,0.5195469143302417f,2.100437170020017f,-1.5541519298139221f,0.16522028591953541f,0.015577347189998524f,-1.587039229582237f,-2.1396769270984937f,1.2502287201857545f,0f,0f,0f,1f], start_interpolation: 0, interpolation_duration: 1 }
$data merge entity $(bone_right_hand) { transformation: [-0.9807815216270404f,0.1532238210035184f,-0.120789351815585f,-1.4168109977816812f,0.1950215796873962f,0.7884380864035938f,-0.5833797797014151f,-0.35365479097030506f,0.005847246461368702f,-0.5957246382224936f,-0.8031674577094736f,0.16872741367877786f,0f,0f,0f,1f], start_interpolation: 0, interpolation_duration: 1 }
$data merge entity $(bone_right_arm_low) { transformation: [-0.9807815216270404f,0.1532238210035184f,-0.120789351815585f,-1.20606299892071f,0.1950215796873962f,0.7884380864035938f,-0.5833797797014151f,0.40436382858715736f,0.005847246461368702f,-0.5957246382224936f,-0.8031674577094736f,-0.45246166050097225f,0f,0f,0f,1f], start_interpolation: 0, interpolation_duration: 1 }
$data merge entity $(bone_right_arm) { transformation: [-1.0854251887591029f,0.21098615342940788f,0.0459236453513479f,-0.9609375f,0.21582924461415987f,1.053061894113291f,0.26315463680094403f,1.46875f,0.006471113549859052f,0.26705330696626467f,-1.0739704998098574f,-0.1811737500000001f,0f,0f,0f,1f], start_interpolation: 0, interpolation_duration: 1 }