# This file was generated by Animated Java via MC-Build. It is not recommended to edit this file directly.
$data merge entity $(text_display_ammo_left) { transformation: [-1f,1.368136703841374e-15f,8.665293146946319e-16f,0.19662499999999997f,1.5801474953939527e-15f,0.7071067811865475f,0.7071067811865477f,0.8922167224389782f,3.546899863589409e-16f,0.7071067811865477f,-0.7071067811865475f,0.3321193487677502f,0f,0f,0f,1f], start_interpolation: 0, interpolation_duration: 1 }
$data merge entity $(text_display_ammo_right) { transformation: [-1f,1.368136703841374e-15f,8.665293146946319e-16f,-0.11587500000000003f,1.5801474953939527e-15f,0.7071067811865475f,0.7071067811865477f,0.8922167224389782f,3.546899863589409e-16f,0.7071067811865477f,-0.7071067811865475f,0.3321193487677502f,0f,0f,0f,1f], start_interpolation: 0, interpolation_duration: 1 }
$data merge entity $(text_display_health) { transformation: [-1f,1.368136703841374e-15f,8.665293146946319e-16f,0.04037499999999995f,1.5801474953939527e-15f,0.7071067811865475f,0.7071067811865477f,0.90105555720381f,3.546899863589409e-16f,0.7071067811865477f,-0.7071067811865475f,0.340958183532582f,0f,0f,0f,1f], start_interpolation: 0, interpolation_duration: 1 }
$data merge entity $(bone_drillhead_right1) { transformation: [-0.11567988847357646f,0.1647857609716861f,0.9795222388408154f,-1.5243159178760939f,-0.5458557221327069f,0.8133403155736316f,-0.2012934715224675f,-1.24902976794425f,-0.8298552247336412f,-0.5579634253636772f,-0.004137866444233843f,0.5278434715673983f,0f,0f,0f,1f], start_interpolation: 0, interpolation_duration: 1 }
$data merge entity $(bone_drillhead_right2) { transformation: [-0.8606917713279825f,0.1647857609716861f,-0.48172121372146615f,-1.6783435545145686f,0.3948608596896203f,0.8133403155736316f,-0.42727325278767386f,-1.0602666251705344f,0.32139473588326567f,-0.5579634253636772f,-0.7651027641454176f,0.7575128494743413f,0f,0f,0f,1f], start_interpolation: 0, interpolation_duration: 1 }
$data merge entity $(bone_drillhead_right3) { transformation: [0.9492293248813406f,0.1647857609716861f,-0.2679726511536149f,-1.3066524758093154f,0.02291902295411774f,0.8133403155736316f,0.5813366059774785f,-1.1365757168453392f,0.3137489556510799f,-0.5579634253636772f,0.7682697500125131f,0.7560506327482913f,0f,0f,0f,1f], start_interpolation: 0, interpolation_duration: 1 }
$data merge entity $(bone_drill_right) { transformation: [-0.1768520400977996f,0.2519253639630523f,1.4974989044852989f,-1.3899881709342221f,-0.8345071847149773f,1.243439080042344f,-0.3077385496031857f,-0.6013545243802032f,-1.2686871626219245f,-0.853017506997877f,-0.006325992633387938f,0.29927573358737525f,0f,0f,0f,1f], start_interpolation: 0, interpolation_duration: 1 }
$data merge entity $(bone_barrel3) { transformation: [0.1542398512981017f,1.3060296517877537f,0.21971434796224779f,-1.6434950967385153f,0.7278076295102762f,-0.26839129536328954f,1.0844537540981753f,-1.0070121055439585f,1.106473632978188f,-0.005517155258978377f,-0.7439512338182365f,0.0162014054522108f,0f,0f,0f,1f], start_interpolation: 0, interpolation_duration: 1 }
$data merge entity $(bone_barrel4) { transformation: [0.1542398512981017f,1.3060296517877537f,0.21971434796224779f,-1.2744261892226019f,0.7278076295102762f,-0.26839129536328954f,1.0844537540981753f,-1.0738691416297392f,1.106473632978188f,-0.005517155258978377f,-0.7439512338182365f,0.008730759773937086f,0f,0f,0f,1f], start_interpolation: 0, interpolation_duration: 1 }
$data merge entity $(bone_blaster_right) { transformation: [0.11567988847357628f,0.9795222388408154f,0.16478576097168585f,-1.3980955551556125f,0.5458557221327072f,-0.20129347152246718f,0.8133403155736315f,-0.7388309563591153f,0.829855224733641f,-0.004137866444233783f,-0.5579634253636774f,-0.22910765615885392f,0f,0f,0f,1f], start_interpolation: 0, interpolation_duration: 1 }
$data merge entity $(bone_rocket_right) { transformation: [-2.2571086054839626f,0.37971507373898516f,-0.2665606368101729f,-1.12117168526179f,0.4638396238341438f,1.8741763613665396f,-1.2578128386716703f,-0.05613824286656344f,0.009534866682226417f,-1.285712563733155f,-1.912231590850616f,-0.23372893995499272f,0f,0f,0f,1f], start_interpolation: 0, interpolation_duration: 1 }
$data merge entity $(bone_sword_right) { transformation: [-2.6094945878468097f,0.43899723187368545f,-0.3081768140882167f,-1.244590790773605f,0.5362555373203101f,2.166777912136741f,-1.4541860267881013f,0.08996153980376098f,0.011023476204316606f,-1.4864415334010619f,-2.2107744283596156f,1.2040431803219351f,0f,0f,0f,1f], start_interpolation: 0, interpolation_duration: 1 }
$data merge entity $(bone_right_hand) { transformation: [-0.9795222388408154f,0.1647857609716861f,-0.11567988847357624f,-1.4412151324282383f,0.20129347152246738f,0.8133403155736316f,-0.5458557221327069f,-0.3783690501394682f,0.004137866444233659f,-0.5579634253636772f,-0.8298552247336412f,0.09815319088375685f,0f,0f,0f,1f], start_interpolation: 0, interpolation_duration: 1 }
$data merge entity $(bone_right_arm_low) { transformation: [-0.9795222388408154f,0.1647857609716861f,-0.11567988847357624f,-1.2188242280438004f,0.20129347152246738f,0.8133403155736316f,-0.5458557221327069f,0.40533243214736214f,0.004137866444233659f,-0.5579634253636772f,-0.8298552247336412f,-0.4860018269056112f,0f,0f,0f,1f], start_interpolation: 0, interpolation_duration: 1 }
$data merge entity $(bone_right_arm) { transformation: [-1.084031547845404f,0.21564713777591826f,0.05607043587292678f,-0.969f,0.22277031072199746f,1.0432023735482352f,0.29474425357957573f,1.4595000000000002f,0.004579352656279133f,0.2999951638383704f,-1.0652482854888181f,-0.1811737500000001f,0f,0f,0f,1f], start_interpolation: 0, interpolation_duration: 1 }