# This file was generated by Animated Java via MC-Build. It is not recommended to edit this file directly.
$data merge entity $(text_display_ammo_left) { transformation: [-1f,1.368136703841374e-15f,8.665293146946319e-16f,0.18831249999999994f,1.5801474953939527e-15f,0.7071067811865475f,0.7071067811865477f,0.8837167224389781f,3.546899863589409e-16f,0.7071067811865477f,-0.7071067811865475f,0.3321193487677502f,0f,0f,0f,1f], start_interpolation: 0, interpolation_duration: 1 }
$data merge entity $(text_display_ammo_right) { transformation: [-1f,1.368136703841374e-15f,8.665293146946319e-16f,-0.12418750000000005f,1.5801474953939527e-15f,0.7071067811865475f,0.7071067811865477f,0.8837167224389781f,3.546899863589409e-16f,0.7071067811865477f,-0.7071067811865475f,0.3321193487677502f,0f,0f,0f,1f], start_interpolation: 0, interpolation_duration: 1 }
$data merge entity $(text_display_health) { transformation: [-1f,1.368136703841374e-15f,8.665293146946319e-16f,0.032062499999999945f,1.5801474953939527e-15f,0.7071067811865475f,0.7071067811865477f,0.89255555720381f,3.546899863589409e-16f,0.7071067811865477f,-0.7071067811865475f,0.340958183532582f,0f,0f,0f,1f], start_interpolation: 0, interpolation_duration: 1 }
$data merge entity $(bone_drillhead_right1) { transformation: [-0.11060732317344342f,0.17464365755475056f,0.9783995160139362f,-1.555207516071432f,-0.5125761636114035f,0.833389686419733f,-0.20670584671613676f,-1.2841558406687579f,-0.8514879309525305f,-0.5243674507872493f,-0.002660826386764365f,0.43113599067745334f,0f,0f,0f,1f], start_interpolation: 0, interpolation_duration: 1 }
$data merge entity $(bone_drillhead_right2) { transformation: [-0.8615956973874966f,0.17464365755475056f,-0.4766051270383615f,-1.7104211105076965f,0.38712570667079593f,0.833389686419733f,-0.39445572350246894f,-1.1035442148879786f,0.3283086070726605f,-0.5243674507872493f,-0.7856540174128123f,0.6664915531810935f,0f,0f,0f,1f], start_interpolation: 0, interpolation_duration: 1 }
$data merge entity $(bone_drillhead_right3) { transformation: [0.9462508775409527f,0.17464365755475056f,-0.27222944298675006f,-1.3391567042023809f,0.005183104607887595f,0.833389686419733f,0.5526615293249957f,-1.181911338376222f,0.32339204099606544f,-0.5243674507872493f,0.7876905257620413f,0.6655926060177586f,0f,0f,0f,1f], start_interpolation: 0, interpolation_duration: 1 }
$data merge entity $(bone_drill_right) { transformation: [-0.16909707479056083f,0.26699616965618106f,1.4957824797461508f,-1.4151238360273641f,-0.7836292153833332f,1.2740906667926226f,-0.3160130181162996f,-0.6289001647946522f,-1.3017593610665212f,-0.8016557990872386f,-0.0040678857928949565f,0.22917822927767073f,0f,0f,0f,1f], start_interpolation: 0, interpolation_duration: 1 }
$data merge entity $(bone_barrel3) { transformation: [0.1474764308979243f,1.3045326880185815f,0.2328582100730004f,-1.6680886793452283f,0.6834348848152049f,-0.2756077956215153f,1.1111862485596438f,-1.0217851742988766f,1.1353172412700405f,-0.003547768515685723f,-0.699156601049666f,-0.07182852677205775f,0f,0f,0f,1f], start_interpolation: 0, interpolation_duration: 1 }
$data merge entity $(bone_barrel4) { transformation: [0.1474764308979243f,1.3045326880185815f,0.2328582100730004f,-1.2993362190902042f,0.6834348848152049f,-0.2756077956215153f,1.1111862485596438f,-1.0904591648501765f,1.1353172412700405f,-0.003547768515685723f,-0.699156601049666f,-0.07838889213097686f,0f,0f,0f,1f], start_interpolation: 0, interpolation_duration: 1 }
$data merge entity $(bone_blaster_right) { transformation: [0.11060732317344324f,0.9783995160139362f,0.1746436575547503f,-1.418855327345144f,0.5125761636114037f,-0.20670584671613645f,0.8333896864197329f,-0.7457318427353797f,0.8514879309525304f,-0.0026608263867642923f,-0.5243674507872496f,-0.3041986924112796f,0f,0f,0f,1f], start_interpolation: 0, interpolation_duration: 1 }
$data merge entity $(bone_rocket_right) { transformation: [-2.254521520419798f,0.4024305796533146f,-0.25487194783833395f,-1.1381661030877572f,0.4763113351861962f,1.9203760347142613f,-1.1811269045023405f,-0.06500447519916691f,0.006131330047566419f,-1.2082975134982425f,-1.9620797366408993f,-0.2796765083787941f,0f,0f,0f,1f], start_interpolation: 0, interpolation_duration: 1 }
$data merge entity $(bone_sword_right) { transformation: [-2.6065035999710666f,0.4652591448359707f,-0.29466325495467277f,-1.274731518301426f,0.5506743664343794f,2.220190405123679f,-1.3655276743753535f,0.02594543314706721f,0.007088570100948459f,-1.3969402333240204f,-2.2684050033075374f,1.1614494727507516f,0f,0f,0f,1f], start_interpolation: 0, interpolation_duration: 1 }
$data merge entity $(bone_right_hand) { transformation: [-0.9783995160139362f,0.17464365755475056f,-0.1106073231734432f,-1.4631748531702764f,0.20670584671613665f,0.833389686419733f,-0.5125761636114035f,-0.3979868465042865f,0.002660826386764176f,-0.5243674507872493f,-0.8514879309525305f,0.0363904192960548f,0f,0f,0f,1f], start_interpolation: 0, interpolation_duration: 1 }
$data merge entity $(bone_right_arm_low) { transformation: [-0.9783995160139362f,0.17464365755475056f,-0.1106073231734432f,-1.230837704713825f,0.20670584671613665f,0.833389686419733f,-0.5125761636114035f,0.4064657193828316f,0.002660826386764176f,-0.5243674507872493f,-0.8514879309525305f,-0.5147523309826338f,0f,0f,0f,1f], start_interpolation: 0, interpolation_duration: 1 }
$data merge entity $(bone_right_arm) { transformation: [-1.0827890370421132f,0.21932240689084137f,0.06509655621497569f,-0.9773125f,0.2287601547766426f,1.033892222292581f,0.32172603687532486f,1.451f,0.0029447210407446576f,0.32823243753862075f,-1.0568948737218264f,-0.1811737500000001f,0f,0f,0f,1f], start_interpolation: 0, interpolation_duration: 1 }