# This file was generated by Animated Java via MC-Build. It is not recommended to edit this file directly.
$data merge entity $(bone_drillhead_right1) { transformation: [-0.12080232876167789f,0.020642430849889794f,0.9924619324761847f,-1.2369738713511287f,-0.9198210899573083f,0.3736221619303718f,-0.1197315438145867f,-0.44441287396599916f,-0.37327732295909f,-0.9273512657904137f,-0.026147083994447633f,1.6141488613101411f,0f,0f,0f,1f], start_interpolation: 0, interpolation_duration: 1 }
$data merge entity $(bone_drillhead_right2) { transformation: [-0.870686216403131f,0.020642430849889794f,-0.4914055378342902f,-1.392044898862341f,0.4626178145929358f,0.3736221619303718f,-0.8039846004344431f,-0.16798777800123055f,0.16700380291136033f,-0.9273512657904137f,-0.3348572227831752f,1.722066435476222f,0f,0f,0f,1f], start_interpolation: 0, interpolation_duration: 1 }
$data merge entity $(bone_drillhead_right3) { transformation: [0.9631443160195607f,0.020642430849889794f,-0.26819193978906264f,-1.0154432360137606f,0.2413827691403858f,0.3736221619303718f,0.8956231567331174f,-0.21329988656669166f,0.11869029143671307f,-0.9273512657904137f,0.3548693344818422f,1.7121935485580786f,0f,0f,0f,1f], start_interpolation: 0, interpolation_duration: 1 }
$data merge entity $(bone_drill_right) { transformation: [-0.18468325455680062f,0.03155826009647862f,1.5172811782050588f,-1.1992048332769762f,-1.4062274646909703f,0.5711955849458629f,-0.18304623272960246f,-0.02692010701515668f,-0.5706683932586895f,-1.4177396382930743f,-0.039973803640749844f,1.0537528719631315f,0f,0f,0f,1f], start_interpolation: 0, interpolation_duration: 1 }
$data merge entity $(bone_barrel3) { transformation: [-0.16106977168223688f,-1.323282576634913f,0.02752324113318665f,-1.0376140283046127f,-1.2264281199430778f,0.15964205841944876f,0.49816288257382874f,-0.592301149208992f,-0.49770309727878637f,0.03486277865926313f,-1.2364683543872184f,1.0935677361691365f,0f,0f,0f,1f], start_interpolation: 0, interpolation_duration: 1 }
$data merge entity $(bone_barrel4) { transformation: [-0.16106977168223688f,-1.323282576634913f,0.02752324113318665f,-1.409787252983182f,-1.2264281199430778f,0.15964205841944876f,0.49816288257382874f,-0.547401820278522f,-0.49770309727878637f,0.03486277865926313f,-1.2364683543872184f,1.1033728926670543f,0f,0f,0f,1f], start_interpolation: 0, interpolation_duration: 1 }
$data merge entity $(bone_blaster_right) { transformation: [-0.20817553242817277f,-1.7102840096362868f,0.03557256782081846f,-1.4464085106208204f,-1.5851039222786056f,0.20633027639079515f,0.6438534197487594f,-2.1988934739978108f,-0.6432591676578896f,0.04505859438129459f,-1.5980804797622539f,0.1016767251859737f,0f,0f,0f,1f], start_interpolation: 0, interpolation_duration: 1 }
$data merge entity $(bone_rocket_right) { transformation: [-2.286925482221015f,0.047566258796259656f,-0.2783642524881937f,-1.0421274956456446f,0.2758968476423758f,0.8609358353012468f,-2.119539521741963f,0.14327394888290723f,0.06025060580760385f,-2.136891271400882f,-0.8601412244402342f,0.2791705509962358f,0f,0f,0f,1f], start_interpolation: 0, interpolation_duration: 1 }
$data merge entity $(bone_sword_right) { transformation: [-2.6439665571099593f,0.05499243350159749f,-0.3218232426003328f,-1.0596828119502588f,0.3189706197466761f,0.9953474977870038f,-2.4504478416656172f,1.0567523321560375f,0.06965709553693468f,-2.4705085940435088f,-0.9944288301002921f,1.4056762749539167f,0f,0f,0f,1f], start_interpolation: 0, interpolation_duration: 1 }
$data merge entity $(bone_right_hand) { transformation: [-0.9924619324761847f,0.020642430849889794f,-0.12080232876167767f,-1.2930140486420307f,0.11973154381458649f,0.3736221619303718f,-0.9198210899573083f,0.04388457199369972f,0.02614708399444755f,-0.9273512657904137f,-0.37327732295909f,0.7727127875749976f,0f,0f,0f,1f], start_interpolation: 0, interpolation_duration: 1 }
$data merge entity $(bone_right_arm_low) { transformation: [-0.9924619324761847f,0.020642430849889794f,-0.12080232876167767f,-1.214117819786182f,0.11973154381458649f,0.3736221619303718f,-0.9198210899573083f,0.381279103374494f,0.02614708399444755f,-0.9273512657904137f,-0.37327732295909f,-0.1679375873075406f,0f,0f,0f,1f], start_interpolation: 0, interpolation_duration: 1 }
$data merge entity $(bone_right_arm) { transformation: [-1.098351831310121f,0.12804784440923925f,-0.044709984722417884f,-1.0529375f,0.1325062011055973f,1.090917633740534f,-0.13081590727638964f,1.4865000000000002f,0.028936825331998473f,-0.1351830036288927f,-1.0980255890477253f,-0.30617375000000013f,0f,0f,0f,1f], start_interpolation: 0, interpolation_duration: 1 }