# This file was generated by Animated Java via MC-Build. It is not recommended to edit this file directly.
$data merge entity $(bone_drillhead_right1) { transformation: [-0.0999406915850453f,0.19198428229200948f,0.9762960071199334f,-1.6167314437137048f,-0.45080332739452994f,0.865985134704023f,-0.21643961393810315f,-1.3366857649714503f,-0.8870108331782216f,-0.46174861323503397f,-7.739419200330428e-17f,0.25374116008403463f,0f,0f,0f,1f], start_interpolation: 0, interpolation_duration: 1 }
$data merge entity $(bone_drillhead_right2) { transformation: [-0.863734251761894f,0.19198428229200948f,-0.46594546642943463f,-1.774487732435347f,0.3724790939910002f,0.865985134704023f,-0.3336601130061827f,-1.1712641511940367f,0.33944435018566f,-0.46174861323503397f,-0.8194911538891424f,0.49838928112823216f,0f,0f,0f,1f], start_interpolation: 0, interpolation_duration: 1 }
$data merge entity $(bone_drillhead_right3) { transformation: [0.940225545539306f,0.19198428229200948f,-0.28127914758854194f,-1.404022881353809f,-0.02744916469311609f,0.865985134704023f,0.49931582172939915f,-1.2533327466217363f,0.3394443501856599f,-0.46174861323503397f,0.8194911538891424f,0.4985045925365454f,0f,0f,0f,1f], start_interpolation: 0, interpolation_duration: 1 }
$data merge entity $(bone_drill_right) { transformation: [-0.15278987064063002f,0.2935066106828865f,1.4925666239549926f,-1.466835826830936f,-0.6891905687721142f,1.3239227646883234f,-0.33089405416981427f,-0.6704838178146686f,-1.3560669664048783f,-0.7059237810520417f,-1.183206599531916e-16f,0.10052025676670656f,0f,0f,0f,1f], start_interpolation: 0, interpolation_duration: 1 }
$data merge entity $(bone_barrel3) { transformation: [0.1332542554467268f,1.3017280094932444f,0.25597904305601227f,-1.7179789859363286f,0.6010711031927068f,-0.28858615191747045f,1.1546468462720305f,-1.0387248112257643f,1.1826811109042952f,2.271065281803012e-17f,-0.6156648176467122f,-0.23156496458726977f,0f,0f,0f,1f], start_interpolation: 0, interpolation_duration: 1 }
$data merge entity $(bone_barrel4) { transformation: [0.1332542554467268f,1.3017280094932444f,0.25597904305601227f,-1.3498313900017647f,0.6010711031927068f,-0.28858615191747045f,1.1546468462720305f,-1.1107031878954707f,1.1826811109042952f,2.271065281803012e-17f,-0.6156648176467122f,-0.23646325159504367f,0f,0f,0f,1f], start_interpolation: 0, interpolation_duration: 1 }
$data merge entity $(bone_blaster_right) { transformation: [0.09994069158504512f,0.9762960071199334f,0.19198428229200923f,-1.4619756198882357f,0.45080332739453016f,-0.21643961393810285f,0.8659851347040229f,-0.7498275389367013f,0.8870108331782215f,1.703298961352259e-17f,-0.4617486132350342f,-0.43969771581034905f,0f,0f,0f,1f], start_interpolation: 0, interpolation_duration: 1 }
$data merge entity $(bone_rocket_right) { transformation: [-2.24967441451643f,0.4423885017575169f,-0.23029287755791628f,-1.1753790832168574f,0.49874081038267365f,1.9954855767999462f,-1.0387840411332983f,-0.07549428380343576f,-2.755056570861242e-16f,-1.0640052131296782f,-2.0439349974262573f,-0.36279119316067976f,0f,0f,0f,1f], start_interpolation: 0, interpolation_duration: 1 }
$data merge entity $(bone_sword_right) { transformation: [-2.600899750607847f,0.5114554072662241f,-0.26624683284932005f,-1.3372441797182733f,0.5766055927791136f,2.307026254799695f,-1.2009618530065187f,-0.08371018926574891f,-3.185183554485049e-16f,-1.2301206235077702f,-2.363039731777053f,1.0785617411962343f,0f,0f,0f,1f], start_interpolation: 0, interpolation_duration: 1 }
$data merge entity $(bone_right_hand) { transformation: [-0.9762960071199334f,0.19198428229200948f,-0.09994069158504508f,-1.50919893291878f,0.21643961393810304f,0.865985134704023f,-0.45080332739453f,-0.4262017397087634f,-1.195617780139768e-16f,-0.46174861323503397f,-0.8870108331782216f,-0.07647870946952395f,0f,0f,0f,1f], start_interpolation: 0, interpolation_duration: 1 }
$data merge entity $(bone_right_arm_low) { transformation: [-0.9762960071199334f,0.19198428229200948f,-0.09994069158504508f,-1.2593192967938074f,0.21643961393810304f,0.865985134704023f,-0.45080332739453f,0.4121683151430491f,-1.195617780139768e-16f,-0.46174861323503397f,-0.8870108331782216f,-0.5659464112413773f,0f,0f,0f,1f], start_interpolation: 0, interpolation_duration: 1 }
$data merge entity $(bone_right_arm) { transformation: [-1.0804610960195888f,0.22508688339128588f,0.08192492567817583f,-1f,0.239532458180884f,1.0153013189758624f,0.3695394589184289f,1.4375f,-1.3231832228436305e-16f,0.3785116975010148f,-1.039952341883477f,-0.1811737500000001f,0f,0f,0f,1f], start_interpolation: 0, interpolation_duration: 1 }