# This file was generated by Animated Java via MC-Build. It is not recommended to edit this file directly.
$data merge entity $(bone_drillhead_right1) { transformation: [-0.10795644760683668f,0.17928912558062982f,0.9778552116078564f,-1.6110849373876905f,-0.49637377676059774f,0.8425068122763177f,-0.20927337387354766f,-1.2956800650227462f,-0.8613701174086158f,-0.5079740945329108f,-0.0019596221413489497f,0.38437074395113047f,0f,0f,0f,1f], start_interpolation: 0, interpolation_duration: 1 }
$data merge entity $(bone_drillhead_right2) { transformation: [-0.8621072718478655f,0.17928912558062982f,-0.4739477410807692f,-1.7669263545818201f,0.38329740744812135f,0.8425068122763177f,-0.37850411980789095f,-1.119049880329039f,0.33144252785449774f,-0.5079740945329108f,-0.7950523064634742f,0.6223188278022057f,0f,0f,0f,1f], start_interpolation: 0, interpolation_duration: 1 }
$data merge entity $(bone_drillhead_right3) { transformation: [0.9447335596801181f,0.17928912558062982f,-0.27447023638760226f,-1.3958688271560737f,-0.0033893661945845477f,0.8425068122763177f,0.5386750258409948f,-1.1983933486792255f,0.32782161827880124f,-0.5079740945329108f,0.7965521363178543f,0.621687234644517f,0f,0f,0f,1f], start_interpolation: 0, interpolation_duration: 1 }
$data merge entity $(bone_drill_right) { transformation: [-0.16504440186542313f,0.2740981863370971f,1.4949503442218204f,-1.4683355715684998f,-0.7588589186028927f,1.288028978186601f,-0.3199382675419882f,-0.6371693244625124f,-1.3168673012490946f,-0.7765935472482594f,-0.002995880944314207f,0.19527659096230196f,0f,0f,0f,1f], start_interpolation: 0, interpolation_duration: 1 }
$data merge entity $(bone_barrel3) { transformation: [0.14394193014244866f,1.303806948810475f,0.2390521674408394f,-1.7209159437011294f,0.6618317023474639f,-0.2790311651647298f,1.1233424163684234f,-1.0237094156255424f,1.1484934898781543f,-0.0026128295217984947f,-0.6772987927105479f,-0.11415001321478832f,0f,0f,0f,1f], start_interpolation: 0, interpolation_duration: 1 }
$data merge entity $(bone_barrel4) { transformation: [0.14394193014244866f,1.303806948810475f,0.2390521674408394f,-1.3523183178928833f,0.6618317023474639f,-0.2790311651647298f,1.1233424163684234f,-1.0932495132501439f,1.1484934898781543f,-0.0026128295217984947f,-0.6772987927105479f,-0.12027352420936105f,0f,0f,0f,1f], start_interpolation: 0, interpolation_duration: 1 }
$data merge entity $(bone_blaster_right) { transformation: [0.1079564476068365f,0.9778552116078564f,0.17928912558062957f,-1.4698712880413107f,0.49637377676059796f,-0.20927337387354736f,0.8425068122763176f,-0.7440654820041253f,0.8613701174086157f,-0.0019596221413488712f,-0.507974094532911f,-0.34019082977030907f,0f,0f,0f,1f], start_interpolation: 0, interpolation_duration: 1 }
$data merge entity $(bone_rocket_right) { transformation: [-2.253267282271597f,0.4131351103336197f,-0.2487635474200484f,-1.187514110946672f,0.4822276762471854f,1.9413845860387626f,-1.1437918187429688f,-0.06467458617307376f,0.004515548318708463f,-1.1705223778175864f,-1.9848512135983019f,-0.30172055238962314f,0f,0f,0f,1f], start_interpolation: 0, interpolation_duration: 1 }
$data merge entity $(bone_sword_right) { transformation: [-2.605053546725224f,0.4776348961878676f,-0.28760119431958f,-1.3306000800790951f,0.5575143828788679f,2.244478869066704f,-1.3223637326894429f,-0.00013209230479371836f,0.005220528099623258f,-1.35326753991691f,-2.2947316256655608f,1.140197185856898f,0f,0f,0f,1f], start_interpolation: 0, interpolation_duration: 1 }
$data merge entity $(bone_right_hand) { transformation: [-0.9778552116078564f,0.17928912558062982f,-0.10795644760683645f,-1.5148751986635236f,0.20927337387354755f,0.8425068122763177f,-0.4963737767605978f,-0.40258628779530836f,0.0019596221413487585f,-0.5079740945329108f,-0.8613701174086158f,0.006592032750207921f,0f,0f,0f,1f], start_interpolation: 0, interpolation_duration: 1 }
$data merge entity $(bone_right_arm_low) { transformation: [-0.9778552116078564f,0.17928912558062982f,-0.10795644760683645f,-1.2778437613451163f,0.20927337387354755f,0.8425068122763177f,-0.4963737767605978f,0.411329258090144f,0.0019596221413487585f,-0.5079740945329108f,-0.8613701174086158f,-0.5284223543355564f,0f,0f,0f,1f], start_interpolation: 0, interpolation_duration: 1 }
$data merge entity $(bone_right_arm) { transformation: [-1.0821866585310136f,0.22094365594668594f,0.06948320321070177f,-1.0226875f,0.2316016221045075f,1.029186752014586f,0.33452547982217395f,1.451f,0.0021687023927015135f,0.3416584682231764f,-1.0526332534911447f,-0.1811737500000001f,0f,0f,0f,1f], start_interpolation: 0, interpolation_duration: 1 }