# This file was generated by Animated Java via MC-Build. It is not recommended to edit this file directly.
$data merge entity $(bone_drillhead_right1) { transformation: [-0.13232868580270665f,0.11129835033799365f,0.9849374579767843f,-1.4798511516251809f,-0.7074206877108647f,0.685420274054612f,-0.17249643043723506f,-1.0243018976097373f,-0.6942946705199572f,-0.7195913598195449f,-0.011966008550989624f,0.8880313188440916f,0f,0f,0f,1f], start_interpolation: 0, interpolation_duration: 1 }
$data merge entity $(bone_drillhead_right2) { transformation: [-0.8593235625451054f,0.11129835033799365f,-0.49917501146073984f,-1.6303147725367149f,0.43008409841148443f,0.685420274054612f,-0.5875599681806798f,-0.7964434910825492f,0.27675021797348076f,-0.7195913598195449f,-0.6368654424010532f,1.0817974289446126f,0f,0f,0f,1f], start_interpolation: 0, interpolation_duration: 1 }
$data merge entity $(bone_drillhead_right3) { transformation: [0.9606035539117881f,0.11129835033799365f,-0.2546634827062647f,-1.2565667448937372f,0.1113522553870476f,0.685420274054612f,0.7195830203215738f,-0.8618046500609414f,0.254639917201252f,-0.7195913598195449f,0.6460238288490586f,1.0773472301796392f,0f,0f,0f,1f], start_interpolation: 0, interpolation_duration: 1 }
$data merge entity $(bone_drill_right) { transformation: [-0.20230481163555936f,0.17015352086278904f,1.5057777208328054f,-1.3787064575720822f,-1.0815085792344286f,1.047874227667842f,-0.26371347720810984f,-0.4341115607524092f,-1.0614414530537093f,-1.1001151686786526f,-0.01829369868863259f,0.5257945278983487f,0f,0f,0f,1f], start_interpolation: 0, interpolation_duration: 1 }
$data merge entity $(bone_barrel3) { transformation: [-0.17643824773694194f,-1.3132499439690457f,0.14839780045065845f,-1.246616763078617f,-0.9432275836144864f,0.22999524058298004f,0.9138936987394826f,-0.984651912376669f,-0.9257262273599427f,0.015954678067985745f,-0.95945514642606f,0.3620564187801425f,0f,0f,0f,1f], start_interpolation: 0, interpolation_duration: 1 }
$data merge entity $(bone_barrel4) { transformation: [-0.17643824773694194f,-1.3132499439690457f,0.14839780045065845f,-1.6159683098199111f,-0.9432275836144864f,0.22999524058298004f,0.9138936987394826f,-0.9199657509627059f,-0.9257262273599427f,0.015954678067985745f,-0.95945514642606f,0.3665436719867634f,0f,0f,0f,1f], start_interpolation: 0, interpolation_duration: 1 }
$data merge entity $(bone_blaster_right) { transformation: [-0.22803860575275414f,-1.6973172771137282f,0.19179757193008107f,-1.64766508916372f,-1.219079796097701f,0.29725864241470085f,1.1811670515878996f,-2.081333117579951f,-1.196460069761387f,0.02062071341403231f,-1.2400532009335599f,-1.1769530609859613f,0f,0f,0f,1f], start_interpolation: 0, interpolation_duration: 1 }
$data merge entity $(bone_rocket_right) { transformation: [-2.269586870119222f,0.25646427856639975f,-0.3049243841886998f,-1.1529330692684936f,0.39748273404788087f,1.5794107959944532f,-1.630106248347327f,-0.00320031821093103f,0.027573218659839176f,-1.6581510723051116f,-1.5998600270952308f,-0.11992906374138712f,0f,0f,0f,1f], start_interpolation: 0, interpolation_duration: 1 }
$data merge entity $(bone_sword_right) { transformation: [-2.6239209933606227f,0.29650418472068146f,-0.35253001486489044f,-1.218603014086494f,0.4595388280122649f,1.825992738728066f,-1.8846029040616499f,0.43176958650928854f,0.03187802513691591f,-1.9170261628083258f,-1.8496345598409079f,1.2621905881999886f,0f,0f,0f,1f], start_interpolation: 0, interpolation_duration: 1 }
$data merge entity $(bone_right_hand) { transformation: [-0.9849374579767843f,0.11129835033799365f,-0.13232868580270643f,-1.4465460660690175f,0.1724964304372349f,0.685420274054612f,-0.7074206877108647f,-0.25857255464699924f,0.01196600855098947f,-0.7195913598195449f,-0.6942946705199572f,0.28625153521363f,0f,0f,0f,1f], start_interpolation: 0, interpolation_duration: 1 }
$data merge entity $(bone_right_arm_low) { transformation: [-0.9849374579767843f,0.11129835033799365f,-0.13232868580270643f,-1.2778243960388094f,0.1724964304372349f,0.685420274054612f,-0.7074206877108647f,0.3939597960143211f,0.01196600855098947f,-0.7195913598195449f,-0.6942946705199572f,-0.4557844085941005f,0f,0f,0f,1f], start_interpolation: 0, interpolation_duration: 1 }
$data merge entity $(bone_right_arm) { transformation: [-1.0900245392744023f,0.19094911035875414f,0.012526754043045736f,-1.0529375f,0.19090079333571033f,1.080065351459113f,0.14760657917358222f,1.4865000000000002f,0.0132427118616635f,0.1475440692292676f,-1.0967348616469919f,-0.30617375000000013f,0f,0f,0f,1f], start_interpolation: 0, interpolation_duration: 1 }