# This file was generated by Animated Java via MC-Build. It is not recommended to edit this file directly.
$data merge entity $(bone_drillhead_right1) { transformation: [-0.13414945571659567f,0.09304292433124324f,0.9865834672053002f,-1.4388397825641208f,-0.7562818656115828f,0.633718543390422f,-0.16259934658597355f,-0.9284568353776893f,-0.6403449564711234f,-0.7679477990039507f,-0.014646321278148966f,1.1670907995072066f,0f,0f,0f,1f], start_interpolation: 0, interpolation_duration: 1 }
$data merge entity $(bone_drillhead_right2) { transformation: [-0.8601474983014619f,0.09304292433124324f,-0.5014870839788673f,-1.5891136600122744f,0.43963874847820406f,0.633718543390422f,-0.6364892603961518f,-0.6890006064013194f,0.2585808422955099f,-0.7679477990039507f,-0.5859966945322579f,1.3464857164572694f,0f,0f,0f,1f], start_interpolation: 0, interpolation_duration: 1 }
$data merge entity $(bone_drillhead_right3) { transformation: [0.9628210466285327f,0.09304292433124324f,-0.2536112111106833f,-1.214740823639982f,0.13919433185722416f,0.633718543390422f,0.7609374124998343f,-0.7506000020732879f,0.2315179693845772f,-0.7679477990039507f,0.5972065035287457f,1.341011469616322f,0f,0f,0f,1f], start_interpolation: 0, interpolation_duration: 1 }
$data merge entity $(bone_drill_right) { transformation: [-0.2050884145424166f,0.14224452670011145f,1.5082941486572436f,-1.3497137555759153f,-1.1562078126737598f,0.9688323417773872f,-0.24858276180709704f,-0.36445315485644714f,-0.9789628379882345f,-1.1740427548344845f,-0.022391375304274395f,0.7624591457264854f,0f,0f,0f,1f], start_interpolation: 0, interpolation_duration: 1 }
$data merge entity $(bone_barrel3) { transformation: [0.17886594095546063f,1.3154446229404002f,0.12405723244165731f,-1.5980230458357005f,1.0083758208154439f,-0.21679912878129765f,0.8449580578538957f,-0.8403139768045791f,0.853793275294831f,-0.019528428370865325f,-1.0239303986719344f,0.6180504051978151f,0f,0f,0f,1f], start_interpolation: 0, interpolation_duration: 1 }
$data merge entity $(bone_barrel4) { transformation: [0.17886594095546063f,1.3154446229404002f,0.12405723244165731f,-1.2270672346620415f,1.0083758208154439f,-0.21679912878129765f,0.8449580578538957f,-0.8945661662512154f,0.853793275294831f,-0.019528428370865325f,-1.0239303986719344f,0.6044115484732004f,0f,0f,0f,1f], start_interpolation: 0, interpolation_duration: 1 }
$data merge entity $(bone_blaster_right) { transformation: [0.13414945571659548f,0.9865834672053002f,0.09304292433124299f,-1.3802016008810192f,0.756281865611583f,-0.16259934658597325f,0.6337185433904218f,-0.6419691507894902f,0.6403449564711232f,-0.014646321278148994f,-0.7679477990039508f,0.29319390209744306f,0f,0f,0f,1f], start_interpolation: 0, interpolation_duration: 1 }
$data merge entity $(bone_rocket_right) { transformation: [-2.2733797616402818f,0.2143983840897473f,-0.3091199759560789f,-1.1382239058647918f,0.3746769290910533f,1.4602747349912255f,-1.7426968366368862f,0.021855465978386668f,0.03374945099226581f,-1.7695785934840582f,-1.4755439482820258f,0.08448070097127136f,0f,0f,0f,1f], start_interpolation: 0, interpolation_duration: 1 }
$data merge entity $(bone_sword_right) { transformation: [-2.6283060415025017f,0.24787084749310803f,-0.35738063391936997f,-1.1890124433076417f,0.4331725182734515f,1.6882568293216815f,-2.0147714436127613f,0.5531605832585775f,0.03901850779051692f,-2.0458500540234765f,-1.7059099140453025f,1.4331472604898072f,0f,0f,0f,1f], start_interpolation: 0, interpolation_duration: 1 }
$data merge entity $(bone_right_hand) { transformation: [-0.9865834672053002f,0.09304292433124324f,-0.13414945571659545f,-1.4230068938494513f,0.1625993465859734f,0.633718543390422f,-0.7562818656115828f,-0.20708635246960705f,0.014646321278148824f,-0.7679477990039507f,-0.6403449564711234f,0.5121377405722292f,0f,0f,0f,1f], start_interpolation: 0, interpolation_duration: 1 }
$data merge entity $(bone_right_arm_low) { transformation: [-0.9865834672053002f,0.09304292433124324f,-0.13414945571659545f,-1.2724946733090206f,0.1625993465859734f,0.633718543390422f,-0.7562818656115828f,0.39283592345882967f,0.014646321278148824f,-0.7679477990039507f,-0.6403449564711234f,-0.2767362334013284f,0f,0f,0f,1f], start_interpolation: 0, interpolation_duration: 1 }
$data merge entity $(bone_right_arm) { transformation: [-1.0918461680858804f,0.1806753875373171f,-0.0005728075134192658f,-1.058f,0.17994774837050834f,1.0877527823148847f,0.09583668899038252f,1.4935f,0.016208998321653182f,0.0944577547822061f,-1.1025366113961665f,-0.1811737500000001f,0f,0f,0f,1f], start_interpolation: 0, interpolation_duration: 1 }