# This file was generated by Animated Java via MC-Build. It is not recommended to edit this file directly.
$data merge entity $(bone_drillhead_right1) { transformation: [-0.13300941088992985f,0.06406144641511434f,0.9890422780133907f,-1.3675882426867894f,-0.8277357179251408f,0.5416826388821885f,-0.1464018442663224f,-0.7554643482613508f,-0.5451257450218855f,-0.8381384431087934f,-0.019022941347284886f,1.2775834182707286f,0f,0f,0f,1f], start_interpolation: 0, interpolation_duration: 1 }
$data merge entity $(bone_drillhead_right2) { transformation: [-0.8628554195486927f,0.06406144641511434f,-0.5013747660569419f,-1.5186432910405179f,0.45201841306633483f,0.5416826388821885f,-0.7087025278511578f,-0.4993749183161607f,0.2261854973344711f,-0.8381384431087934f,-0.4963507539822278f,1.4315465187318668f,0f,0f,0f,1f], start_interpolation: 0, interpolation_duration: 1 }
$data merge entity $(bone_drillhead_right3) { transformation: [0.9646564153411264f,0.06406144641511434f,-0.25560542135176173f,-1.1433376163334636f,0.18150307818721453f,0.5416826388821885f,0.8207536483879891f,-0.5548189434727704f,0.19103568501663273f,-0.8381384431087934f,0.5109102829591453f,1.4243992013205227f,0f,0f,0f,1f], start_interpolation: 0, interpolation_duration: 1 }
$data merge entity $(bone_drill_right) { transformation: [-0.20334550783616706f,0.09793748627892822f,1.512053191939211f,-1.2982659175557605f,-1.2654468491324273f,0.8281273524373837f,-0.22381993252434348f,-0.24086467101831582f,-0.8333911917539107f,-1.2813505917412902f,-0.029082375772661432f,0.8083798771616241f,0f,0f,0f,1f], start_interpolation: 0, interpolation_duration: 1 }
$data merge entity $(bone_barrel3) { transformation: [-0.17734588118657285f,-1.3187230373511876f,0.08541526188681937f,-1.154010124827834f,-1.1036476239001878f,0.1952024590217631f,0.7222435185095843f,-0.8087232512805957f,-0.726834326695847f,0.025363921796379436f,-1.117517924145058f,0.7445094331167295f,0f,0f,0f,1f], start_interpolation: 0, interpolation_duration: 1 }
$data merge entity $(bone_barrel4) { transformation: [-0.17734588118657285f,-1.3187230373511876f,0.08541526188681937f,-1.5249009790828556f,-1.1036476239001878f,0.1952024590217631f,0.7222435185095843f,-0.7538225596807249f,-0.726834326695847f,0.025363921796379436f,-1.117517924145058f,0.7516430361219613f,0f,0f,0f,1f], start_interpolation: 0, interpolation_duration: 1 }
$data merge entity $(bone_blaster_right) { transformation: [-0.2292116817101678f,-1.7043910074416275f,0.11039543568646781f,-1.5718164086052948f,-1.4264155795276823f,0.2522905161765097f,0.9334676981175039f,-2.1833038660526882f,-0.9394011139811351f,0.032781743397790705f,-1.4443423270996034f,-0.5470267248132616f,0f,0f,0f,1f], start_interpolation: 0, interpolation_duration: 1 }
$data merge entity $(bone_rocket_right) { transformation: [-2.2790455881158156f,0.14761649735938523f,-0.30649297588719826f,-1.109018076437782f,0.3373530987344334f,1.248196822064132f,-1.9073476210261948f,0.06758797009793635f,0.04383447655806711f,-1.9313185729877285f,-1.2561307557609327f,0.08542807971214217f,0f,0f,0f,1f], start_interpolation: 0, interpolation_duration: 1 }
$data merge entity $(bone_sword_right) { transformation: [-2.634856432337777f,0.170662789553108f,-0.3543434993989656f,-1.1412304545678738f,0.390021589214622f,1.4430687313096962f,-2.2051279597789417f,0.7510638326620913f,0.05067803519133174f,-2.232841322466576f,-1.4522413324826458f,1.3643296396199616f,0f,0f,0f,1f], start_interpolation: 0, interpolation_duration: 1 }
$data merge entity $(bone_right_hand) { transformation: [-0.9890422780133907f,0.06406144641511434f,-0.13300941088992962f,-1.3799962809680661f,0.14640184426632222f,0.5416826388821885f,-0.8277357179251408f,-0.11491940590625604f,0.019022941347284765f,-0.8381384431087934f,-0.5451257450218855f,0.5433233956672279f,0f,0f,0f,1f], start_interpolation: 0, interpolation_duration: 1 }
$data merge entity $(bone_right_arm_low) { transformation: [-0.9890422780133907f,0.06406144641511434f,-0.13300941088992962f,-1.2582762362674251f,0.14640184426632222f,0.5416826388821885f,-0.8277357179251408f,0.3917463765241267f,0.019022941347284765f,-0.8381384431087934f,-0.5451257450218855f,-0.3130391608077046f,0f,0f,0f,1f], start_interpolation: 0, interpolation_duration: 1 }
$data merge entity $(bone_right_arm) { transformation: [-1.0945673196641312f,0.1621859465863205f,-0.019750442709133807f,-1.0625f,0.16202206703878058f,1.0947208976736955f,0.010343332297055918f,1.5f,0.021052578221882192f,0.007338491699636136f,-1.1064695721183724f,-0.30617375000000013f,0f,0f,0f,1f], start_interpolation: 0, interpolation_duration: 1 }