# This file was generated by Animated Java via MC-Build. It is not recommended to edit this file directly.
$data merge entity $(text_display_ammo_left) { transformation: [-1f,1.368136703841374e-15f,8.665293146946319e-16f,0.14293749999999997f,1.5801474953939527e-15f,0.7071067811865475f,0.7071067811865477f,0.8837167224389781f,3.546899863589409e-16f,0.7071067811865477f,-0.7071067811865475f,0.3321193487677502f,0f,0f,0f,1f], start_interpolation: 0, interpolation_duration: 1 }
$data merge entity $(text_display_ammo_right) { transformation: [-1f,1.368136703841374e-15f,8.665293146946319e-16f,-0.16956250000000003f,1.5801474953939527e-15f,0.7071067811865475f,0.7071067811865477f,0.8837167224389781f,3.546899863589409e-16f,0.7071067811865477f,-0.7071067811865475f,0.3321193487677502f,0f,0f,0f,1f], start_interpolation: 0, interpolation_duration: 1 }
$data merge entity $(text_display_health) { transformation: [-1f,1.368136703841374e-15f,8.665293146946319e-16f,-0.013312500000000041f,1.5801474953939527e-15f,0.7071067811865475f,0.7071067811865477f,0.89255555720381f,3.546899863589409e-16f,0.7071067811865477f,-0.7071067811865475f,0.340958183532582f,0f,0f,0f,1f], start_interpolation: 0, interpolation_duration: 1 }
$data merge entity $(bone_drillhead_right1) { transformation: [-0.09761925876439204f,-0.015248909162291852f,0.9951070048430223f,-1.0959577175741002f,-0.9775578743435367f,0.18902752221475075f,-0.09300106533958527f,-0.10005673839362955f,-0.18668444666665876f,-0.9818533834614576f,-0.03335941783142132f,2.0073228444946696f,0f,0f,0f,1f], start_interpolation: 0, interpolation_duration: 1 }
$data merge entity $(bone_drillhead_right2) { transformation: [-0.8820017214241849f,-0.015248909162291852f,-0.4709993993352167f,-1.2579250003793636f,0.46001698345829345f,0.18902752221475075f,-0.8675557450534714f,0.18721885219850168f,0.10226112817051675f,-0.9818533834614576f,-0.15970784279609146f,2.0651449373055346f,0f,0f,0f,1f], start_interpolation: 0, interpolation_duration: 1 }
$data merge entity $(bone_drillhead_right3) { transformation: [0.9567162674419718f,-0.015248909162291852f,-0.290622529032527f,-0.8803226885393076f,0.28817342192031814f,0.18902752221475075f,0.9387356788489964f,0.1520570292330558f,0.04062096146863231f,-0.9818533834614576f,0.18524003583095044f,2.0525111002852854f,0f,0f,0f,1f], start_interpolation: 0, interpolation_duration: 1 }
$data merge entity $(bone_drill_right) { transformation: [-0.1492408515699875f,-0.023312614925569745f,1.5213249791669554f,-1.0866206215385936f,-1.4944957734015516f,0.2889862998609896f,-0.14218053244692855f,0.2029826720276705f,-0.28540419327140737f,-1.5010627710083702f,-0.051000058677523503f,1.3765690811775841f,0f,0f,0f,1f], start_interpolation: 0, interpolation_duration: 1 }
$data merge entity $(bone_barrel3) { transformation: [0.13015901168585575f,1.3268093397906964f,-0.020331878883056122f,-1.2954497426295677f,1.3034104991247155f,-0.12400142045278001f,0.25203669628633407f,-0.2968020567231876f,0.2489125955555447f,-0.04447922377522866f,-1.3091378446152766f,1.5013109463526297f,0f,0f,0f,1f], start_interpolation: 0, interpolation_duration: 1 }
$data merge entity $(bone_barrel4) { transformation: [0.13015901168585575f,1.3268093397906964f,-0.020331878883056122f,-0.9224463781479416f,1.3034104991247155f,-0.12400142045278001f,0.25203669628633407f,-0.32967222864143764f,0.2489125955555447f,-0.04447922377522866f,-1.3091378446152766f,1.4783855412424147f,0f,0f,0f,1f], start_interpolation: 0, interpolation_duration: 1 }
$data merge entity $(bone_blaster_right) { transformation: [0.09761925876439181f,0.9951070048430223f,-0.015248909162292093f,-1.1178013599233485f,0.9775578743435367f,-0.093001065339585f,0.18902752221475055f,-0.26763183651141775f,0.18668444666665854f,-0.033359417831421496f,-0.9818533834614576f,1.1014250252821767f,0f,0f,0f,1f], start_interpolation: 0, interpolation_duration: 1 }
$data merge entity $(bone_rocket_right) { transformation: [-2.2930205103526706f,-0.035137991491835455f,-0.22494361054918538f,-0.9546771703484614f,0.21430192860712302f,0.4355752530633067f,-2.2525821293762207f,0.22584823818710517f,0.07686995361161233f,-2.262480251348896f,-0.4301761148169346f,0.579270410548384f,0f,0f,0f,1f], start_interpolation: 0, interpolation_duration: 1 }
$data merge entity $(bone_sword_right) { transformation: [-2.651013157740379f,-0.040623831038955005f,-0.2600624236125134f,-0.9765664139878178f,0.247759333116146f,0.5035784555103364f,-2.6042614258817753f,1.3377237297441122f,0.08887110147476815f,-2.6157048697881904f,-0.49733638900156785f,1.5104094142610551f,0f,0f,0f,1f], start_interpolation: 0, interpolation_duration: 1 }
$data merge entity $(bone_right_hand) { transformation: [-0.9951070048430223f,-0.015248909162291852f,-0.09761925876439181f,-1.1897282633052966f,0.09300106533958505f,0.18902752221475075f,-0.9775578743435367f,0.2156821105610971f,0.03335941783142128f,-0.9818533834614576f,-0.18668444666665876f,1.0902047346536343f,0f,0f,0f,1f], start_interpolation: 0, interpolation_duration: 1 }
$data merge entity $(bone_right_arm_low) { transformation: [-0.9951070048430223f,-0.015248909162291852f,-0.09761925876439181f,-1.1458335865012867f,0.09300106533958505f,0.18902752221475075f,-0.9775578743435367f,0.36834838261888825f,0.03335941783142128f,-0.9818533834614576f,-0.18668444666665876f,0.10043249861937989f,0f,0f,0f,1f], start_interpolation: 0, interpolation_duration: 1 }
$data merge entity $(bone_right_arm) { transformation: [-1.1012791174689112f,0.09055118502924388f,-0.0612924697717707f,-1.0226875f,0.10292373650510431f,1.0678938633366162f,-0.271627280746711f,1.451f,0.03691867311742992f,-0.2759984747635833f,-1.0710900205106253f,-0.1811737500000001f,0f,0f,0f,1f], start_interpolation: 0, interpolation_duration: 1 }