# This file was generated by Animated Java via MC-Build. It is not recommended to edit this file directly.
$data merge entity $(text_display_ammo_left) { transformation: [-1f,1.368136703841374e-15f,8.665293146946319e-16f,0.15112499999999995f,1.5801474953939527e-15f,0.7071067811865475f,0.7071067811865477f,0.8767167224389782f,3.546899863589409e-16f,0.7071067811865477f,-0.7071067811865475f,0.3321193487677502f,0f,0f,0f,1f], start_interpolation: 0, interpolation_duration: 1 }
$data merge entity $(text_display_ammo_right) { transformation: [-1f,1.368136703841374e-15f,8.665293146946319e-16f,-0.16137500000000005f,1.5801474953939527e-15f,0.7071067811865475f,0.7071067811865477f,0.8767167224389782f,3.546899863589409e-16f,0.7071067811865477f,-0.7071067811865475f,0.3321193487677502f,0f,0f,0f,1f], start_interpolation: 0, interpolation_duration: 1 }
$data merge entity $(text_display_health) { transformation: [-1f,1.368136703841374e-15f,8.665293146946319e-16f,-0.005125000000000062f,1.5801474953939527e-15f,0.7071067811865475f,0.7071067811865477f,0.8855555572038101f,3.546899863589409e-16f,0.7071067811865477f,-0.7071067811865475f,0.340958183532582f,0f,0f,0f,1f], start_interpolation: 0, interpolation_duration: 1 }
$data merge entity $(bone_drillhead_right1) { transformation: [-0.09440346563259916f,-0.018722664883643117f,0.9953579494313639f,-1.0761799667361456f,-0.9817822887998685f,0.1673598546358345f,-0.08996786345781431f,-0.06107527460076556f,-0.16489852356963736f,-0.9857180838738464f,-0.03418093106728685f,2.033029000608006f,0f,0f,0f,1f], start_interpolation: 0, interpolation_duration: 1 }
$data merge entity $(bone_drillhead_right2) { transformation: [-0.8834641947465988f,-0.018722664883643117f,-0.4681244262163629f,-1.2390818379333002f,0.45883128374563237f,0.1673598546358345f,-0.8726193512136936f,0.2267896953863947f,0.09468299560680998f,-0.9857180838738464f,-0.1392658948450541f,2.0849982172767536f,0f,0f,0f,1f], start_interpolation: 0, interpolation_duration: 1 }
$data merge entity $(bone_drillhead_right3) { transformation: [0.9557174792574844f,-0.018722664883643117f,-0.29368956682418085f,-0.8613847241633473f,0.29259234848074284f,0.1673598546358345f,0.9414777727948739f,0.19277935867435908f,0.03152487037631899f,-0.9857180838738464f,0.16542684688958184f,2.0720498279698276f,0f,0f,0f,1f], start_interpolation: 0, interpolation_duration: 1 }
$data merge entity $(bone_drill_right) { transformation: [-0.1443245296112231f,-0.028623311488548384f,1.5217086246128952f,-1.0697690539724216f,-1.5009540811046367f,0.25586065229980975f,-0.1375433569802336f,0.22807145613038793f,-0.2520977560335976f,-1.506971145932624f,-0.05225599256237808f,1.3957508479348166f,0f,0f,0f,1f], start_interpolation: 0, interpolation_duration: 1 }
$data merge entity $(bone_barrel3) { transformation: [0.1258712875101319f,1.3271439325751517f,-0.024963553178191145f,-1.2763353253067684f,1.309043051733158f,-0.1199571512770854f,0.22314647284777905f,-0.26963506009345867f,0.2198646980928495f,-0.04557457475638271f,-1.3142907784984619f,1.5320355099144165f,0f,0f,0f,1f], start_interpolation: 0, interpolation_duration: 1 }
$data merge entity $(bone_barrel4) { transformation: [0.1258712875101319f,1.3271439325751517f,-0.024963553178191145f,-0.9032747066394257f,1.309043051733158f,-0.1199571512770854f,0.22314647284777905f,-0.30159763463218014f,0.2198646980928495f,-0.04557457475638271f,-1.3142907784984619f,1.5087610401156897f,0f,0f,0f,1f], start_interpolation: 0, interpolation_duration: 1 }
$data merge entity $(bone_blaster_right) { transformation: [0.09440346563259894f,0.9953579494313639f,-0.01872266488364336f,-1.0999209576756355f,0.9817822887998685f,-0.08996786345781405f,0.1673598546358343f,-0.24858618149257974f,0.16489852356963713f,-0.034180931067287035f,-0.9857180838738464f,1.131094722392548f,0f,0f,0f,1f], start_interpolation: 0, interpolation_duration: 1 }
$data merge entity $(bone_rocket_right) { transformation: [-2.2935987608174235f,-0.043142550879164784f,-0.2175334731746469f,-0.9401485519280295f,0.2073125354131335f,0.385646545971353f,-2.262316428246047f,0.23391739592359825f,0.07876296279574828f,-2.271385662795953f,-0.37997491207661566f,0.5977649902577912f,0f,0f,0f,1f], start_interpolation: 0, interpolation_duration: 1 }
$data merge entity $(bone_sword_right) { transformation: [-2.6516816862527097f,-0.049878084178827976f,-0.25149539527941583f,-0.9636798541626127f,0.23967873669835055f,0.44585474180950385f,-2.615515470173475f,1.3658841165043065f,0.091059652441587f,-2.6260006184806475f,-0.4392976368848198f,1.5043319835132078f,0f,0f,0f,1f], start_interpolation: 0, interpolation_duration: 1 }
$data merge entity $(bone_right_hand) { transformation: [-0.9953579494313639f,-0.018722664883643117f,-0.09440346563259894f,-1.1737264902420115f,0.08996786345781409f,0.1673598546358345f,-0.9817822887998685f,0.2340908275201263f,0.03418093106728681f,-0.9857180838738464f,-0.16489852356963736f,1.1094754226846384f,0f,0f,0f,1f], start_interpolation: 0, interpolation_duration: 1 }
$data merge entity $(bone_right_arm_low) { transformation: [-0.9953579494313639f,-0.018722664883643117f,-0.09440346563259894f,-1.133189391587213f,0.08996786345781409f,0.1673598546358345f,-0.9817822887998685f,0.3651469941648515f,0.03418093106728681f,-0.9857180838738464f,-0.16489852356963736f,0.11646795175753547f,0f,0f,0f,1f], start_interpolation: 0, interpolation_duration: 1 }
$data merge entity $(bone_right_arm) { transformation: [-1.1015568363809856f,0.08615929438033672f,-0.06261861343263099f,-1.0145f,0.09956690967622601f,1.0640638170452805f,-0.28744843413485854f,1.4440000000000002f,0.03782783702340176f,-0.2917477468309539f,-1.066875946630732f,-0.1811737500000001f,0f,0f,0f,1f], start_interpolation: 0, interpolation_duration: 1 }