# This file was generated by Animated Java via MC-Build. It is not recommended to edit this file directly.
$data merge entity $(bone_drillhead_right1) { transformation: [-0.09369569009999681f,-0.01946619408233464f,0.9954105609971367f,-1.0659956138872575f,-0.9826416187984779f,0.16259907223649575f,-0.0893140006546444f,-0.05568411352182945f,-0.16011423004153116f,-0.9865001819542557f,-0.034363124747728374f,2.038525429211245f,0f,0f,0f,1f], start_interpolation: 0, interpolation_duration: 1 }
$data merge entity $(bone_drillhead_right2) { transformation: [-0.8837836554655498f,-0.01946619408233464f,-0.46749066046275134f,-1.2291026847414357f,0.45855604463811533f,0.16259907223649575f,-0.8736634910728946f,0.23229375323752907f,0.09302045075034504f,-0.9865001819542557f,-0.13477606147392399f,2.089209665029748f,0f,0f,0f,1f], start_interpolation: 0, interpolation_duration: 1 }
$data merge entity $(bone_drillhead_right3) { transformation: [0.955495232036115f,-0.01946619408233464f,-0.2943635997269364f,-0.8513856997209629f,0.2935252902950641f,0.16259907223649575f,0.942021467730449f,0.19853163402707058f,0.029525675495228408f,-0.9865001819542557f,0.1610764585244249f,2.0761915210558457f,0f,0f,0f,1f], start_interpolation: 0, interpolation_duration: 1 }
$data merge entity $(bone_drill_right) { transformation: [-0.1432424785431965f,-0.029760022954957808f,1.521789057459628f,-1.0602145205444746f,-1.5022678294612148f,0.24858234238012933f,-0.13654372798499056f,0.23039776287729197f,-0.24478350217290556f,-1.5081668217143185f,-0.05253453124791952f,1.3998595427531921f,0f,0f,0f,1f], start_interpolation: 0, interpolation_duration: 1 }
$data merge entity $(bone_barrel3) { transformation: [0.12492758679999545f,1.3272140813295155f,-0.025954925443113175f,-1.2662868134237983f,1.3101888250646372f,-0.11908533420619218f,0.21679876298199408f,-0.2668166104148152f,0.21348564005537457f,-0.04581749966363808f,-1.3153335759390075f,1.538665115172826f,0f,0f,0f,1f], start_interpolation: 0, interpolation_duration: 1 }
$data merge entity $(bone_barrel4) { transformation: [0.12492758679999545f,1.3272140813295155f,-0.025954925443113175f,-0.8932143528699718f,1.3101888250646372f,-0.11908533420619218f,0.21679876298199408f,-0.298584489377138f,0.21348564005537457f,-0.04581749966363808f,-1.3153335759390075f,1.5153140261497342f,0f,0f,0f,1f], start_interpolation: 0, interpolation_duration: 1 }
$data merge entity $(bone_blaster_right) { transformation: [0.09369569009999659f,0.9954105609971367f,-0.01946619408233488f,-1.0901362226639348f,0.9826416187984779f,-0.08931400065464414f,0.16259907223649556f,-0.2475525152578832f,0.16011423004153094f,-0.03436312474772856f,-0.9865001819542557f,1.1375186786830587f,0f,0f,0f,1f], start_interpolation: 0, interpolation_duration: 1 }
$data merge entity $(bone_rocket_right) { transformation: [-2.2937199934072976f,-0.0448558618038675f,-0.21590254925884253f,-0.9310891874213942f,0.20580584235266025f,0.37467629690880944f,-2.2642965784232465f,0.23251004137529446f,0.07918279085853532f,-2.2731878478180243f,-0.3689504864278126f,0.6017747945965543f,0f,0f,0f,1f], start_interpolation: 0, interpolation_duration: 1 }
$data merge entity $(bone_sword_right) { transformation: [-2.6518218460068206f,-0.051858881901386794f,-0.24960984705141245f,-0.9549962809885718f,0.2379368145873371f,0.4331717873931828f,-2.617804766824054f,1.3688064817945387f,0.09154502521231112f,-2.628084165568265f,-0.4265520476850911f,1.5028990603418455f,0f,0f,0f,1f], start_interpolation: 0, interpolation_duration: 1 }
$data merge entity $(bone_right_hand) { transformation: [-0.9954105609971367f,-0.01946619408233464f,-0.09369569009999659f,-1.1643527499982613f,0.08931400065464418f,0.16259907223649575f,-0.9826416187984779f,0.2349541065956125f,0.03436312474772834f,-0.9865001819542557f,-0.16011423004153116f,1.1136228061382099f,0f,0f,0f,1f], start_interpolation: 0, interpolation_duration: 1 }
$data merge entity $(bone_right_arm_low) { transformation: [-0.9954105609971367f,-0.01946619408233464f,-0.09369569009999659f,-1.1245337743339f,0.08931400065464418f,0.16259907223649575f,-0.9826416187984779f,0.36126350320374057f,0.03436312474772834f,-0.9865001819542557f,-0.16011423004153116f,0.1199713591984232f,0f,0f,0f,1f], start_interpolation: 0, interpolation_duration: 1 }
$data merge entity $(bone_right_arm) { transformation: [-1.1016150612939255f,0.08520531282885169f,-0.06289904554241268f,-1.0068125f,0.09884328352615757f,1.0631913069867098f,-0.290905875814992f,1.4392500000000001f,0.038029469706749926f,-0.295188546437116f,-1.0659218827006949f,-0.1811737500000001f,0f,0f,0f,1f], start_interpolation: 0, interpolation_duration: 1 }