# This file was generated by Animated Java via MC-Build. It is not recommended to edit this file directly.
$data merge entity $(bone_foot) { transformation: [-0.9920558924644859f,-0.029275667075368356f,0.1223439477202887f,0.708009336650843f,-0.02947088847326685f,0.9995656161235752f,0.0002140002185559431f,-2.0290431487349796f,-0.12229706848117333f,-0.003393284660836604f,-0.9924877392996461f,1.0284645821108587f,0f,0f,0f,1f], start_interpolation: 0, interpolation_duration: 1 }
$data merge entity $(bone_leg_low) { transformation: [-0.9920002285532752f,0.03967687402354165f,0.11983860904554128f,0.8109409482307252f,-0.023402060126927332f,0.8750650177133399f,-0.483439301625517f,-1.160702753556782f,-0.12404793481580317f,-0.48237636803855977f,-0.8671361769790616f,0.28754324805015513f,0f,0f,0f,1f], start_interpolation: 0, interpolation_duration: 1 }
$data merge entity $(bone_bone4) { transformation: [-0.9920002285532752f,-0.09318314160935925f,0.08516130970141417f,0.7589879753810241f,-0.023402060126927332f,0.7986746557975348f,0.6013078560675095f,-0.7183422684956151f,-0.12404793481580317f,0.594504580559729f,-0.7944661185736213f,0.6195537271677847f,0f,0f,0f,1f], start_interpolation: 0, interpolation_duration: 1 }
$data merge entity $(bone_leg) { transformation: [-0.9920002285532752f,0.06973939853558231f,0.10522339493736789f,0.8142681756685953f,-0.023402060126927332f,0.717500036428675f,-0.6961652399442718f,-0.195326875f,-0.12404793481580317f,-0.693058521350647f,-0.7101281545264835f,0.16082896814515352f,0f,0f,0f,1f], start_interpolation: 0, interpolation_duration: 1 }
$data merge entity $(bone_foot2) { transformation: [-0.9873110137772824f,-0.0045881459017946685f,0.15873219897443228f,-0.5973753873085876f,0.0011012437718929085f,0.9993606519338175f,0.035736180945506624f,-1.9746505457659982f,-0.158794676662128f,0.0354575278833561f,-0.9866747257228043f,-1.2055417227644085f,0f,0f,0f,1f], start_interpolation: 0, interpolation_duration: 1 }
$data merge entity $(bone_leg_low2) { transformation: [-0.9874582559565671f,-0.08995769631256532f,0.12974515643117862f,-0.6978919163589867f,0.0027999255230799435f,0.8116870674457741f,0.584085836978046f,-0.9271121291347436f,-0.15785548188225818f,0.5771236586862608f,-0.8012552211526016f,-0.7515218169273441f,0f,0f,0f,1f], start_interpolation: 0, interpolation_duration: 1 }
$data merge entity $(bone_bone3) { transformation: [-0.9874582559565671f,-0.15749872793997421f,0.010970115792676169f,-0.7852339414102705f,0.0027999255230799435f,0.0520030851577052f,0.9986429990497834f,-0.8843446013152636f,-0.15785548188225818f,0.9861489896721339f,-0.050909891065976653f,-0.204398913169238f,0f,0f,0f,1f], start_interpolation: 0, interpolation_duration: 1 }
$data merge entity $(bone_leg2) { transformation: [-0.9874582559565671f,-0.01496144234043685f,0.15716980621706103f,-0.8108223663087631f,0.0027999255230799435f,0.9936836408944397f,0.11218280722033722f,-0.195326875f,-0.15785548188225818f,0.11121590291799066f,-0.9811792240859242f,-0.0965600878226279f,0f,0f,0f,1f], start_interpolation: 0, interpolation_duration: 1 }
$data merge entity $(bone_hips) { transformation: [-0.9876883405951378f,0f,0.15643446504023098f,0.006812500000000006f,0f,1f,0f,0.20137937500000003f,-0.15643446504023098f,0f,-0.9876883405951378f,6.938893903907228e-18f,0f,0f,0f,1f], start_interpolation: 0, interpolation_duration: 1 }