# This file was generated by Animated Java via MC-Build. It is not recommended to edit this file directly.
$data merge entity $(bone_barrel1) { transformation: [0.4474649722777343f,-0.7646474255901168f,0.9964272130470297f,0.6942235005658438f,-1.1261744194631798f,-0.7126134902986014f,-0.041121383354565125f,0.840026893874002f,0.5561331255275435f,-0.8278128446458353f,-0.8849969597168761f,1.9058807235828197f,0f,0f,0f,1f], start_interpolation: 0, interpolation_duration: 1 }
$data merge entity $(bone_barrel2) { transformation: [0.4474649722777343f,-0.7646474255901168f,0.9964272130470297f,0.47916641211862343f,-1.1261744194631798f,-0.7126134902986014f,-0.041121383354565125f,0.6396043497275203f,0.5561331255275435f,-0.8278128446458353f,-0.8849969597168761f,1.6730583610261787f,0f,0f,0f,1f], start_interpolation: 0, interpolation_duration: 1 }
$data merge entity $(bone_blaster_left) { transformation: [0.33559872920830075f,-0.5734855691925876f,0.7473204097852724f,0.7281347760396932f,-0.8446308145973849f,-0.5344601177239511f,-0.030841037515923847f,0.7895225138428481f,0.41709984414565765f,-0.6208596334843764f,-0.6637477197876571f,1.6161643923556457f,0f,0f,0f,1f], start_interpolation: 0, interpolation_duration: 1 }
$data merge entity $(bone_sword_left) { transformation: [-1.5277932747982315f,1.9908976921544381f,0.8940512352161588f,0.28309333947534665f,-1.423827585855629f,-0.08216201459256756f,-2.250137313910139f,2.102458747541441f,-1.654000071817997f,-1.768256006654109f,1.111174144629832f,0.890090915917362f,0f,0f,0f,1f], start_interpolation: 0, interpolation_duration: 1 }
$data merge entity $(bone_rocket_left) { transformation: [-1.3214801686149544f,1.7220469950496577f,0.7733186135538456f,1.2851613335041274f,-1.2315539996624276f,-0.07106686139318788f,-1.946278914852187f,1.0677955111542508f,-1.430644007831395f,-1.5294708285296499f,0.9611212591572196f,1.0061633698381165f,0f,0f,0f,1f], start_interpolation: 0, interpolation_duration: 1 }
$data merge entity $(bone_drillhead_left1) { transformation: [0.3355987292083008f,0.7473204097852721f,0.5734855691925879f,0.18121807573449833f,-0.844630814597385f,-0.030841037515923778f,0.5344601177239509f,0.9535193326401186f,0.4170998441456574f,-0.6637477197876573f,0.6208596334843764f,1.9705566160212076f,0f,0f,0f,1f], start_interpolation: 0, interpolation_duration: 1 }
$data merge entity $(bone_drillhead_left2) { transformation: [-0.6582596531584122f,0.7473204097852721f,0.09058937102188014f,-0.041178348764197015f,-0.1705505444972819f,-0.030841037515923778f,-0.9848661544477109f,1.1378164136254034f,-0.7332167079352788f,-0.6637477197876573f,0.1477573134610877f,1.7115948220208073f,0f,0f,0f,1f], start_interpolation: 0, interpolation_duration: 1 }
$data merge entity $(bone_drillhead_left3) { transformation: [0.4014035059768224f,0.7473204097852721f,-0.5295162230828137f,0.17638497206024895f,0.8170029829201801f,-0.030841037515923778f,0.5758080898220079f,1.3407251030762128f,0.41398230794207047f,-0.6637477197876573f,-0.6229427045785534f,1.9471234587430895f,0f,0f,0f,1f], start_interpolation: 0, interpolation_duration: 1 }
$data merge entity $(bone_drill_left) { transformation: [0.5130651550401002f,1.142507490465277f,0.8767478445617948f,0.477164283759964f,-1.2912761644400612f,-0.04714994520996415f,0.8170855229686804f,1.1646739703862048f,0.6376645010207035f,-1.0147411093115195f,0.9491735706605962f,1.5153084055338426f,0f,0f,0f,1f], start_interpolation: 0, interpolation_duration: 1 }
$data merge entity $(bone_left_hand) { transformation: [-0.5734855691925878f,0.7473204097852721f,0.3355987292083009f,0.8905262080359725f,-0.5344601177239511f,-0.030841037515923778f,-0.8446308145973849f,1.1360054558245491f,-0.6208596334843763f,-0.6637477197876573f,0.4170998441456575f,1.3119684894728416f,0f,0f,0f,1f], start_interpolation: 0, interpolation_duration: 1 }
$data merge entity $(bone_left_arm_low) { transformation: [-0.2772803532311074f,0.7473204097852721f,0.6038441941680033f,1.6393867268120506f,-0.9222644306935588f,-0.030841037515923778f,-0.3853273287510598f,1.0354814123668072f,-0.26933979577759815f,-0.6637477197876573f,0.6977786460527203f,0.6531926151382318f,0f,0f,0f,1f], start_interpolation: 0, interpolation_duration: 1 }
$data merge entity $(bone_left_arm) { transformation: [-0.30686454945213937f,-0.6204587054547652f,0.8635028208691391f,1f,-1.0206646655727158f,0.4238287969994436f,-0.05817877464650235f,1.4375f,-0.29807678083825917f,-0.8125097686756939f,-0.6897463932966226f,-0.18117374999999988f,0f,0f,0f,1f], start_interpolation: 0, interpolation_duration: 1 }
$data merge entity $(bone_drillhead_right1) { transformation: [-0.33559872920830114f,-0.7473204097852719f,0.5734855691925879f,-0.1621571632461608f,-0.8446308145973848f,-0.030841037515923778f,-0.5344601177239513f,1.0080925191953587f,0.41709984414565743f,-0.6637477197876576f,-0.620859633484376f,1.9465599947888579f,0f,0f,0f,1f], start_interpolation: 0, interpolation_duration: 1 }
$data merge entity $(bone_drillhead_right2) { transformation: [-0.4014035059768223f,-0.7473204097852719f,-0.529516223082814f,-0.17845443766821967f,0.8170029829201805f,-0.030841037515923778f,-0.5758080898220075f,1.342503281436175f,0.41398230794207f,-0.6637477197876576f,0.6229427045785533f,1.9493708683781117f,0f,0f,0f,1f], start_interpolation: 0, interpolation_duration: 1 }
$data merge entity $(bone_drillhead_right3) { transformation: [0.6582596531584123f,-0.7473204097852719f,0.09058937102188047f,0.039196138825820404f,-0.17055054449728246f,-0.030841037515923778f,0.9848661544477109f,1.1398141959971608f,-0.7332167079352784f,-0.6637477197876576f,-0.14775731346108792f,1.7137337856963517f,0f,0f,0f,1f], start_interpolation: 0, interpolation_duration: 1 }
$data merge entity $(bone_drill_right) { transformation: [-0.5130651550401006f,-1.1425074904652768f,0.8767478445617948f,-0.6062418764735236f,-1.291276164440061f,-0.04714994520996415f,-0.8170855229686811f,1.1376062523975445f,0.6376645010207035f,-1.0147411093115197f,-0.9491735706605954f,1.421407316075957f,0f,0f,0f,1f], start_interpolation: 0, interpolation_duration: 1 }
$data merge entity $(bone_barrel3) { transformation: [0.44746497227773446f,0.7646474255901171f,-0.9964272130470295f,-0.7043837654788123f,1.1261744194631798f,-0.7126134902986014f,-0.041121383354565125f,0.8224366391242809f,-0.5561331255275432f,-0.8278128446458349f,-0.8849969597168764f,1.8686110664260651f,0f,0f,0f,1f], start_interpolation: 0, interpolation_duration: 1 }
$data merge entity $(bone_barrel4) { transformation: [0.44746497227773446f,0.7646474255901171f,-0.9964272130470295f,-0.49725434535364527f,1.1261744194631798f,-0.7126134902986014f,-0.041121383354565125f,0.6216869293967007f,-0.5561331255275432f,-0.8278128446458349f,-0.8849969597168764f,1.6287475850894517f,0f,0f,0f,1f], start_interpolation: 0, interpolation_duration: 1 }
$data merge entity $(bone_blaster_right) { transformation: [0.33559872920830086f,0.5734855691925879f,-0.7473204097852721f,-0.9020887301030499f,0.8446308145973849f,-0.5344601177239511f,-0.030841037515923847f,0.6857587219862842f,-0.4170998441456575f,-0.6208596334843762f,-0.6637477197876573f,1.5017998160186505f,0f,0f,0f,1f], start_interpolation: 0, interpolation_duration: 1 }
$data merge entity $(bone_rocket_right) { transformation: [-1.321480168614955f,-1.7220469950496573f,-0.7733186135538459f,-1.1417899412059809f,1.2315539996624276f,-0.07106686139318788f,-1.946278914852187f,0.934180481723263f,1.4306440078313944f,-1.5294708285296503f,0.9611212591572191f,0.850948461467022f,0f,0f,0f,1f], start_interpolation: 0, interpolation_duration: 1 }
$data merge entity $(bone_sword_right) { transformation: [-1.5277932747982321f,-1.9908976921544375f,-0.894051235216159f,-0.2830933394753471f,1.423827585855629f,-0.08216201459256756f,-2.250137313910139f,2.102458747541441f,1.6540000718179966f,-1.7682560066541098f,1.1111741446298316f,0.8900909159173619f,0f,0f,0f,1f], start_interpolation: 0, interpolation_duration: 1 }
$data merge entity $(bone_right_hand) { transformation: [-0.573485569192588f,-0.7473204097852719f,-0.335598729208301f,-0.8905262080359732f,0.5344601177239511f,-0.030841037515923778f,-0.8446308145973849f,1.1360054558245491f,0.6208596334843761f,-0.6637477197876576f,0.4170998441456573f,1.3119684894728412f,0f,0f,0f,1f], start_interpolation: 0, interpolation_duration: 1 }
$data merge entity $(bone_right_arm_low) { transformation: [-0.2772803532311075f,-0.7473204097852719f,-0.6038441941680035f,-1.639386726812051f,0.9222644306935588f,-0.030841037515923778f,-0.3853273287510598f,1.0354814123668072f,0.26933979577759803f,-0.6637477197876576f,0.6977786460527201f,0.6531926151382313f,0f,0f,0f,1f], start_interpolation: 0, interpolation_duration: 1 }
$data merge entity $(bone_right_arm) { transformation: [-0.30686454945213953f,0.6204587054547654f,-0.8635028208691389f,-1f,1.0206646655727158f,0.4238287969994436f,-0.05817877464650235f,1.4375f,0.29807678083825906f,-0.8125097686756936f,-0.6897463932966228f,-0.1811737500000001f,0f,0f,0f,1f], start_interpolation: 0, interpolation_duration: 1 }