# This file was generated by Animated Java via MC-Build. It is not recommended to edit this file directly.
$data merge entity $(bone_barrel1) { transformation: [0.5264317532506703f,-0.9345899954220637f,0.791952604266309f,1.1007344162789834f,-1.1362933945680762f,-0.6946008149273496f,-0.06438017661514032f,0.8492041215776767f,0.4576949949564232f,-0.6494990578415225f,-1.070721272429287f,1.8206097116784303f,0f,0f,0f,1f], start_interpolation: 0, interpolation_duration: 1 }
$data merge entity $(bone_barrel2) { transformation: [0.5264317532506703f,-0.9345899954220637f,0.791952604266309f,0.8378809800665279f,-1.1362933945680762f,-0.6946008149273496f,-0.06438017661514032f,0.6538476423793596f,0.4576949949564232f,-0.6494990578415225f,-1.070721272429287f,1.6379381016605021f,0f,0f,0f,1f], start_interpolation: 0, interpolation_duration: 1 }
$data merge entity $(bone_blaster_left) { transformation: [0.3948238149380028f,-0.700942496566548f,0.5939644531997319f,1.0731861356280807f,-0.8522200459260574f,-0.5209506111955123f,-0.048285132461355254f,0.7979149237486718f,0.34327124621731747f,-0.487124293381142f,-0.8030409543219653f,1.5303568391593725f,0f,0f,0f,1f], start_interpolation: 0, interpolation_duration: 1 }
$data merge entity $(bone_sword_left) { transformation: [-1.8673446897406183f,1.58235001160599f,1.051829726145895f,0.5184446539457859f,-1.3878376075043861f,-0.12863392665845252f,-2.27035539298257f,2.120858418941821f,-1.2977226619082087f,-2.139339915959842f,0.9144911913665006f,0.9049541495008265f,0f,0f,0f,1f], start_interpolation: 0, interpolation_duration: 1 }
$data merge entity $(bone_rocket_left) { transformation: [-1.6151785821851874f,1.3686695671710645f,0.9097907071524883f,1.4990816496262578f,-1.2004241056875178f,-0.11126320942384364f,-1.9637667458188701f,1.0631007584801073f,-1.1224782765851538f,-1.8504435904397312f,0.7909983593320191f,0.8175418712751384f,0f,0f,0f,1f], start_interpolation: 0, interpolation_duration: 1 }
$data merge entity $(bone_drillhead_left1) { transformation: [0.3948238149380027f,0.5939644531997317f,0.7009424965665482f,0.6147177902442281f,-0.8522200459260575f,-0.048285132461355185f,0.5209506111955121f,0.9746361296041328f,0.3432712462173172f,-0.8030409543219655f,0.4871242933811419f,1.9888141147314293f,0f,0f,0f,1f], start_interpolation: 0, interpolation_duration: 1 }
$data merge entity $(bone_drillhead_left2) { transformation: [-0.7986789587251507f,0.5939644531997317f,0.09653056109260294f,0.3480908623305768f,-0.15516511482746076f,-0.048285132461355185f,-0.9867078256119034f,1.1640651206426993f,-0.5814083831785452f,-0.8030409543219655f,0.13072688190030748f,1.7802151379677706f,0f,0f,0f,1f], start_interpolation: 0, interpolation_duration: 1 }
$data merge entity $(bone_drillhead_left3) { transformation: [0.49649389336524286f,0.5939644531997317f,-0.6330087220458867f,0.6140095370224494f,0.8074260994380971f,-0.048285132461355185f,0.5879894896419234f,1.3618486651020147f,0.31867994570917546f,-0.8030409543219655f,-0.5035556750593363f,1.9650079991131364f,0f,0f,0f,1f], start_interpolation: 0, interpolation_duration: 1 }
$data merge entity $(bone_drill_left) { transformation: [0.6036087869062161f,0.9080560733592047f,1.0716046855227952f,0.8154705343430604f,-1.3028786224036721f,-0.07381857205138731f,0.7964321162115096f,1.178817027161176f,0.5247949406029515f,-1.2276933607725902f,0.7447182583110122f,1.4814386432629418f,0f,0f,0f,1f], start_interpolation: 0, interpolation_duration: 1 }
$data merge entity $(bone_left_hand) { transformation: [-0.7009424965665481f,0.5939644531997317f,0.3948238149380029f,1.1774229345927667f,-0.5209506111955123f,-0.048285132461355185f,-0.8522200459260574f,1.1405070775811634f,-0.4871242933811418f,-0.8030409543219655f,0.3432712462173173f,1.1976078955475389f,0f,0f,0f,1f], start_interpolation: 0, interpolation_duration: 1 }
$data merge entity $(bone_left_arm_low) { transformation: [-0.34771684223285293f,0.5939644531997317f,0.7254648344080896f,1.772325861228198f,-0.9155510950635964f,-0.048285132461355185f,-0.3992927977199671f,1.0225221017495845f,-0.20213656263888152f,-0.8030409543219655f,0.5605943593421221f,0.39945197979008473f,0f,0f,0f,1f], start_interpolation: 0, interpolation_duration: 1 }
$data merge entity $(bone_left_arm) { transformation: [-0.384816200950852f,-0.7490693503176376f,0.7180414879618681f,1f,-1.013235056192161f,0.4363708575958519f,-0.08779051246209163f,1.4375f,-0.22370335474250147f,-0.687929910375905f,-0.8375447606075617f,-0.3061737499999999f,0f,0f,0f,1f], start_interpolation: 0, interpolation_duration: 1 }
$data merge entity $(bone_drillhead_right1) { transformation: [-0.39482381493800306f,-0.5939644531997315f,0.7009424965665481f,-0.592380697392895f,-0.8522200459260573f,-0.048285132461355185f,-0.5209506111955126f,1.0296385551393765f,0.3432712462173173f,-0.8030409543219658f,-0.48712429338114144f,1.9689854391720067f,0f,0f,0f,1f], start_interpolation: 0, interpolation_duration: 1 }
$data merge entity $(bone_drillhead_right2) { transformation: [-0.49649389336524263f,-0.5939644531997315f,-0.6330087220458869f,-0.6165369434875139f,0.8074260994380974f,-0.048285132461355185f,-0.5879894896419231f,1.3635781345300928f,0.31867994570917507f,-0.8030409543219658f,0.5035556750593362f,1.9667733909415135f,0f,0f,0f,1f], start_interpolation: 0, interpolation_duration: 1 }
$data merge entity $(bone_drillhead_right3) { transformation: [0.7986789587251507f,-0.5939644531997315f,0.09653056109260327f,-0.35051561460375735f,-0.1551651148274612f,-0.048285132461355185f,0.9867078256119033f,1.1660161672827178f,-0.5814083831785448f,-0.8030409543219658f,-0.1307268819003077f,1.7818912792721313f,0f,0f,0f,1f], start_interpolation: 0, interpolation_duration: 1 }
$data merge entity $(bone_drill_right) { transformation: [-0.6036087869062167f,-0.9080560733592044f,1.0716046855227952f,-0.9218291596036607f,-1.302878622403672f,-0.07381857205138731f,-0.7964321162115102f,1.1487428023329944f,0.5247949406029517f,-1.2276933607725906f,-0.7447182583110116f,1.3631403561541329f,0f,0f,0f,1f], start_interpolation: 0, interpolation_duration: 1 }
$data merge entity $(bone_barrel3) { transformation: [-0.5264317532506704f,-0.9345899954220643f,-0.7919526042663085f,-0.8090323811256905f,-1.1362933945680764f,0.6946008149273497f,-0.06438017661514064f,0.6284000554479956f,0.45769499495642313f,0.6494990578415217f,-1.0707212724292876f,1.615871135966787f,0f,0f,0f,1f], start_interpolation: 0, interpolation_duration: 1 }
$data merge entity $(bone_barrel4) { transformation: [-0.5264317532506704f,-0.9345899954220643f,-0.7919526042663085f,-1.071885817338146f,-1.1362933945680764f,0.6946008149273497f,-0.06438017661514064f,0.8237565346463127f,0.45769499495642313f,0.6494990578415217f,-1.0707212724292876f,1.7985427459847152f,0f,0f,0f,1f], start_interpolation: 0, interpolation_duration: 1 }
$data merge entity $(bone_blaster_right) { transformation: [-0.680389680667441f,-1.2079160966519713f,-1.0235635981173896f,-1.8743476167148116f,-1.468608789459855f,0.8977407303824372f,-0.08320852140473199f,-0.9059994249099115f,0.5915504707657757f,0.8394487107394751f,-1.3838597313583902f,2.10864013662612f,0f,0f,0f,1f], start_interpolation: 0, interpolation_duration: 1 }
$data merge entity $(bone_rocket_right) { transformation: [-1.6151785821851876f,-1.368669567171064f,-0.9097907071524883f,-1.3238460254846214f,1.2004241056875178f,-0.11126320942384364f,-1.9637667458188701f,0.9328631056812291f,1.122478276585153f,-1.8504435904397318f,0.7909983593320189f,0.6957607979298527f,0f,0f,0f,1f], start_interpolation: 0, interpolation_duration: 1 }
$data merge entity $(bone_sword_right) { transformation: [-1.8673446897406185f,-1.5823500116059894f,-1.051829726145895f,-0.5184446539457869f,1.3878376075043861f,-0.12863392665845252f,-2.27035539298257f,2.120858418941821f,1.2977226619082078f,-2.1393399159598427f,0.9144911913665003f,0.9049541495008266f,0f,0f,0f,1f], start_interpolation: 0, interpolation_duration: 1 }
$data merge entity $(bone_right_hand) { transformation: [-0.7009424965665482f,-0.5939644531997315f,-0.3948238149380029f,-1.1774229345927676f,0.5209506111955123f,-0.048285132461355185f,-0.8522200459260574f,1.1405070775811634f,0.4871242933811415f,-0.8030409543219658f,0.3432712462173172f,1.1976078955475387f,0f,0f,0f,1f], start_interpolation: 0, interpolation_duration: 1 }
$data merge entity $(bone_right_arm_low) { transformation: [-0.34771684223285293f,-0.5939644531997315f,-0.7254648344080897f,-1.7723258612281985f,0.9155510950635964f,-0.048285132461355185f,-0.3992927977199671f,1.0225221017495845f,0.2021365626388814f,-0.8030409543219658f,0.5605943593421219f,0.3994519797900842f,0f,0f,0f,1f], start_interpolation: 0, interpolation_duration: 1 }
$data merge entity $(bone_right_arm) { transformation: [-0.384816200950852f,0.7490693503176379f,-0.7180414879618678f,-1f,1.013235056192161f,0.4363708575958519f,-0.08779051246209163f,1.4375f,0.22370335474250136f,-0.6879299103759048f,-0.8375447606075619f,-0.30617375000000013f,0f,0f,0f,1f], start_interpolation: 0, interpolation_duration: 1 }