# This file was generated by Animated Java via MC-Build. It is not recommended to edit this file directly.
$data merge entity $(bone_barrel1) { transformation: [0.5493671169665042f,-0.9981014559566558f,0.6926521725880108f,1.2754060466422583f,-1.1454017453692662f,-0.6789331982995098f,-0.06987368409933624f,0.8386717263082241f,0.40500418550766404f,-0.566234027272981f,-1.137158042603257f,1.8093727482309467f,0f,0f,0f,1f], start_interpolation: 0, interpolation_duration: 1 }
$data merge entity $(bone_barrel2) { transformation: [0.5493671169665042f,-0.9981014559566558f,0.6926521725880108f,0.9946900121544489f,-1.1454017453692662f,-0.6789331982995098f,-0.06987368409933624f,0.647721764286487f,0.40500418550766404f,-0.566234027272981f,-1.137158042603257f,1.6501194280604208f,0f,0f,0f,1f], start_interpolation: 0, interpolation_duration: 1 }
$data merge entity $(bone_blaster_left) { transformation: [0.41202533772487826f,-0.748576091967492f,0.5194891294410082f,1.2214563642545744f,-0.8590513090269498f,-0.5091998987246324f,-0.05240526307450219f,0.7891380429509844f,0.3037531391307481f,-0.42467552045473583f,-0.8528685319524429f,1.5225416732588286f,0f,0f,0f,1f], start_interpolation: 0, interpolation_duration: 1 }
$data merge entity $(bone_sword_left) { transformation: [-1.9942428901791776f,1.3839441494721016f,1.097655414257066f,0.6315492895871126f,-1.3565331415308592f,-0.13961015375152225f,-2.2885542080610644f,2.122348229559723f,-1.1313561124749045f,-2.272082991100353f,0.8092130440460372f,0.9536775692893062f,0f,0f,0f,1f], start_interpolation: 0, interpolation_duration: 1 }
$data merge entity $(bone_rocket_left) { transformation: [-1.7249404577469372f,1.1970564199790714f,0.9494280972699727f,1.585891277114713f,-1.1733469927983013f,-0.12075720751178613f,-1.9795079940723008f,1.0519915372043362f,-0.9785778553543787f,-1.9652610491972433f,0.6999369662970948f,0.7756073193339289f,0f,0f,0f,1f], start_interpolation: 0, interpolation_duration: 1 }
$data merge entity $(bone_drillhead_left1) { transformation: [0.4120253377248782f,0.519489129441008f,0.7485760919674922f,0.8080413153143989f,-0.8590513090269499f,-0.05240526307450211f,0.5091998987246322f,0.9697937175115933f,0.3037531391307478f,-0.8528685319524432f,0.4246755204547357f,2.020596094383481f,0f,0f,0f,1f], start_interpolation: 0, interpolation_duration: 1 }
$data merge entity $(bone_drillhead_left2) { transformation: [-0.8492694003579945f,0.519489129441008f,0.09419410813950047f,0.5265530691238602f,-0.1416946608723511f,-0.05240526307450211f,-0.9885222867909259f,1.1637643335638588f,-0.5085903151809339f,-0.8528685319524432f,0.11811502236990198f,1.8372206276321035f,0f,0f,0f,1f], start_interpolation: 0, interpolation_duration: 1 }
$data merge entity $(bone_drillhead_left3) { transformation: [0.533918859434111f,0.519489129441008f,-0.6671294446606306f,0.810543896766676f,0.7991840679046645f,-0.05240526307450211f,0.5987975567831291f,1.3570900023054737f,0.2761077274324834f,-0.8528685319524432f,-0.4431475939880003f,1.9983226734273642f,0f,0f,0f,1f], start_interpolation: 0, interpolation_duration: 1 }
$data merge entity $(bone_drill_left) { transformation: [0.6299065681177065f,0.7941977949888642f,1.144427184187067f,0.9656743281396054f,-1.3133222944349916f,-0.08011745005014048f,0.7784675633363358f,1.1736830730722654f,0.4643794444325909f,-1.3038700313534433f,0.6492462359969358f,1.4980998396648626f,0f,0f,0f,1f], start_interpolation: 0, interpolation_duration: 1 }
$data merge entity $(bone_left_hand) { transformation: [-0.7485760919674921f,0.519489129441008f,0.41202533772487837f,1.300395128786404f,-0.5091998987246324f,-0.05240526307450211f,-0.8590513090269498f,1.1318848755557718f,-0.42467552045473567f,-0.8528685319524432f,0.3037531391307479f,1.1830570141144787f,0f,0f,0f,1f], start_interpolation: 0, interpolation_duration: 1 }
$data merge entity $(bone_left_arm_low) { transformation: [-0.37686961114246353f,0.519489129441008f,0.7668770048645034f,1.8202948139330237f,-0.9098437264664093f,-0.05240526307450211f,-0.4116285726377722f,1.0097509866821888f,-0.1736481776669304f,-0.8528685319524432f,0.4924038765061038f,0.334723092198668f,0f,0f,0f,1f], start_interpolation: 0, interpolation_duration: 1 }
$data merge entity $(bone_left_arm) { transformation: [-0.41707940024529944f,-0.7953615593501606f,0.6466967931984278f,1f,-1.0069187446586376f,0.4487587098727347f,-0.09747943630561207f,1.4375f,-0.1921754252762888f,-0.6251300574724169f,-0.8927782455338157f,-0.3061737499999999f,0f,0f,0f,1f], start_interpolation: 0, interpolation_duration: 1 }
$data merge entity $(bone_drillhead_right1) { transformation: [-0.41202533772487865f,-0.5194891294410078f,0.7485760919674921f,-0.7847881044135365f,-0.8590513090269497f,-0.05240526307450211f,-0.5091998987246327f,1.0251838789877712f,0.30375313913074786f,-0.8528685319524434f,-0.42467552045473533f,2.003028877737327f,0f,0f,0f,1f], start_interpolation: 0, interpolation_duration: 1 }
$data merge entity $(bone_drillhead_right2) { transformation: [-0.5339188594341107f,-0.5194891294410078f,-0.6671294446606311f,-0.8132418051054564f,0.7991840679046649f,-0.05240526307450211f,-0.5987975567831287f,1.358777074277545f,0.276107727432483f,-0.8528685319524434f,0.44314759398800024f,1.9998623276114573f,0f,0f,0f,1f], start_interpolation: 0, interpolation_duration: 1 }
$data merge entity $(bone_drillhead_right3) { transformation: [0.8492694003579946f,-0.5194891294410078f,0.09419410813950096f,-0.5291438508748321f,-0.14169466087235166f,-0.05240526307450211f,0.9885222867909258f,1.165674758876277f,-0.5085903151809336f,-0.8528685319524434f,-0.11811502236990218f,1.8386813060000227f,0f,0f,0f,1f], start_interpolation: 0, interpolation_duration: 1 }
$data merge entity $(bone_drill_right) { transformation: [-0.6299065681177072f,-0.7941977949888639f,1.1444271841870668f,-1.0606695403437234f,-1.3133222944349914f,-0.08011745005014048f,-0.7784675633363365f,1.1427518513768649f,0.46437944443259094f,-1.3038700313534435f,-0.6492462359969352f,1.3707017624346958f,0f,0f,0f,1f], start_interpolation: 0, interpolation_duration: 1 }
$data merge entity $(bone_barrel3) { transformation: [-0.5493671169665044f,-0.9981014559566563f,-0.6926521725880104f,-0.9636463926023069f,-1.1454017453692664f,0.6789331982995099f,-0.06987368409933654f,0.6227678126846947f,0.40500418550766387f,0.5662340272729802f,-1.1371580426032577f,1.6306164462124186f,0f,0f,0f,1f], start_interpolation: 0, interpolation_duration: 1 }
$data merge entity $(bone_barrel4) { transformation: [-0.5493671169665044f,-0.9981014559566563f,-0.6926521725880104f,-1.2443624270901164f,-1.1454017453692664f,0.6789331982995099f,-0.06987368409933654f,0.8137177747064319f,0.40500418550766387f,0.5662340272729802f,-1.1371580426032577f,1.7898697663829444f,0f,0f,0f,1f], start_interpolation: 0, interpolation_duration: 1 }
$data merge entity $(bone_blaster_right) { transformation: [-0.7100326205133917f,-1.2900018410718703f,-0.8952221966298448f,-2.0473555568708375f,-1.4803809286873262f,0.877491031141442f,-0.09030863605366059f,-0.9280775938945016f,0.5234499377079237f,0.7318323536153668f,-1.4697263086765702f,2.0211962417527496f,0f,0f,0f,1f], start_interpolation: 0, interpolation_duration: 1 }
$data merge entity $(bone_rocket_right) { transformation: [-1.7249404577469374f,-1.197056419979071f,-0.9494280972699729f,-1.3987472541228403f,1.1733469927983013f,-0.12075720751178613f,-1.9795079940723008f,0.9246915625231782f,0.978577855354378f,-1.965261049197244f,0.6999369662970943f,0.6694384392202445f,0f,0f,0f,1f], start_interpolation: 0, interpolation_duration: 1 }
$data merge entity $(bone_sword_right) { transformation: [-1.9942428901791778f,-1.3839441494721012f,-1.0976554142570665f,-0.6315492895871132f,1.3565331415308592f,-0.13961015375152225f,-2.2885542080610644f,2.122348229559723f,1.1313561124749039f,-2.272082991100354f,0.8092130440460368f,0.953677569289306f,0f,0f,0f,1f], start_interpolation: 0, interpolation_duration: 1 }
$data merge entity $(bone_right_hand) { transformation: [-0.7485760919674922f,-0.5194891294410078f,-0.4120253377248785f,-1.3003951287864046f,0.5091998987246324f,-0.05240526307450211f,-0.8590513090269498f,1.1318848755557718f,0.4246755204547354f,-0.8528685319524434f,0.30375313913074775f,1.1830570141144783f,0f,0f,0f,1f], start_interpolation: 0, interpolation_duration: 1 }
$data merge entity $(bone_right_arm_low) { transformation: [-0.37686961114246353f,-0.5194891294410078f,-0.7668770048645036f,-1.8202948139330242f,0.9098437264664093f,-0.05240526307450211f,-0.4116285726377722f,1.0097509866821888f,0.17364817766693028f,-0.8528685319524434f,0.4924038765061035f,0.3347230921986676f,0f,0f,0f,1f], start_interpolation: 0, interpolation_duration: 1 }
$data merge entity $(bone_right_arm) { transformation: [-0.41707940024529944f,0.7953615593501608f,-0.6466967931984274f,-1f,1.0069187446586376f,0.4487587098727347f,-0.09747943630561207f,1.4375f,0.1921754252762887f,-0.6251300574724167f,-0.8927782455338159f,-0.30617375000000013f,0f,0f,0f,1f], start_interpolation: 0, interpolation_duration: 1 }