# This file was generated by Animated Java via MC-Build. It is not recommended to edit this file directly.
$data merge entity $(bone_barrel1) { transformation: [0.499430791755656f,-0.7897436316266251f,0.951131777583572f,0.8279498006822615f,-1.1130177663395158f,-0.7337265053656095f,-0.024792033283759007f,0.8450084396023914f,0.5380874592821238f,-0.7846834963263452f,-0.9340832267705853f,1.908130314343555f,0f,0f,0f,1f], start_interpolation: 0, interpolation_duration: 1 }
$data merge entity $(bone_barrel2) { transformation: [0.499430791755656f,-0.7897436316266251f,0.951131777583572f,0.6058344042872732f,-1.1130177663395158f,-0.7337265053656095f,-0.024792033283759007f,0.6386478599683136f,0.5380874592821238f,-0.7846834963263452f,-0.9340832267705853f,1.6874380810017704f,0f,0f,0f,1f], start_interpolation: 0, interpolation_duration: 1 }
$data merge entity $(bone_blaster_left) { transformation: [0.37457309381674203f,-0.5923077237199689f,0.713348833187679f,0.8482833511286518f,-0.8347633247546369f,-0.5502948790242072f,-0.018594024962819256f,0.7935616951511756f,0.40356559446159285f,-0.5885126222447589f,-0.700562420077939f,1.6173107847415293f,0f,0f,0f,1f], start_interpolation: 0, interpolation_duration: 1 }
$data merge entity $(bone_sword_left) { transformation: [-1.577936404196644f,1.900395770138914f,0.9978808262940024f,0.3386184610826952f,-1.4660121553063075f,-0.04953538121215687f,-2.2238498440403824f,2.0923582708648136f,-1.5678260704367792f,-1.8663321476046006f,1.075118249316082f,0.90849819881063f,0f,0f,0f,1f], start_interpolation: 0, interpolation_duration: 1 }
$data merge entity $(bone_rocket_left) { transformation: [-1.3648519730241908f,1.6437664467988828f,0.8631270632885724f,1.36759782824987f,-1.2680419675506183f,-0.04284612649920985f,-1.923541303233538f,1.0802175424938631f,-1.356106938089079f,-1.6143027736745035f,0.9299343496422068f,0.9785959866803426f,0f,0f,0f,1f], start_interpolation: 0, interpolation_duration: 1 }
$data merge entity $(bone_drillhead_left1) { transformation: [0.3745730938167421f,0.7133488331876788f,0.5923077237199691f,0.3165109819974426f,-0.834763324754637f,-0.018594024962819193f,0.5502948790242069f,0.9477962106843872f,0.40356559446159257f,-0.7005624200779392f,0.5885126222447589f,1.9981474209647074f,0f,0f,0f,1f], start_interpolation: 0, interpolation_duration: 1 }
$data merge entity $(bone_drillhead_left2) { transformation: [-0.6905639001066312f,0.7133488331876788f,0.11939406207720696f,0.07735623399489788f,-0.18895608124664082f,-0.018594024962819193f,-0.9818094833497969f,1.1257492383926881f,-0.6981526331894996f,-0.7005624200779392f,0.14763196247801186f,1.7499045542420273f,0f,0f,0f,1f], start_interpolation: 0, interpolation_duration: 1 }
$data merge entity $(bone_drillhead_left3) { transformation: [0.40387806567982787f,0.7133488331876788f,-0.5727267675362292f,0.30205648410428f,0.827856269905838f,-0.018594024962819193f,0.5606320171139662f,1.3346650858648452f,0.3892768994434593f,-0.7005624200779392f,-0.5980600230196196f,1.9731609983031877f,0f,0f,0f,1f], start_interpolation: 0, interpolation_duration: 1 }
$data merge entity $(bone_drill_left) { transformation: [0.5726493747646269f,1.0905715601501698f,0.9055232563565923f,0.5844178280426615f,-1.2761906925195647f,-0.0284266460807932f,0.8412937918161356f,1.162625793346494f,0.6169732667931861f,-1.0710236225282623f,0.8997212846644912f,1.52751428943484f,0f,0f,0f,1f], start_interpolation: 0, interpolation_duration: 1 }
$data merge entity $(bone_left_hand) { transformation: [-0.592307723719969f,0.7133488331876788f,0.3745730938167422f,0.9875125932924843f,-0.5502948790242072f,-0.018594024962819193f,-0.8347633247546369f,1.1416872627724375f,-0.5885126222447588f,-0.7005624200779392f,0.4035655944615927f,1.3036543470654627f,0f,0f,0f,1f], start_interpolation: 0, interpolation_duration: 1 }
$data merge entity $(bone_left_arm_low) { transformation: [-0.270343782428979f,0.7133488331876788f,0.6465660689301365f,1.7041701297324188f,-0.9295757481237583f,-0.018594024962819193f,-0.36816190831730167f,1.0534896939169678f,-0.25060560209649757f,-0.7005624200779392f,0.668138554322674f,0.6083084066790759f,0f,0f,0f,1f], start_interpolation: 0, interpolation_duration: 1 }
$data merge entity $(bone_left_arm) { transformation: [-0.2991878870087536f,-0.6844012030637815f,0.816611033507455f,1f,-1.028756057923366f,0.4063383044374028f,-0.036361162893129254f,1.4375f,-0.27734375797418165f,-0.7689318267088529f,-0.7460537945222003f,-0.18117374999999988f,0f,0f,0f,1f], start_interpolation: 0, interpolation_duration: 1 }
$data merge entity $(bone_drillhead_right1) { transformation: [-0.3732235896847509f,-0.7133178529165478f,0.593196251516608f,-0.294373809321133f,-0.8353675616575554f,-0.01974680442671379f,-0.5493369645720586f,1.0029452838050887f,0.4035655944615927f,-0.7005624200779395f,-0.5885126222447584f,1.9748887321875999f,0f,0f,0f,1f], start_interpolation: 0, interpolation_duration: 1 }
$data merge entity $(bone_drillhead_right2) { transformation: [-0.4052153911984312f,-0.7133178529165478f,-0.5718200131566127f,-0.3040351944664909f,0.827202503801572f,-0.01974680442671379f,-0.5615568372118208f,1.3376250632507083f,0.3892768994434588f,-0.7005624200779395f,0.5980600230196195f,1.9752923826685471f,0f,0f,0f,1f], start_interpolation: 0, interpolation_duration: 1 }
$data merge entity $(bone_drillhead_right3) { transformation: [0.690868359878792f,-0.7133178529165478f,0.11780725796365132f,-0.07890058224779817f,-0.18783985223843375f,-0.01974680442671379f,0.9820011474667311f,1.1292898098404733f,-0.6981526331894992f,-0.7005624200779395f,-0.14763196247801214f,1.751931011552827f,0f,0f,0f,1f], start_interpolation: 0, interpolation_duration: 1 }
$data merge entity $(bone_drill_right) { transformation: [-0.5705862455378247f,-1.0905241973438549f,0.9068816424649527f,-0.7086653493195831f,-1.2771144531696965f,-0.030189021569417353f,-0.839829327012988f,1.138269894749254f,0.6169732667931862f,-1.0710236225282626f,-0.8997212846644905f,1.4273303835816689f,0f,0f,0f,1f], start_interpolation: 0, interpolation_duration: 1 }
$data merge entity $(bone_barrel3) { transformation: [0.4976314529130008f,0.7909283353554774f,-0.9510904705553973f,-0.8356108909188901f,1.1138234155434072f,-0.7324492860960778f,-0.0263290725689518f,0.8276894985364153f,-0.5380874592821236f,-0.7846834963263448f,-0.9340832267705856f,1.8704777143779645f,0f,0f,0f,1f], start_interpolation: 0, interpolation_duration: 1 }
$data merge entity $(bone_barrel4) { transformation: [0.4976314529130008f,0.7909283353554774f,-0.9510904705553973f,-0.6207292615486324f,1.1138234155434072f,-0.7324492860960778f,-0.0263290725689518f,0.6214786602521842f,-0.5380874592821236f,-0.7846834963263448f,-0.9340832267705856f,1.6423538273136908f,0f,0f,0f,1f], start_interpolation: 0, interpolation_duration: 1 }
$data merge entity $(bone_blaster_right) { transformation: [0.3732235896847506f,0.593196251516608f,-0.713317852916548f,-1.0172595785174752f,0.8353675616575555f,-0.5493369645720584f,-0.01974680442671385f,0.6928773438149289f,-0.40356559446159274f,-0.5885126222447586f,-0.7005624200779392f,1.494780979325922f,0f,0f,0f,1f], start_interpolation: 0, interpolation_duration: 1 }
$data merge entity $(bone_rocket_right) { transformation: [-1.3668994035535673f,-1.6436950591021087f,-0.8600174071024519f,-1.2187209008675401f,1.2658346496689732f,-0.04550247093428963f,-1.9249336435595144f,0.9422897132950864f,1.3561069380890785f,-1.614302773674504f,0.9299343496422064f,0.8314678311191526f,0f,0f,0f,1f], start_interpolation: 0, interpolation_duration: 1 }
$data merge entity $(bone_sword_right) { transformation: [-1.580303485192401f,-1.9003132371992413f,-0.9942856820603443f,-0.33967760508468503f,1.4634602249065847f,-0.052606441421646166f,-2.2254595603545417f,2.0934262380130697f,1.5678260704367788f,-1.8663321476046013f,1.0751182493160816f,0.90849819881063f,0f,0f,0f,1f], start_interpolation: 0, interpolation_duration: 1 }
$data merge entity $(bone_right_hand) { transformation: [-0.5931962515166082f,-0.7133178529165478f,-0.3732235896847508f,-0.9870345629331213f,0.5493369645720584f,-0.01974680442671379f,-0.8353675616575555f,1.141707829255055f,0.5885126222447585f,-0.7005624200779395f,0.40356559446159257f,1.3036543470654625f,0f,0f,0f,1f], start_interpolation: 0, interpolation_duration: 1 }
$data merge entity $(bone_right_arm_low) { transformation: [-0.27184566556087214f,-0.7133178529165478f,-0.6459702584688344f,-1.7035486323292657f,0.9291376465915147f,-0.01974680442671379f,-0.369206307369355f,1.0523522248110793f,0.25060560209649746f,-0.7005624200779395f,0.6681385543226738f,0.6083084066790754f,0f,0f,0f,1f], start_interpolation: 0, interpolation_duration: 1 }
$data merge entity $(bone_right_arm) { transformation: [-0.30085001230983477f,0.6837436484270466f,-0.8165512059037521f,-1f,1.0282712135132241f,0.40744379691423255f,-0.03768079550888924f,1.4375f,0.27734375797418154f,-0.7689318267088525f,-0.7460537945222006f,-0.1811737500000001f,0f,0f,0f,1f], start_interpolation: 0, interpolation_duration: 1 }