# This file was generated by Animated Java via MC-Build. It is not recommended to edit this file directly.
$data merge entity $(bone_barrel1) { transformation: [0.3116227986694978f,-0.382891811763061f,1.2385729165503205f,0.13540912983218611f,-1.131965899976295f,-0.7012890748137759f,0.06800450437634002f,0.7015151422534104f,0.6319194651362019f,-1.0674105451087765f,-0.48896860384930463f,1.6141111833787964f,0f,0f,0f,1f], start_interpolation: 0, interpolation_duration: 1 }
$data merge entity $(bone_barrel2) { transformation: [0.3116227986694978f,-0.382891811763061f,1.2385729165503205f,0.027720807773825212f,-1.131965899976295f,-0.7012890748137759f,0.06800450437634002f,0.5042775899620359f,0.6319194651362019f,-1.0674105451087765f,-0.48896860384930463f,1.313901967566953f,0f,0f,0f,1f], start_interpolation: 0, interpolation_duration: 1 }
$data merge entity $(bone_blaster_left) { transformation: [0.2337170990021234f,-0.28716885882229576f,0.9289296874127404f,0.26959582056599585f,-0.8489744249822213f,-0.525966806110332f,0.05100337828225502f,0.6708329204300958f,0.4739395988521514f,-0.8005579088315825f,-0.36672645288697847f,1.3520257910345799f,0f,0f,0f,1f], start_interpolation: 0, interpolation_duration: 1 }
$data merge entity $(bone_sword_left) { transformation: [-0.765031719730773f,2.474713585535765f,0.6226336480681091f,0.0046063931224497034f,-1.4012009932068865f,0.13587546490721122f,-2.2617089019165117f,1.9994953727345233f,-2.132724962759596f,-0.976976995602801f,1.2625979984227425f,0.5687743509563608f,0f,0f,0f,1f], start_interpolation: 0, interpolation_duration: 1 }
$data merge entity $(bone_rocket_left) { transformation: [-0.6617218851936137f,2.1405284211107767f,0.5385532400272229f,0.9794069120258385f,-1.2119829006388434f,0.11752685081031661f,-1.9562878763537515f,1.016165581692497f,-1.8447219200968665f,-0.8450460845578894f,1.092096845411851f,0.9822565904083033f,0f,0f,0f,1f], start_interpolation: 0, interpolation_duration: 1 }
$data merge entity $(bone_drillhead_left1) { transformation: [0.23371709900212354f,0.9289296874127403f,0.28716885882229604f,-0.3757245798471543f,-0.8489744249822214f,0.05100337828225509f,0.5259668061103318f,0.7825197160577118f,0.4739395988521512f,-0.36672645288697875f,0.8005579088315825f,1.5026721395997382f,0f,0f,0f,1f], start_interpolation: 0, interpolation_duration: 1 }
$data merge entity $(bone_drillhead_left2) { transformation: [-0.3547490926890868f,0.9289296874127403f,0.10603167960349387f,-0.5093044220923083f,-0.16104152000329297f,0.05100337828225509f,-0.9856288775390187f,0.969898497735377f,-0.9209878989820108f,-0.36672645288697875f,0.13150284666742362f,1.1903703426722152f,0f,0f,0f,1f], start_interpolation: 0, interpolation_duration: 1 }
$data merge entity $(bone_drillhead_left3) { transformation: [0.17586976939199844f,0.9289296874127403f,-0.3258212087284582f,-0.400369658718279f,0.8108184138880429f,0.05100337828225509f,0.5830713121942079f,1.169584996613667f,0.5582502341370608f,-0.36672645288697875f,-0.7442233433848009f,1.4940774269383503f,0f,0f,0f,1f], start_interpolation: 0, interpolation_duration: 1 }
$data merge entity $(bone_drill_left) { transformation: [0.35730796692206607f,1.4201527378190708f,0.4390253068655115f,0.04149919458281759f,-1.2979166995242888f,0.07797424098621061f,0.8041009021683416f,1.037142193813677f,0.7245614258979959f,-0.5606533876085663f,1.223897267377063f,1.1856341480118182f,0f,0f,0f,1f], start_interpolation: 0, interpolation_duration: 1 }
$data merge entity $(bone_left_hand) { transformation: [-0.287168858822296f,0.9289296874127403f,0.2337170990021236f,0.5003347496318357f,-0.525966806110332f,0.05100337828225509f,-0.8489744249822213f,1.0437247941127583f,-0.8005579088315824f,-0.36672645288697875f,0.47393959885215137f,1.1359985919235331f,0f,0f,0f,1f], start_interpolation: 0, interpolation_duration: 1 }
$data merge entity $(bone_left_arm_low) { transformation: [-0.10118033700047797f,0.9289296874127403f,0.35616313010717143f,1.434070763797895f,-0.9177985096879113f,0.05100337828225509f,-0.39375696948555206f,1.0250608602430955f,-0.3839380614358498f,-0.36672645288697875f,0.8474097437095092f,0.7717575646877359f,0f,0f,0f,1f], start_interpolation: 0, interpolation_duration: 1 }
$data merge entity $(bone_left_arm) { transformation: [-0.11197568873979648f,-0.4238971928378279f,1.016142014469181f,1f,-1.0157222568469717f,0.43394249831151294f,0.0690954675712148f,1.4375f,-0.4249020129523633f,-0.9256225238170255f,-0.4329586600654358f,-0.18117374999999988f,0f,0f,0f,1f], start_interpolation: 0, interpolation_duration: 1 }
$data merge entity $(bone_drillhead_right1) { transformation: [-0.23097192025358487f,-0.9290896827085995f,0.2888673286109133f,0.3913059967970416f,-0.8497253842826124f,0.048000731633676165f,-0.5250359045516776f,0.8418297405780238f,0.4739395988521514f,-0.3667264528869791f,-0.8005579088315823f,1.4757227766922045f,0f,0f,0f,1f], start_interpolation: 0, interpolation_duration: 1 }
$data merge entity $(bone_drillhead_right2) { transformation: [-0.17848948529223718f,-0.9290896827085995f,-0.32393497051807485f,0.40017781833552946f,0.8102457526738596f,0.048000731633676165f,-0.5841213487252478f,1.1758567356015466f,0.5582502341370605f,-0.3667264528869791f,0.7442233433848011f,1.4969670098991488f,0f,0f,0f,1f], start_interpolation: 0, interpolation_duration: 1 }
$data merge entity $(bone_drillhead_right3) { transformation: [0.35526773973743253f,-0.9290896827085995f,0.10284548889615759f,0.5098174692740912f,-0.15989409942382948f,0.048000731633676165f,0.9859664328627392f,0.9767442948040114f,-0.9209878989820108f,-0.3667264528869791f,-0.1315028466674239f,1.1931367013373122f,0f,0f,0f,1f], start_interpolation: 0, interpolation_duration: 1 }
$data merge entity $(bone_drill_right) { transformation: [-0.3531111227815819f,-1.4203973394940217f,0.4416219366783942f,-0.19511798285037918f,-1.2990647701704225f,0.07338377852552713f,-0.8026777348230877f,1.0256100590006714f,0.7245614258979962f,-0.5606533876085668f,-1.2238972673770625f,1.1409062803475907f,0f,0f,0f,1f], start_interpolation: 0, interpolation_duration: 1 }
$data merge entity $(bone_barrel3) { transformation: [0.3079625603381128f,0.38515643814788414f,-1.238786243611466f,-0.15648890809090688f,1.1329671790434832f,-0.7000478727355698f,0.06400097551156812f,0.6895528280108523f,-0.6319194651362017f,-1.0674105451087765f,-0.4889686038493051f,1.5819598393608123f,0f,0f,0f,1f], start_interpolation: 0, interpolation_duration: 1 }
$data merge entity $(bone_barrel4) { transformation: [0.3079625603381128f,0.38515643814788414f,-1.238786243611466f,-0.0580195593521976f,1.1329671790434832f,-0.7000478727355698f,0.06400097551156812f,0.4931735615652348f,-0.6319194651362017f,-1.0674105451087765f,-0.4889686038493051f,1.2778603434959372f,0f,0f,0f,1f], start_interpolation: 0, interpolation_duration: 1 }
$data merge entity $(bone_blaster_right) { transformation: [0.23097192025358462f,0.28886732861091313f,-0.9290896827085996f,-0.4763981997329433f,0.8497253842826125f,-0.5250359045516774f,0.048000731633676096f,0.5856711148961522f,-0.4739395988521513f,-0.8005579088315825f,-0.3667264528869788f,1.3005611288144618f,0f,0f,0f,1f], start_interpolation: 0, interpolation_duration: 1 }
$data merge entity $(bone_rocket_right) { transformation: [-0.6656356613428716f,-2.1408970975377133f,-0.5322275372190344f,-0.9058283985371594f,1.2098378284438676f,0.11060786590012667f,-1.958018308427746f,0.8849753648921462f,1.8447219200968665f,-0.8450460845578902f,1.0920968454118507f,0.7821171132004074f,0f,0f,0f,1f], start_interpolation: 0, interpolation_duration: 1 }
$data merge entity $(bone_sword_right) { transformation: [-0.7695565253403561f,-2.47513982073704f,-0.6153203591983623f,-0.006428009404867874f,1.3987210264610552f,0.1278762691074756f,-2.2637094937891202f,2.0027096346423527f,2.132724962759596f,-0.9769769956028019f,1.2625979984227422f,0.568774350956361f,0f,0f,0f,1f], start_interpolation: 0, interpolation_duration: 1 }
$data merge entity $(bone_right_hand) { transformation: [-0.28886732861091335f,-0.9290896827085995f,-0.23097192025358482f,-0.49906464431973896f,0.5250359045516774f,0.048000731633676165f,-0.8497253842826125f,1.0453418117308908f,0.8005579088315824f,-0.3667264528869791f,0.47393959885215126f,1.1359985919235331f,0f,0f,0f,1f], start_interpolation: 0, interpolation_duration: 1 }
$data merge entity $(bone_right_arm_low) { transformation: [-0.10414621184372046f,-0.9290896827085995f,-0.35488861357197227f,-1.43273545796223f,0.9174666923324706f,0.048000731633676165f,-0.3949060625302521f,1.0236600606397173f,0.3839380614358498f,-0.3667264528869791f,0.8474097437095091f,0.7717575646877355f,0f,0f,0f,1f], start_interpolation: 0, interpolation_duration: 1 }
$data merge entity $(bone_right_arm) { transformation: [-0.11525800512787635f,0.4224924394456732f,-1.016360029418323f,-1f,1.0153550365153066f,0.43531030374650265f,0.06581084871930797f,1.4375f,0.4249020129523633f,-0.9256225238170253f,-0.4329586600654362f,-0.1811737500000001f,0f,0f,0f,1f], start_interpolation: 0, interpolation_duration: 1 }