# This file was generated by Animated Java via MC-Build. It is not recommended to edit this file directly.
$data merge entity $(bone_barrel1) { transformation: [0.2584224521085207f,-0.4979780737911379f,1.2095509299104623f,0.08108757680358086f,-1.1775741065849712f,-0.6253499460004006f,-0.005869098370258963f,0.6969989598511025f,0.5694864682541662f,-1.067114361649369f,-0.5610079138611441f,1.6816528895621825f,0f,0f,0f,1f], start_interpolation: 0, interpolation_duration: 1 }
$data merge entity $(bone_barrel2) { transformation: [0.2584224521085207f,-0.4979780737911379f,1.2095509299104623f,-0.058968756450176685f,-1.1775741065849712f,-0.6253499460004006f,-0.005869098370258963f,0.5211192875384899f,0.5694864682541662f,-1.067114361649369f,-0.5610079138611441f,1.3815269753482975f,0f,0f,0f,1f], start_interpolation: 0, interpolation_duration: 1 }
$data merge entity $(bone_blaster_left) { transformation: [0.19381683908139055f,-0.3734835553433534f,0.9071631974328468f,0.1969915786733445f,-0.8831805799387284f,-0.4690124595003005f,-0.004401823777694222f,0.6671313205114839f,0.42711485119062464f,-0.8003357712370268f,-0.42075593539585815f,1.4108939450059954f,0f,0f,0f,1f], start_interpolation: 0, interpolation_duration: 1 }
$data merge entity $(bone_sword_left) { transformation: [-0.9949782431398692f,2.416726604182313f,0.5163374271267139f,-0.008448306891242707f,-1.2494718610443432f,-0.011726671298593087f,-2.3528357520181364f,2.043408863820595f,-2.132133177471049f,-1.1209141484314444f,1.137854607456298f,0.6948627275249947f,0f,0f,0f,1f], start_interpolation: 0, interpolation_duration: 1 }
$data merge entity $(bone_rocket_left) { transformation: [-0.8606164447780612f,2.090371998013187f,0.44661125396806955f,0.9089073491570304f,-1.0807432607861032f,-0.010143102355914937f,-2.0351089624418206f,0.9726967470763896f,-1.8442100494558624f,-0.9695459734679727f,0.9841987939888215f,1.0113674752313282f,0f,0f,0f,1f], start_interpolation: 0, interpolation_duration: 1 }
$data merge entity $(bone_drillhead_left1) { transformation: [0.19381683908139066f,0.9071631974328467f,0.3734835553433537f,-0.4277652308776119f,-0.8831805799387286f,-0.0044018237776941305f,0.4690124595003003f,0.821076791920516f,0.42711485119062437f,-0.4207559353958584f,0.8003357712370268f,1.6047660745020358f,0f,0f,0f,1f], start_interpolation: 0, interpolation_duration: 1 }
$data merge entity $(bone_drillhead_left2) { transformation: [-0.4192243057410898f,0.9071631974328467f,0.036137441792618935f,-0.564230651016308f,-0.09533243609596304f,-0.0044018237776941305f,-0.9954357591404074f,1.0308390316880405f,-0.9028636154502573f,-0.4207559353958584f,0.08832742906507512f,1.3083478120493202f,0f,0f,0f,1f], start_interpolation: 0, interpolation_duration: 1 }
$data merge entity $(bone_drillhead_left3) { transformation: [0.27088331928145204f,0.9071631974328467f,-0.32198937957404206f,-0.42253891269368554f,0.7712895875542496f,-0.0044018237776941305f,0.6364691634932721f,1.2089188641240982f,0.5759640609147919f,-0.4207559353958584f,-0.7008779090281687f,1.611976694255413f,0f,0f,0f,1f], start_interpolation: 0, interpolation_duration: 1 }
$data merge entity $(bone_drill_left) { transformation: [0.2963082334288417f,1.3868760100359887f,0.5709836824448439f,-0.011067326356950014f,-1.3502112545051363f,-0.006729532034550916f,0.7170287885682147f,1.0562669957955702f,0.6529754980390038f,-0.6432539531278384f,1.2235576622192608f,1.2723961050288886f,0f,0f,0f,1f], start_interpolation: 0, interpolation_duration: 1 }
$data merge entity $(bone_left_hand) { transformation: [-0.37348355534335365f,0.9071631974328467f,0.19381683908139075f,0.44321219799802014f,-0.4690124595003005f,-0.0044018237776941305f,-0.8831805799387284f,1.0300964452114072f,-0.8003357712370267f,-0.4207559353958584f,0.42711485119062453f,1.1950507647298434f,0f,0f,0f,1f], start_interpolation: 0, interpolation_duration: 1 }
$data merge entity $(bone_left_arm_low) { transformation: [-0.19477104600270073f,0.9071631974328467f,0.37298682666071126f,1.3498580433888452f,-0.8907640846923852f,-0.0044018237776941305f,-0.4544446824087251f,0.9558204698151664f,-0.41061366886789163f,-0.4207559353958584f,0.8089257430493885f,0.7739104045000351f,0f,0f,0f,1f], start_interpolation: 0, interpolation_duration: 1 }
$data merge entity $(bone_left_arm) { transformation: [-0.2155519804467539f,-0.3381776501252332f,1.031477192775141f,1f,-0.9858034164052354f,0.5012251404630752f,-0.04167686775135814f,1.4375f,-0.454423752089694f,-0.9269202846294678f,-0.3988606498680689f,-0.18117374999999988f,0f,0f,0f,1f], start_interpolation: 0, interpolation_duration: 1 }
$data merge entity $(bone_drillhead_right1) { transformation: [-0.19763491158421187f,-0.9071737508237625f,0.3714515143857227f,0.43619821817322424f,-0.8823340329010954f,-0.000478168905278388f,-0.47062344367762515f,0.8716238466816502f,0.4271148511906248f,-0.42075593539585865f,-0.8003357712370268f,1.580742516939126f,0f,0f,0f,1f], start_interpolation: 0, interpolation_duration: 1 }
$data merge entity $(bone_drillhead_right2) { transformation: [-0.2675448451410738f,-0.9071737508237625f,-0.32473919020467007f,0.42019911508483043f,0.7724539833368596f,-0.000478168905278388f,-0.6350705590574302f,1.2043160868909522f,0.5759640609147917f,-0.42075593539585865f,0.700877909028169f,1.6148594052979632f,0f,0f,0f,1f], start_interpolation: 0, interpolation_duration: 1 }
$data merge entity $(bone_drillhead_right3) { transformation: [0.4188080577815083f,-0.9071737508237625f,0.040442509239992264f,0.5611706918138201f,-0.09714475093061298f,-0.000478168905278388f,0.9952701486134945f,1.0258544894496682f,-0.9028636154502575f,-0.42075593539585865f,-0.08832742906507551f,1.3111194732305607f,0f,0f,0f,1f], start_interpolation: 0, interpolation_duration: 1 }
$data merge entity $(bone_drill_right) { transformation: [-0.30214532335238087f,-1.386892144117185f,0.5678770872219292f,-0.1412038112920494f,-1.3489170488085396f,-0.0007310272124711699f,-0.7194916699046733f,1.0285776209444792f,0.6529754980390045f,-0.6432539531278387f,-1.2235576622192608f,1.2177786279865646f,0f,0f,0f,1f], start_interpolation: 0, interpolation_duration: 1 }
$data merge entity $(bone_barrel3) { transformation: [0.26351321544561546f,0.49526868584763006f,-1.20956500109835f,-0.1047356580405342f,1.1764453772014605f,-0.6274979249034999f,-0.0006375585403713058f,0.6780420164271137f,-0.5694864682541663f,-1.0671143616493692f,-0.5610079138611445f,1.6476039106301243f,0f,0f,0f,1f], start_interpolation: 0, interpolation_duration: 1 }
$data merge entity $(bone_barrel4) { transformation: [0.26351321544561546f,0.49526868584763006f,-1.20956500109835f,0.024935247308654485f,1.1764453772014605f,-0.6274979249034999f,-0.0006375585403713058f,0.5015531525724861f,-0.5694864682541663f,-1.0671143616493692f,-0.5610079138611445f,1.343014564859068f,0f,0f,0f,1f], start_interpolation: 0, interpolation_duration: 1 }
$data merge entity $(bone_blaster_right) { transformation: [0.1976349115842116f,0.37145151438572255f,-0.9071737508237626f,-0.39954190512515253f,0.8823340329010955f,-0.47062344367762493f,-0.0004781689052784794f,0.5642483487858136f,-0.42711485119062476f,-0.800335771237027f,-0.42075593539585837f,1.3435333968009675f,0f,0f,0f,1f], start_interpolation: 0, interpolation_duration: 1 }
$data merge entity $(bone_rocket_right) { transformation: [-0.8559340221129134f,-2.090396316143505f,-0.4554092209368211f,-0.8180556647428435f,1.0844554442422343f,-0.001101842416825507f,-2.0331582679830102f,0.8546512446323102f,1.844210049455863f,-0.9695459734679732f,0.9841987939888217f,0.8112835324220716f,0f,0f,0f,1f], start_interpolation: 0, interpolation_duration: 1 }
$data merge entity $(bone_sword_right) { transformation: [-0.9895647878134275f,-2.416754718925793f,-0.5265089568144001f,0.011059518963127624f,1.2537636007569706f,-0.0012738650751587142f,-2.350580509793442f,2.0390415098247407f,2.13213317747105f,-1.120914148431445f,1.1378546074562983f,0.6948627275249948f,0f,0f,0f,1f], start_interpolation: 0, interpolation_duration: 1 }
$data merge entity $(bone_right_hand) { transformation: [-0.37145151438572277f,-0.9071737508237625f,-0.1976349115842118f,-0.44497948595337977f,0.47062344367762493f,-0.000478168905278388f,-0.8823340329010955f,1.0276920670606742f,0.8003357712370269f,-0.42075593539585865f,0.42711485119062464f,1.1950507647298436f,0f,0f,0f,1f], start_interpolation: 0, interpolation_duration: 1 }
$data merge entity $(bone_right_arm_low) { transformation: [-0.19091653907828038f,-0.9071737508237625f,-0.3749488777456434f,-1.3519381055143012f,0.8915981662415087f,-0.000478168905278388f,-0.4528272091088135f,0.9573381624806511f,0.41061366886789163f,-0.42075593539585865f,0.8089257430493887f,0.7739104045000351f,0f,0f,0f,1f], start_interpolation: 0, interpolation_duration: 1 }
$data merge entity $(bone_right_arm) { transformation: [-0.21128622011812162f,0.3403423591304032f,-1.0316478034211949f,-1f,0.9867264895901746f,0.49975778438960383f,-0.03721518798922414f,1.4375f,0.454423752089694f,-0.9269202846294681f,-0.39886064986806913f,-0.1811737500000001f,0f,0f,0f,1f], start_interpolation: 0, interpolation_duration: 1 }