# This file was generated by Animated Java via MC-Build. It is not recommended to edit this file directly.
$data merge entity $(bone_barrel1) { transformation: [0.289868493264026f,-0.6393436019722328f,1.1335756670852595f,0.2363341675255557f,-1.1875506568343441f,-0.6050526773291793f,-0.03758288023670215f,0.7180034783247307f,0.5324260247611283f,-1.001463326363846f,-0.7009789667908013f,1.6773034574754204f,0f,0f,0f,1f], start_interpolation: 0, interpolation_duration: 1 }
$data merge entity $(bone_barrel2) { transformation: [0.289868493264026f,-0.6393436019722328f,1.1335756670852595f,0.056518779470865144f,-1.1875506568343441f,-0.6050526773291793f,-0.03758288023670215f,0.5478324128258989f,0.5324260247611283f,-1.001463326363846f,-0.7009789667908013f,1.3956418969355886f,0f,0f,0f,1f], start_interpolation: 0, interpolation_duration: 1 }
$data merge entity $(bone_blaster_left) { transformation: [0.2174013699480195f,-0.47950770147917476f,0.8501817503139447f,0.31830155511694525f,-0.8906629926257583f,-0.4537895079968846f,-0.02818716017752662f,0.6862750238792007f,0.39931951857084635f,-0.7510974947728847f,-0.5257342250931011f,1.3946183462009336f,0f,0f,0f,1f], start_interpolation: 0, interpolation_duration: 1 }
$data merge entity $(bone_sword_left) { transformation: [-1.2774316929460936f,2.2649252749542805f,0.5791677572744054f,0.06938422471074612f,-1.2089171824632539f,-0.07509195709233925f,-2.3727692610663307f,2.0717102049855214f,-2.000960029120545f,-1.4005813861355685f,1.0638064979161321f,0.7107648174526894f,0f,0f,0f,1f], start_interpolation: 0, interpolation_duration: 1 }
$data merge entity $(bone_rocket_left) { transformation: [-1.104927398774831f,1.959069910582067f,0.5009569803482762f,0.9862637569279475f,-1.045665083408643f,-0.06495154400592355f,-2.052350651702152f,0.973414930579954f,-1.7307505146749735f,-1.2114469652668354f,0.9201501364283409f,0.9137931543094713f,0f,0f,0f,1f], start_interpolation: 0, interpolation_duration: 1 }
$data merge entity $(bone_drillhead_left1) { transformation: [0.2174013699480196f,0.8501817503139446f,0.479507701479175f,-0.27421647202953225f,-0.8906629926257584f,-0.028187160177526524f,0.4537895079968844f,0.8570520105072201f,0.3993195185708461f,-0.5257342250931014f,0.7510974947728847f,1.6617593018548134f,0f,0f,0f,1f], start_interpolation: 0, interpolation_duration: 1 }
$data merge entity $(bone_drillhead_left2) { transformation: [-0.5262032535307227f,0.8501817503139446f,0.01735302298734412f,-0.4387863887113058f,-0.07840486740810049f,-0.028187160177526524f,-0.9965230357437026f,1.0722352695091406f,-0.846736566318238f,-0.5257342250931014f,0.08149056279935774f,1.38409097090929f,0f,0f,0f,1f], start_interpolation: 0, interpolation_duration: 1 }
$data merge entity $(bone_drillhead_left3) { transformation: [0.359811448625561f,0.8501817503139446f,-0.3843523290824352f,-0.25686725171700675f,0.7600888096052764f,-0.028187160177526524f,0.6492075827606764f,1.2445397827969447f,0.5411106383641049f,-0.5257342250931014f,-0.656355697480373f,1.6690401871478413f,0f,0f,0f,1f], start_interpolation: 0, interpolation_duration: 1 }
$data merge entity $(bone_drill_left) { transformation: [0.33236439196728623f,1.2997624650311062f,0.7330739713547457f,0.10668236858531432f,-1.361650407550803f,-0.04309268315985351f,0.6937558578521386f,1.081962562185917f,0.610481842971835f,-0.8037453310493861f,1.1482819184535495f,1.2826119832567109f,0f,0f,0f,1f], start_interpolation: 0, interpolation_duration: 1 }
$data merge entity $(bone_left_hand) { transformation: [-0.47950770147917493f,0.8501817503139446f,0.2174013699480197f,0.547585296149224f,-0.4537895079968846f,-0.028187160177526524f,-0.8906629926257583f,1.0431749477078271f,-0.7510974947728846f,-0.5257342250931014f,0.39931951857084624f,1.1517027969453442f,0f,0f,0f,1f], start_interpolation: 0, interpolation_duration: 1 }
$data merge entity $(bone_left_arm_low) { transformation: [-0.26809341088636124f,0.8501817503139446f,0.4531190952414541f,1.3951711800090665f,-0.8825859084525843f,-0.028187160177526524f,-0.46930544233159355f,0.9451603731791518f,-0.38622278187626746f,-0.5257342250931014f,0.7579152243658344f,0.6255144987464085f,0f,0f,0f,1f], start_interpolation: 0, interpolation_duration: 1 }
$data merge entity $(bone_left_arm) { transformation: [-0.29669741394970583f,-0.3804994182799012f,0.9959733007356378f,1f,-0.9767526764666759f,0.5114603681431644f,-0.09557447027356061f,1.4375f,-0.42743049973623765f,-0.904654886153578f,-0.4729425793769416f,-0.3061737499999999f,0f,0f,0f,1f], start_interpolation: 0, interpolation_duration: 1 }
$data merge entity $(bone_drillhead_right1) { transformation: [-0.22385379865379929f,-0.8503637837919833f,0.4762046955283472f,0.28237571065418104f,-0.8890632142410413f,-0.022021802395294013f,-0.4572544601233005f,0.9049205401381255f,0.39931951857084663f,-0.5257342250931017f,-0.7510974947728847f,1.6393086198329412f,0f,0f,0f,1f], start_interpolation: 0, interpolation_duration: 1 }
$data merge entity $(bone_drillhead_right2) { transformation: [-0.3542906314676095f,-0.8503637837919833f,-0.3890495902443083f,0.25372377365363236f,0.7626777992727166f,-0.022021802395294013f,-0.6464036004817645f,1.2369310596561163f,0.5411106383641047f,-0.5257342250931017f,0.6563556974803736f,1.6717453505855417f,0f,0f,0f,1f], start_interpolation: 0, interpolation_duration: 1 }
$data merge entity $(bone_drillhead_right3) { transformation: [0.5256209115012087f,-0.8503637837919833f,0.02457829545798737f,0.43444696059808047f,-0.08221827444211482f,-0.022021802395294013f,0.996371013010226f,1.0635431476844068f,-0.8467365663182382f,-0.5257342250931017f,-0.08149056279935829f,1.3866923112721619f,0f,0f,0f,1f], start_interpolation: 0, interpolation_duration: 1 }
$data merge entity $(bone_drill_right) { transformation: [-0.3422288999233377f,-1.3000407587983462f,0.728024317965838f,-0.2516684846118063f,-1.359204657690781f,-0.03366705078668846f,-0.6990530954314942f,1.0485371097507594f,0.6104818429718359f,-0.8037453310493865f,-1.1482819184535495f,1.2104246564991101f,0f,0f,0f,1f], start_interpolation: 0, interpolation_duration: 1 }
$data merge entity $(bone_barrel3) { transformation: [-0.2984717315383986f,-0.6349395940377965f,-1.1338183783893108f,-0.0440853459863817f,-1.1854176189880552f,0.6096726134977337f,-0.029362403193725746f,0.5183315787543823f,0.5324260247611288f,1.0014633263638462f,-0.7009789667908024f,1.3625557512654778f,0f,0f,0f,1f], start_interpolation: 0, interpolation_duration: 1 }
$data merge entity $(bone_barrel4) { transformation: [-0.2984717315383986f,-0.6349395940377965f,-1.1338183783893108f,-0.22266210680951193f,-1.1854176189880552f,0.6096726134977337f,-0.029362403193725746f,0.6898020013006199f,0.5324260247611288f,1.0014633263638462f,-0.7009789667908024f,1.6442173118053096f,0f,0f,0f,1f], start_interpolation: 0, interpolation_duration: 1 }
$data merge entity $(bone_blaster_right) { transformation: [-0.38576146833029323f,-0.8206312498493666f,-1.4654099408776433f,-0.8226548574522072f,-1.5320996696352187f,0.7879747987235969f,-0.037949603171248805f,-1.0897409320681672f,0.6881370105989102f,1.2943469093901638f,-0.9059842086354608f,2.097424392768466f,0f,0f,0f,1f], start_interpolation: 0, interpolation_duration: 1 }
$data merge entity $(bone_rocket_right) { transformation: [-1.0973162973011161f,-1.9594893694911915f,-0.5158252822413723f,-0.8705779971027101f,1.053649356712512f,-0.05074473832621502f,-2.0486642897025664f,0.8590139149347268f,1.730750514674974f,-1.211446965266836f,0.9201501364283414f,0.7260187806162507f,0f,0f,0f,1f], start_interpolation: 0, interpolation_duration: 1 }
$data merge entity $(bone_sword_right) { transformation: [-1.2686323254478011f,-2.2654102209380604f,-0.5963573392139894f,-0.06481006903160613f,1.2181479824007113f,-0.05866714596817903f,-2.368507374126823f,2.0649456935387533f,2.000960029120546f,-1.4005813861355694f,1.0638064979161326f,0.7107648174526898f,0f,0f,0f,1f], start_interpolation: 0, interpolation_duration: 1 }
$data merge entity $(bone_right_hand) { transformation: [-0.47620469552834727f,-0.8503637837919833f,-0.22385379865379917f,-0.5504564166729428f,0.4572544601233003f,-0.022021802395294013f,-0.8890632142410414f,1.039904882053264f,0.7510974947728848f,-0.5257342250931017f,0.39931951857084647f,1.1517027969453448f,0f,0f,0f,1f], start_interpolation: 0, interpolation_duration: 1 }
$data merge entity $(bone_right_arm_low) { transformation: [-0.26168678574657184f,-0.8503637837919833f,-0.45651008902390033f,-1.3987307166377623f,0.8845066358854439f,-0.022021802395294013f,-0.46600756570454693f,0.9480386784868626f,0.3862227818762674f,-0.5257342250931017f,0.7579152243658347f,0.6255144987464087f,0f,0f,0f,1f], start_interpolation: 0, interpolation_duration: 1 }
$data merge entity $(bone_right_arm) { transformation: [-0.2896072392794809f,0.3841979839523088f,-0.996640122921974f,-1f,0.9788783343123781f,0.5086879442442745f,-0.08835021521414672f,1.4375f,0.4274304997362376f,-0.9046548861535784f,-0.47294257937694184f,-0.30617375000000013f,0f,0f,0f,1f], start_interpolation: 0, interpolation_duration: 1 }