# This file was generated by Animated Java via MC-Build. It is not recommended to edit this file directly.
$data merge entity $(bone_barrel1) { transformation: [0.42241998871773606f,-1.216142330401213f,-0.3468961849253925f,2.293644478431446f,-1.026460696277455f,-0.5433484225647007f,0.6549264908917872f,-0.4821049440582627f,-0.7387269928106637f,0.05956594396579192f,-1.1083826533242724f,0.6780924862242657f,0f,0f,0f,1f], start_interpolation: 0, interpolation_duration: 1 }
$data merge entity $(bone_barrel2) { transformation: [0.42241998871773606f,-1.216142330401213f,-0.3468961849253925f,1.9516044480061046f,-1.026460696277455f,-0.5433484225647007f,0.6549264908917872f,-0.6349216879045848f,-0.7387269928106637f,0.05956594396579192f,-1.1083826533242724f,0.6948454079646447f,0f,0f,0f,1f], start_interpolation: 0, interpolation_duration: 1 }
$data merge entity $(bone_blaster_left) { transformation: [0.3168149915383021f,-0.91210674780091f,-0.26017213869404443f,2.0445057008999528f,-0.7698455222080914f,-0.4075113169235256f,0.49119486816884056f,-0.3993830443860199f,-0.5540452446079979f,0.044674457974343953f,-0.8312869899932045f,0.5412598277283615f,0f,0f,0f,1f], start_interpolation: 0, interpolation_duration: 1 }
$data merge entity $(bone_sword_left) { transformation: [-2.429896461301101f,-0.6931111524676387f,0.8440104501826278f,1.5176672155426938f,-1.0856298446645907f,1.3085668698870863f,-2.0509056803625954f,0.8541715168074145f,0.11901491530912156f,-2.21458872021308f,-1.4760033104891965f,1.31591349206016f,0f,0f,0f,1f], start_interpolation: 0, interpolation_duration: 1 }
$data merge entity $(bone_rocket_left) { transformation: [-2.1017633984683757f,-0.5995134667370515f,0.7300353329329983f,1.8188335715229158f,-0.9390264598266778f,1.131858083411647f,-1.7739515083654613f,0.26910668039547947f,0.10294314875234882f,-1.9155308009759702f,-1.2766839177761722f,0.02939141484300839f,0f,0f,0f,1f], start_interpolation: 0, interpolation_duration: 1 }
$data merge entity $(bone_drillhead_left1) { transformation: [0.31681499153830184f,-0.2601721386940447f,0.91210674780091f,2.152709559986813f,-0.7698455222080914f,0.4911948681688406f,0.40751131692352555f,-0.5864639908797982f,-0.5540452446079981f,-0.8312869899932044f,-0.044674457974344266f,1.1775768290576294f,0f,0f,0f,1f], start_interpolation: 0, interpolation_duration: 1 }
$data merge entity $(bone_drillhead_left2) { transformation: [-0.9639166041452891f,-0.2601721386940447f,-0.05634925465683799f,1.8723906132370949f,-0.08188423814287821f,0.4911948681688406f,-0.8671923506514316f,-0.40337016167422135f,0.2532977532406768f,-0.8312869899932044f,-0.49477488666186686f,1.3734970481300213f,0f,0f,0f,1f], start_interpolation: 0, interpolation_duration: 1 }
$data merge entity $(bone_drillhead_left3) { transformation: [0.7214369073721008f,-0.2601721386940447f,-0.6417470272067851f,2.2184449123409458f,0.671098491801853f,0.4911948681688406f,0.5552966916756064f,-0.248641440717141f,0.1707501185436122f,-0.8312869899932044f,0.5289672364952109f,1.3566175184626728f,0f,0f,0f,1f], start_interpolation: 0, interpolation_duration: 1 }
$data merge entity $(bone_drill_left) { transformation: [0.48434847514496004f,-0.3977525749012068f,1.3944337366162485f,1.932986328062743f,-1.1769440043483088f,0.7509413750953928f,0.6230055086656525f,-0.1256102066312042f,-0.8470273710351158f,-1.27087605310614f,-0.06829855333782488f,0.8969402969830031f,0f,0f,0f,1f], start_interpolation: 0, interpolation_duration: 1 }
$data merge entity $(bone_left_hand) { transformation: [-0.9121067478009098f,-0.2601721386940447f,0.31681499153830206f,1.9291187038987943f,-0.4075113169235257f,0.4911948681688406f,-0.7698455222080913f,0.07162459144906486f,0.04467445797434414f,-0.8312869899932044f,-0.5540452446079981f,0.47966273762761047f,0f,0f,0f,1f], start_interpolation: 0, interpolation_duration: 1 }
$data merge entity $(bone_left_arm_low) { transformation: [-0.8432354508708966f,-0.2601721386940447f,0.4703875345307554f,1.6309439599794047f,-0.5350025763629846f,0.4911948681688406f,-0.6873862413298392f,0.5079009785536615f,-0.052213194496455374f,-0.8312869899932044f,-0.5533856906250045f,-0.37218087985365367f,0f,0f,0f,1f], start_interpolation: 0, interpolation_duration: 1 }
$data merge entity $(bone_left_arm) { transformation: [-0.9332037546053579f,-0.5947550068189836f,0.013008181588594167f,1f,-0.5920842304125531f,0.9309195080658639f,0.08716141424513946f,1.4375f,-0.057784037772259274f,0.06653818377584973f,-1.1031797920613726f,-0.3061737499999999f,0f,0f,0f,1f], start_interpolation: 0, interpolation_duration: 1 }
$data merge entity $(bone_drillhead_right1) { transformation: [-0.3376556679611712f,0.27344788697035916f,0.9006746932190005f,-2.189284782520106f,-0.7609352908237063f,0.48392994676862455f,-0.4321912652976198f,-0.5053318410090618f,-0.5540452446079982f,-0.8312869899932043f,0.04467445797434424f,1.2120555558421393f,0f,0f,0f,1f], start_interpolation: 0, interpolation_duration: 1 }
$data merge entity $(bone_drillhead_right2) { transformation: [-0.7028996845430089f,0.27344788697035916f,-0.6566264437111746f,-2.267121972823872f,0.6904899930387702f,0.48392994676862455f,-0.5376201039152415f,-0.2134180355949701f,0.17075011854361224f,-0.8312869899932043f,-0.5289672364952109f,1.3563876800580785f,0f,0f,0f,1f], start_interpolation: 0, interpolation_duration: 1 }
$data merge entity $(bone_drillhead_right3) { transformation: [0.9613301444888249f,0.27344788697035916f,-0.032720122379668315f,-1.9253204427751869f,-0.10809533523848275f,0.48392994676862455f,0.8684049775998501f,-0.3773124689070999f,0.2532977532406768f,-0.8312869899932043f,0.49477488666186686f,1.373411261489025f,0f,0f,0f,1f], start_interpolation: 0, interpolation_duration: 1 }
$data merge entity $(bone_drill_right) { transformation: [-0.51620981414724f,0.4180486107763395f,1.3769563496477963f,-1.941800227775517f,-1.1633219943441075f,0.7398347239070849f,-0.6607363474230216f,-0.042397182686363194f,-0.8470273710351159f,-1.2708760531061398f,0.06829855333782484f,0.7492237582568286f,0f,0f,0f,1f], start_interpolation: 0, interpolation_duration: 1 }
$data merge entity $(bone_barrel3) { transformation: [-0.45020755728156137f,-1.2008995909586673f,0.36459718262714574f,-1.968259215542977f,-1.014580387764942f,0.5762550203968263f,0.6452399290248323f,-0.628555191255507f,-0.7387269928106639f,-0.059565943965792734f,-1.1083826533242724f,0.6938049393220678f,0f,0f,0f,1f], start_interpolation: 0, interpolation_duration: 1 }
$data merge entity $(bone_barrel4) { transformation: [-0.45020755728156137f,-1.2008995909586673f,0.36459718262714574f,-2.306012225500102f,-1.014580387764942f,0.5762550203968263f,0.6452399290248323f,-0.4664834667688995f,-0.7387269928106639f,-0.059565943965792734f,-1.1083826533242724f,0.6770520175816885f,0f,0f,0f,1f], start_interpolation: 0, interpolation_duration: 1 }
$data merge entity $(bone_blaster_right) { transformation: [-0.5818732898260637f,-1.5521094313947288f,0.4712256795456068f,-2.6926546033892294f,-1.3113001291814805f,0.744784042546368f,0.8339439757427454f,-1.8407946544713325f,-0.9547718571974773f,-0.07698633933702363f,-1.432535394941381f,-0.6244615020322593f,0f,0f,0f,1f], start_interpolation: 0, interpolation_duration: 1 }
$data merge entity $(bone_rocket_right) { transformation: [-2.0754205674921993f,0.6301047126429833f,-0.7780584080944482f,-1.6251694832471837f,0.9958963517486723f,1.1151175583266855f,-1.7534197030249836f,0.18378365104440475f,-0.10294314875234933f,-1.9155308009759697f,-1.2766839177761724f,0.04056002933659403f,0f,0f,0f,1f], start_interpolation: 0, interpolation_duration: 1 }
$data merge entity $(bone_sword_right) { transformation: [-2.3994409153455902f,0.7284783875369071f,-0.899531019472511f,-1.533355751554001f,1.1513784199973482f,1.289212768139043f,-2.0271683932934104f,0.8684805735866693f,-0.11901491530912216f,-2.2145887202130794f,-1.4760033104891968f,1.3159134920601596f,0f,0f,0f,1f], start_interpolation: 0, interpolation_duration: 1 }
$data merge entity $(bone_right_hand) { transformation: [-0.9006746932190006f,0.27344788697035916f,-0.33765566796117097f,-1.9659586207895403f,0.43219126529761964f,0.48392994676862455f,-0.7609352908237064f,0.09742494966097903f,-0.04467445797434436f,-0.8312869899932043f,-0.5540452446079982f,0.47966273762760997f,0f,0f,0f,1f], start_interpolation: 0, interpolation_duration: 1 }
$data merge entity $(bone_right_arm_low) { transformation: [-0.8283581294035964f,0.27344788697035916f,-0.48892643880487807f,-1.6560173019441087f,0.5577603354232442f,0.48392994676862455f,-0.6743257483212889f,0.5254221958306106f,0.052213194496455166f,-0.8312869899932043f,-0.5533856906250046f,-0.37218087985365406f,0f,0f,0f,1f], start_interpolation: 0, interpolation_duration: 1 }
$data merge entity $(bone_right_arm) { transformation: [-0.9167391097218721f,0.6198777103245706f,-0.01063049778443917f,-1f,0.6172701096109477f,0.9143830011962202f,0.08748324089966983f,1.4375f,0.05778403777225904f,0.06653818377584987f,-1.1031797920613726f,-0.30617375000000013f,0f,0f,0f,1f], start_interpolation: 0, interpolation_duration: 1 }