# This file was generated by Animated Java via MC-Build. It is not recommended to edit this file directly.
$data merge entity $(bone_barrel1) { transformation: [0.3170183294722994f,-0.796613300413438f,1.0211191929254775f,0.4414997468453773f,-1.2067432445262212f,-0.56333427296363f,-0.0648306753986439f,0.7172597460062088f,0.4701573123399215f,-0.9087571316290863f,-0.8549212566923072f,1.7908189962459917f,0f,0f,0f,1f], start_interpolation: 0, interpolation_duration: 1 }
$data merge entity $(bone_barrel2) { transformation: [0.3170183294722994f,-0.796613300413438f,1.0211191929254775f,0.21745225610409774f,-1.2067432445262212f,-0.56333427296363f,-0.0648306753986439f,0.5588219817351878f,0.4701573123399215f,-0.9087571316290863f,-0.8549212566923072f,1.5352310529753113f,0f,0f,0f,1f], start_interpolation: 0, interpolation_duration: 1 }
$data merge entity $(bone_blaster_left) { transformation: [0.2377637471042246f,-0.5974599753100787f,0.7658393946941083f,0.4815127438119912f,-0.9050574333946662f,-0.4225007047227226f,-0.04862300654898293f,0.6878774530534659f,0.3526179842549412f,-0.6815678487218149f,-0.6411909425192306f,1.4989768119735376f,0f,0f,0f,1f], start_interpolation: 0, interpolation_duration: 1 }
$data merge entity $(bone_sword_left) { transformation: [-1.5916622514581902f,2.040233163035848f,0.6334141142000982f,0.19111870230137906f,-1.125562298248728f,-0.12953403955847348f,-2.411116747006005f,2.093694674126901f,-1.8157296914409362f,-1.7081636617667861f,0.9393913532577353f,0.8757630695114713f,0f,0f,0f,1f], start_interpolation: 0, interpolation_duration: 1 }
$data merge entity $(bone_rocket_left) { transformation: [-1.3767242827487947f,1.7647202070964079f,0.5478779127017576f,1.085330144024476f,-0.9735664374310065f,-0.11204177113537445f,-2.0855196955914264f,0.9599676333170177f,-1.5705336699570378f,-1.4774933500552436f,0.8125360049528995f,0.9322430338814204f,0f,0f,0f,1f], start_interpolation: 0, interpolation_duration: 1 }
$data merge entity $(bone_drillhead_left1) { transformation: [0.23776374710422463f,0.7658393946941082f,0.5974599753100789f,-0.06051886687972763f,-0.9050574333946663f,-0.04862300654898283f,0.4225007047227224f,0.8746124280748079f,0.35261798425494084f,-0.6411909425192308f,0.6815678487218149f,1.849602629559306f,0f,0f,0f,1f], start_interpolation: 0, interpolation_duration: 1 }
$data merge entity $(bone_drillhead_left2) { transformation: [-0.6429692895175105f,0.7658393946941082f,-0.008972974529639938f,-0.2543673918954274f,-0.04398926846590845f,-0.04862300654898283f,-0.9978480583204902f,1.1006047575158375f,-0.7646276459801737f,-0.6411909425192308f,0.06495181470997263f,1.6009321431230161f,0f,0f,0f,1f], start_interpolation: 0, interpolation_duration: 1 }
$data merge entity $(bone_drillhead_left3) { transformation: [0.46099279584985076f,0.7658393946941082f,-0.4483030935752057f,-0.027694354026048973f,0.7366902386639276f,-0.04862300654898283f,0.6744800186005687f,1.261038723011573f,0.4947455249234938f,-0.6411909425192308f,-0.5866012621870815f,1.8595046671031228f,0f,0f,0f,1f], start_interpolation: 0, interpolation_duration: 1 }
$data merge entity $(bone_drill_left) { transformation: [0.3634945044599021f,1.170819414905074f,0.9134000464955816f,0.271305760379512f,-1.3836567065681966f,-0.07433511578670375f,0.6459213659255819f,1.092834291049981f,0.5390842843430349f,-0.9802561860410054f,1.0419846189517579f,1.4233480020158709f,0f,0f,0f,1f], start_interpolation: 0, interpolation_duration: 1 }
$data merge entity $(bone_left_hand) { transformation: [-0.5974599753100789f,0.7658393946941082f,0.23776374710422477f,0.6875502124834079f,-0.4225007047227226f,-0.04862300654898283f,-0.9050574333946662f,1.0408452261786758f,-0.6815678487218148f,-0.6411909425192308f,0.352617984254941f,1.230799881125102f,0f,0f,0f,1f], start_interpolation: 0, interpolation_duration: 1 }
$data merge entity $(bone_left_arm_low) { transformation: [-0.35303487739858913f,0.7658393946941082f,0.5374536229989756f,1.4481203530588223f,-0.8652119333266948f,-0.04862300654898283f,-0.49904319819352394f,0.9225513738532269f,-0.35605432979988655f,-0.6411909425192308f,0.6797790004568058f,0.5885986367576532f,0f,0f,0f,1f], start_interpolation: 0, interpolation_duration: 1 }
$data merge entity $(bone_left_arm) { transformation: [-0.39070163944690045f,-0.42997578174408013f,0.9419368527566482f,1f,-0.9575249995430422f,0.5331673750447716f,-0.15378687841292973f,1.4375f,-0.39404324980594396f,-0.8692671372112619f,-0.5602468562883111f,-0.3061737499999999f,0f,0f,0f,1f], start_interpolation: 0, interpolation_duration: 1 }
$data merge entity $(bone_drillhead_right1) { transformation: [-0.24730634619139144f,-0.7663100820796533f,0.5929657909496455f,0.06799425061731379f,-0.9024966084775309f,-0.04053434758788198f,-0.42878530566261147f,0.9212836547104521f,0.35261798425494123f,-0.6411909425192309f,-0.6815678487218145f,1.829838738238481f,0f,0f,0f,1f], start_interpolation: 0, interpolation_duration: 1 }
$data merge entity $(bone_drillhead_right2) { transformation: [-0.4531889163315531f,-0.7663100820796533f,-0.45539945566206785f,0.023647140618079543f,0.7415164675733168f,-0.04053434758788198f,-0.6697091122145608f,1.2515952311874738f,0.49474552492349344f,-0.6411909425192309f,0.5866012621870818f,1.8619581458666856f,0f,0f,0f,1f], start_interpolation: 0, interpolation_duration: 1 }
$data merge entity $(bone_drillhead_right3) { transformation: [0.6424689991439348f,-0.7663100820796533f,0.0015630873506864984f,0.2486779361972114f,-0.05077546791324855f,-0.04053434758788198f,0.9978871772519254f,1.0890115794577944f,-0.7646276459801736f,-0.6411909425192309f,-0.06495181470997308f,1.6032939412106726f,0f,0f,0f,1f], start_interpolation: 0, interpolation_duration: 1 }
$data merge entity $(bone_drill_right) { transformation: [-0.3780832816334411f,-1.171539004329652f,0.9065293131018524f,-0.4047335963161855f,-1.3797417035637451f,-0.061969130153403405f,-0.6555292978840728f,1.0548485822590847f,0.5390842843430356f,-0.9802561860410056f,-1.0419846189517574f,1.3313819513129967f,0f,0f,0f,1f], start_interpolation: 0, interpolation_duration: 1 }
$data merge entity $(bone_barrel3) { transformation: [-0.32974179492185485f,-0.7906210545995276f,-1.0217467761062042f,-0.20261132255571201f,-1.2033288113033747f,0.5717137408834816f,-0.05404579678384303f,0.5291144696950039f,0.47015731233992164f,0.908757131629086f,-0.8549212566923079f,1.5048834322055271f,0f,0f,0f,1f], start_interpolation: 0, interpolation_duration: 1 }
$data merge entity $(bone_barrel4) { transformation: [-0.32974179492185485f,-0.7906210545995276f,-1.0217467761062042f,-0.42497349416182917f,-1.2033288113033747f,0.5717137408834816f,-0.05404579678384303f,0.6899089593184831f,0.47015731233992164f,0.908757131629086f,-0.8549212566923079f,1.7604713754762076f,0f,0f,0f,1f], start_interpolation: 0, interpolation_duration: 1 }
$data merge entity $(bone_blaster_right) { transformation: [-0.4261766376443477f,-1.0218426292605916f,-1.3205623681040795f,-1.0214111111886284f,-1.55524909089361f,0.7389146402946484f,-0.06985179406088483f,-1.1155422392050587f,0.6076574629686137f,1.1745282665328776f,-1.1049477871440423f,2.1021863875945197f,0f,0f,0f,1f], start_interpolation: 0, interpolation_duration: 1 }
$data merge entity $(bone_rocket_right) { transformation: [-1.366368354325393f,-1.7658048098816024f,-0.569866880041403f,-0.9421258616122886f,0.9880480145723708f,-0.09340311136433f,-2.079618798471986f,0.8536988644290222f,1.5705336699570376f,-1.477493350055244f,0.8125360049528996f,0.7618510717009664f,0f,0f,0f,1f], start_interpolation: 0, interpolation_duration: 1 }
$data merge entity $(bone_sword_right) { transformation: [-1.579689527103085f,-2.0414870969808305f,-0.6588360593939324f,-0.18423550075557193f,1.1423047789083034f,-0.10798546113425102f,-2.4042945856535525f,2.0851177004156094f,1.815729691440936f,-1.7081636617667864f,0.9393913532577354f,0.8757630695114711f,0f,0f,0f,1f], start_interpolation: 0, interpolation_duration: 1 }
$data merge entity $(bone_right_hand) { transformation: [-0.5929657909496455f,-0.7663100820796533f,-0.2473063461913913f,-0.6917556216729114f,0.42878530566261125f,-0.04053434758788198f,-0.902496608477531f,1.0375684026684617f,0.6815678487218146f,-0.6411909425192309f,0.35261798425494106f,1.2307998811251017f,0f,0f,0f,1f], start_interpolation: 0, interpolation_duration: 1 }
$data merge entity $(bone_right_arm_low) { transformation: [-0.34388004711438486f,-0.7663100820796533f,-0.5426927042992964f,-1.4535323478172686f,0.8688911482040558f,-0.04053434758788198f,-0.4933407942165968f,0.9273114584985577f,0.35605432979988644f,-0.6411909425192309f,0.6797790004568058f,0.588598636757653f,0f,0f,0f,1f], start_interpolation: 0, interpolation_duration: 1 }
$data merge entity $(bone_right_arm) { transformation: [-0.38057004217454826f,0.43558114658315933f,-0.9435080743028068f,-1f,0.9615967651857308f,0.5285978503927777f,-0.14383307087906236f,1.4375f,0.39404324980594385f,-0.8692671372112619f,-0.5602468562883112f,-0.30617375000000013f,0f,0f,0f,1f], start_interpolation: 0, interpolation_duration: 1 }