# This file was generated by Animated Java via MC-Build. It is not recommended to edit this file directly.
$data merge entity $(bone_barrel1) { transformation: [0.31701832947229946f,-0.7966133004134381f,1.0211191929254777f,0.4414997468453772f,-1.2067432445262214f,-0.5633342729636301f,-0.0648306753986439f,0.7172597460062088f,0.47015731233992153f,-0.9087571316290864f,-0.8549212566923075f,1.9158189962459917f,0f,0f,0f,1f], start_interpolation: 0, interpolation_duration: 1 }
$data merge entity $(bone_barrel2) { transformation: [0.31701832947229946f,-0.7966133004134381f,1.0211191929254777f,0.21745225610409774f,-1.2067432445262214f,-0.5633342729636301f,-0.0648306753986439f,0.5588219817351878f,0.47015731233992153f,-0.9087571316290864f,-0.8549212566923075f,1.6602310529753113f,0f,0f,0f,1f], start_interpolation: 0, interpolation_duration: 1 }
$data merge entity $(bone_blaster_left) { transformation: [0.2377637471042246f,-0.5974599753100787f,0.7658393946941083f,0.4815127438119912f,-0.9050574333946662f,-0.4225007047227226f,-0.04862300654898293f,0.6878774530534659f,0.3526179842549412f,-0.6815678487218149f,-0.6411909425192306f,1.6239768119735376f,0f,0f,0f,1f], start_interpolation: 0, interpolation_duration: 1 }
$data merge entity $(bone_sword_left) { transformation: [-1.5916622514581902f,2.040233163035848f,0.6334141142000982f,0.19111870230137917f,-1.125562298248728f,-0.12953403955847348f,-2.411116747006005f,2.093694674126901f,-1.8157296914409362f,-1.7081636617667861f,0.9393913532577353f,1.0007630695114713f,0f,0f,0f,1f], start_interpolation: 0, interpolation_duration: 1 }
$data merge entity $(bone_rocket_left) { transformation: [-1.3767242827487947f,1.7647202070964079f,0.5478779127017576f,1.085330144024476f,-0.9735664374310065f,-0.11204177113537445f,-2.0855196955914264f,0.9599676333170177f,-1.5705336699570378f,-1.4774933500552436f,0.8125360049528995f,1.0572430338814205f,0f,0f,0f,1f], start_interpolation: 0, interpolation_duration: 1 }
$data merge entity $(bone_drillhead_left1) { transformation: [0.23776374710422463f,0.7658393946941082f,0.5974599753100789f,-0.06051886687972763f,-0.9050574333946663f,-0.04862300654898283f,0.4225007047227224f,0.8746124280748079f,0.35261798425494084f,-0.6411909425192308f,0.6815678487218149f,1.974602629559306f,0f,0f,0f,1f], start_interpolation: 0, interpolation_duration: 1 }
$data merge entity $(bone_drillhead_left2) { transformation: [-0.6429692895175105f,0.7658393946941082f,-0.008972974529639938f,-0.2543673918954274f,-0.04398926846590845f,-0.04862300654898283f,-0.9978480583204902f,1.1006047575158375f,-0.7646276459801737f,-0.6411909425192308f,0.06495181470997263f,1.7259321431230161f,0f,0f,0f,1f], start_interpolation: 0, interpolation_duration: 1 }
$data merge entity $(bone_drillhead_left3) { transformation: [0.46099279584985076f,0.7658393946941082f,-0.4483030935752057f,-0.027694354026048973f,0.7366902386639276f,-0.04862300654898283f,0.6744800186005687f,1.261038723011573f,0.4947455249234938f,-0.6411909425192308f,-0.5866012621870815f,1.9845046671031228f,0f,0f,0f,1f], start_interpolation: 0, interpolation_duration: 1 }
$data merge entity $(bone_drill_left) { transformation: [0.3634945044599021f,1.170819414905074f,0.9134000464955816f,0.271305760379512f,-1.3836567065681966f,-0.07433511578670375f,0.6459213659255819f,1.092834291049981f,0.5390842843430349f,-0.9802561860410054f,1.0419846189517579f,1.5483480020158709f,0f,0f,0f,1f], start_interpolation: 0, interpolation_duration: 1 }
$data merge entity $(bone_left_hand) { transformation: [-0.5974599753100789f,0.7658393946941082f,0.23776374710422477f,0.6875502124834079f,-0.4225007047227226f,-0.04862300654898283f,-0.9050574333946662f,1.0408452261786758f,-0.6815678487218148f,-0.6411909425192308f,0.352617984254941f,1.355799881125102f,0f,0f,0f,1f], start_interpolation: 0, interpolation_duration: 1 }
$data merge entity $(bone_left_arm_low) { transformation: [-0.35303487739858913f,0.7658393946941082f,0.5374536229989756f,1.4481203530588223f,-0.8652119333266948f,-0.04862300654898283f,-0.49904319819352394f,0.9225513738532269f,-0.35605432979988655f,-0.6411909425192308f,0.6797790004568058f,0.7135986367576532f,0f,0f,0f,1f], start_interpolation: 0, interpolation_duration: 1 }
$data merge entity $(bone_left_arm) { transformation: [-0.39070163944690045f,-0.42997578174408013f,0.9419368527566482f,1f,-0.9575249995430422f,0.5331673750447716f,-0.15378687841292973f,1.4375f,-0.39404324980594396f,-0.8692671372112619f,-0.5602468562883111f,-0.18117374999999988f,0f,0f,0f,1f], start_interpolation: 0, interpolation_duration: 1 }
$data merge entity $(bone_drillhead_right1) { transformation: [-0.24730634619139144f,-0.7663100820796533f,0.5929657909496455f,0.06799425061731373f,-0.9024966084775309f,-0.04053434758788198f,-0.42878530566261147f,0.9212836547104519f,0.35261798425494123f,-0.6411909425192309f,-0.6815678487218145f,1.954838738238481f,0f,0f,0f,1f], start_interpolation: 0, interpolation_duration: 1 }
$data merge entity $(bone_drillhead_right2) { transformation: [-0.4531889163315531f,-0.7663100820796533f,-0.45539945566206785f,0.023647140618079487f,0.7415164675733168f,-0.04053434758788198f,-0.6697091122145608f,1.2515952311874736f,0.49474552492349344f,-0.6411909425192309f,0.5866012621870818f,1.9869581458666856f,0f,0f,0f,1f], start_interpolation: 0, interpolation_duration: 1 }
$data merge entity $(bone_drillhead_right3) { transformation: [0.6424689991439348f,-0.7663100820796533f,0.0015630873506864984f,0.24867793619721135f,-0.05077546791324855f,-0.04053434758788198f,0.9978871772519254f,1.0890115794577941f,-0.7646276459801736f,-0.6411909425192309f,-0.06495181470997308f,1.7282939412106726f,0f,0f,0f,1f], start_interpolation: 0, interpolation_duration: 1 }
$data merge entity $(bone_drill_right) { transformation: [-0.3780832816334411f,-1.171539004329652f,0.9065293131018524f,-0.40473359631618555f,-1.3797417035637451f,-0.061969130153403405f,-0.6555292978840728f,1.0548485822590845f,0.5390842843430356f,-0.9802561860410056f,-1.0419846189517574f,1.4563819513129967f,0f,0f,0f,1f], start_interpolation: 0, interpolation_duration: 1 }
$data merge entity $(bone_barrel3) { transformation: [0.32974179492185485f,0.790621054599527f,-1.0217467761062045f,-0.4591591820448644f,1.2033288113033747f,-0.5717137408834816f,-0.054045796783842776f,0.6961596517973863f,-0.47015731233992164f,-0.9087571316290863f,-0.8549212566923076f,1.8774935952007903f,0f,0f,0f,1f], start_interpolation: 0, interpolation_duration: 1 }
$data merge entity $(bone_barrel4) { transformation: [0.32974179492185485f,0.790621054599527f,-1.0217467761062045f,-0.2449261235782086f,1.2033288113033747f,-0.5717137408834816f,-0.054045796783842776f,0.5349351687479014f,-0.47015731233992164f,-0.9087571316290863f,-0.8549212566923076f,1.615103818262998f,0f,0f,0f,1f], start_interpolation: 0, interpolation_duration: 1 }
$data merge entity $(bone_blaster_right) { transformation: [0.24730634619139114f,0.5929657909496453f,-0.7663100820796535f,-0.658180221386655f,0.902496608477531f,-0.42878530566261125f,-0.04053434758788208f,0.5737865413624952f,-0.35261798425494123f,-0.6815678487218148f,-0.6411909425192307f,1.5063682157971359f,0f,0f,0f,1f], start_interpolation: 0, interpolation_duration: 1 }
$data merge entity $(bone_rocket_right) { transformation: [-1.366368354325393f,-1.7658048098816024f,-0.569866880041403f,-0.9421258616122886f,0.9880480145723708f,-0.09340311136433f,-2.079618798471986f,0.8536988644290222f,1.5705336699570376f,-1.477493350055244f,0.8125360049528996f,0.8868510717009664f,0f,0f,0f,1f], start_interpolation: 0, interpolation_duration: 1 }
$data merge entity $(bone_sword_right) { transformation: [-1.579689527103085f,-2.0414870969808305f,-0.6588360593939324f,-0.18423550075557193f,1.1423047789083034f,-0.10798546113425102f,-2.4042945856535525f,2.0851177004156094f,1.815729691440936f,-1.7081636617667864f,0.9393913532577354f,1.000763069511471f,0f,0f,0f,1f], start_interpolation: 0, interpolation_duration: 1 }
$data merge entity $(bone_right_hand) { transformation: [-0.5929657909496455f,-0.7663100820796533f,-0.2473063461913913f,-0.6917556216729114f,0.42878530566261125f,-0.04053434758788198f,-0.902496608477531f,1.0375684026684617f,0.6815678487218146f,-0.6411909425192309f,0.35261798425494106f,1.3557998811251017f,0f,0f,0f,1f], start_interpolation: 0, interpolation_duration: 1 }
$data merge entity $(bone_right_arm_low) { transformation: [-0.34388004711438486f,-0.7663100820796533f,-0.5426927042992964f,-1.4535323478172686f,0.8688911482040558f,-0.04053434758788198f,-0.4933407942165968f,0.9273114584985577f,0.35605432979988644f,-0.6411909425192309f,0.6797790004568058f,0.713598636757653f,0f,0f,0f,1f], start_interpolation: 0, interpolation_duration: 1 }
$data merge entity $(bone_right_arm) { transformation: [-0.38057004217454826f,0.43558114658315933f,-0.9435080743028068f,-1f,0.9615967651857308f,0.5285978503927777f,-0.14383307087906236f,1.4375f,0.39404324980594385f,-0.8692671372112619f,-0.5602468562883112f,-0.1811737500000001f,0f,0f,0f,1f], start_interpolation: 0, interpolation_duration: 1 }