# This file was generated by Animated Java via MC-Build. It is not recommended to edit this file directly.
$data merge entity $(bone_barrel1) { transformation: [0.44608333338114653f,-1.2529019720871168f,0.09499518828633052f,1.7278560293830063f,-1.2434435434867925f,-0.4256921261485598f,0.22452649214269704f,0.0210045774182721f,-0.18065323583692272f,-0.163709009688255f,-1.3108552728300393f,1.6375918906150708f,0f,0f,0f,1f], start_interpolation: 0, interpolation_duration: 1 }
$data merge entity $(bone_barrel2) { transformation: [0.44608333338114653f,-1.2529019720871168f,0.09499518828633052f,1.3754773497335047f,-1.2434435434867925f,-0.4256921261485598f,0.22452649214269704f,-0.09872133306101036f,-0.18065323583692272f,-0.163709009688255f,-1.3108552728300393f,1.591548731640249f,0f,0f,0f,1f], start_interpolation: 0, interpolation_duration: 1 }
$data merge entity $(bone_blaster_left) { transformation: [0.33456250003585997f,-0.9396764790653378f,0.0712463912147479f,1.5450111340576171f,-0.9325826576150946f,-0.3192690946114199f,0.1683948691070228f,0.06037856013575765f,-0.13548992687769207f,-0.12278175726619128f,-0.9831414546225297f,1.408128051797843f,0f,0f,0f,1f], start_interpolation: 0, interpolation_duration: 1 }
$data merge entity $(bone_sword_left) { transformation: [-2.503343557926548f,0.18980382977166307f,0.8912906706163661f,1.0264220552090044f,-0.8505482993843957f,0.4486120703864493f,-2.4844452747150636f,1.533232977479905f,-0.3270965358087342f,-2.6191363536180594f,-0.3609517138819714f,1.5121057408174488f,0f,0f,0f,1f], start_interpolation: 0, interpolation_duration: 1 }
$data merge entity $(bone_rocket_left) { transformation: [-2.165292203859729f,0.16417273273018324f,0.7709308354211737f,1.5857405516385408f,-0.7356903113964114f,0.3880315250734962f,-2.148945943605282f,0.5079069809561545f,-0.2829254405187633f,-2.2654483478216947f,-0.31220881750876817f,0.6612176680654291f,0f,0f,0f,1f], start_interpolation: 0, interpolation_duration: 1 }
$data merge entity $(bone_drillhead_left1) { transformation: [0.33456250003585974f,0.07124639121474763f,0.9396764790653379f,1.4348650594475014f,-0.9325826576150947f,0.16839486910702292f,0.3192690946114197f,0.11167997910135735f,-0.13548992687769232f,-0.9831414546225297f,0.12278175726619103f,2.069068812004889f,0f,0f,0f,1f], start_interpolation: 0, interpolation_duration: 1 }
$data merge entity $(bone_drillhead_left2) { transformation: [-0.9961793920451046f,0.07124639121474763f,-0.05050317419252853f,1.1433086162017f,0.0619177505054016f,0.16839486910702292f,-0.9837730227195599f,0.36657990750927927f,-0.061585802235552524f,-0.9831414546225297f,-0.1721629146061941f,2.091600153307627f,0f,0f,0f,1f], start_interpolation: 0, interpolation_duration: 1 }
$data merge entity $(bone_drillhead_left3) { transformation: [0.7401163403363681f,0.07124639121474763f,-0.6686940664504035f,1.4998218392712415f,0.6518501142552021f,0.16839486910702292f,0.7394150367715745f,0.4878466039459676f,0.1652853027724532f,-0.9831414546225297f,0.07818982600130753f,2.1382068443611875f,0f,0f,0f,1f], start_interpolation: 0, interpolation_duration: 1 }
$data merge entity $(bone_drill_left) { transformation: [0.5114809622683643f,0.10892186880705859f,1.4365824911093503f,1.3816525281158416f,-1.4257374184513523f,0.25744298802969096f,0.48810032121620095f,0.4494711376169135f,-0.2071377341143866f,-1.5030319811764692f,0.18770941557640472f,1.5973836076828996f,0f,0f,0f,1f], start_interpolation: 0, interpolation_duration: 1 }
$data merge entity $(bone_left_hand) { transformation: [-0.9396764790653378f,0.07124639121474763f,0.33456250003585997f,1.5292071997789256f,-0.31926909461141995f,0.16839486910702292f,-0.9325826576150946f,0.48199596250358645f,-0.12278175726619106f,-0.9831414546225297f,-0.1354899268776923f,1.1612565158065498f,0f,0f,0f,1f], start_interpolation: 0, interpolation_duration: 1 }
$data merge entity $(bone_left_arm_low) { transformation: [-0.7955805022465925f,0.07124639121474763f,0.6016440942816067f,1.5695311875495614f,-0.5849253610429174f,0.16839486910702292f,-0.7934138201892134f,0.5890388146645141f,-0.15784164993395267f,-0.9831414546225297f,-0.09229785343562336f,0.16536565014328475f,0f,0f,0f,1f], start_interpolation: 0, interpolation_duration: 1 }
$data merge entity $(bone_left_arm) { transformation: [-0.8804643009500409f,-0.535806518747689f,0.40307067339868113f,1f,-0.6473334850015906f,0.852636636320149f,-0.28061023526305245f,1.4375f,-0.17468243323894747f,-0.4590142910696491f,-0.9917479047850699f,-0.3061737499999999f,0f,0f,0f,1f], start_interpolation: 0, interpolation_duration: 1 }
$data merge entity $(bone_drillhead_right1) { transformation: [-0.36190665781102316f,-0.06625169313006479f,0.9298571310633987f,-1.4542412368388644f,-0.9223155917291719f,0.17042181010685206f,-0.34682900094019165f,0.1838767833724686f,-0.1354899268776923f,-0.9831414546225297f,-0.12278175726619096f,2.07794671654962f,0f,0f,0f,1f], start_interpolation: 0, interpolation_duration: 1 }
$data merge entity $(bone_drillhead_right2) { transformation: [-0.7205802895422387f,-0.06625169313006479f,-0.690199072355667f,-1.5309291447521838f,0.6733831116167392f,0.17042181010685206f,-0.7193827851910708f,0.5040976737956188f,0.16528530277245312f,-0.9831414546225297f,-0.07818982600130751f,2.138622957228236f,0f,0f,0f,1f], start_interpolation: 0, interpolation_duration: 1 }
$data merge entity $(bone_drillhead_right3) { transformation: [0.9975716535560396f,-0.06625169313006479f,-0.021482764693326273f,-1.1780512954689033f,0.03252668111677742f,0.17042181010685206f,0.9848342102381658f,0.37261461102454146f,-0.06158580223555248f,-0.9831414546225297f,0.17216291460619404f,2.0920514935556636f,0f,0f,0f,1f], start_interpolation: 0, interpolation_duration: 1 }
$data merge entity $(bone_drill_right) { transformation: [-0.5532848587892221f,-0.10128594732058084f,1.4215706186958506f,-1.4321325017666715f,-1.4100410725116799f,0.2605417864094935f,-0.5302340552944534f,0.4638743027408123f,-0.20713773411438657f,-1.5030319811764692f,-0.1877094155764046f,1.43694518102056f,0f,0f,0f,1f], start_interpolation: 0, interpolation_duration: 1 }
$data merge entity $(bone_barrel3) { transformation: [-0.48254221041469725f,-1.2398095080845317f,-0.08833559084008621f,-1.380577068789194f,-1.2297541223055626f,0.4624386679202553f,0.22722908014246904f,-0.10452652533768392f,-0.18065323583692278f,0.16370900968825428f,-1.3108552728300396f,1.583965827549307f,0f,0f,0f,1f], start_interpolation: 0, interpolation_duration: 1 }
$data merge entity $(bone_barrel4) { transformation: [-0.48254221041469725f,-1.2398095080845317f,-0.08833559084008621f,-1.7292734929379685f,-1.2297541223055626f,0.4624386679202553f,0.22722908014246904f,0.025534350014887908f,-0.18065323583692278f,0.16370900968825428f,-1.3108552728300396f,1.6300089865241285f,0f,0f,0f,1f], start_interpolation: 0, interpolation_duration: 1 }
$data merge entity $(bone_blaster_right) { transformation: [-0.6236643941504091f,-1.602398772652336f,-0.11416983126896792f,-2.262148091926225f,-1.5894026327407624f,0.597681457571041f,0.2936835027937099f,-1.736512380709224f,-0.23348629083188244f,0.21158663043476375f,-1.6942222709300943f,1.0440081407403596f,0f,0f,0f,1f], start_interpolation: 0, interpolation_duration: 1 }
$data merge entity $(bone_rocket_right) { transformation: [-2.142665525264206f,-0.15266347282601478f,-0.8339398528550919f,-1.3804231561193585f,0.7991964772335621f,0.3927021959292562f,-2.1252875907417357f,0.438869418477939f,0.28292544051876295f,-2.2654483478216947f,-0.3122088175087682f,0.630522228748881f,0f,0f,0f,1f], start_interpolation: 0, interpolation_duration: 1 }
$data merge entity $(bone_sword_right) { transformation: [-2.477184340247563f,-0.17649771266366057f,-0.9641368285636928f,-1.0235886736842323f,0.9239692219063822f,0.4540119391788091f,-2.457093314953448f,1.5339702153644041f,0.3270965358087339f,-2.6191363536180594f,-0.36095171388197145f,1.5121057408174485f,0f,0f,0f,1f], start_interpolation: 0, interpolation_duration: 1 }
$data merge entity $(bone_right_hand) { transformation: [-0.9298571310633988f,-0.06625169313006479f,-0.36190665781102294f,-1.5571424262069868f,0.3468290009401914f,0.17042181010685206f,-0.922315591729172f,0.49801048814263404f,0.12278175726619094f,-0.9831414546225297f,-0.13548992687769232f,1.1612565158065493f,0f,0f,0f,1f], start_interpolation: 0, interpolation_duration: 1 }
$data merge entity $(bone_right_arm_low) { transformation: [-0.7779930767862961f,-0.06625169313006479f,-0.6247699461641797f,-1.5942936128555387f,0.6081223446139107f,0.17042181010685206f,-0.775334521752504f,0.6061954479063509f,0.15784164993395253f,-0.9831414546225297f,-0.09229785343562341f,0.16536565014328442f,0f,0f,0f,1f], start_interpolation: 0, interpolation_duration: 1 }
$data merge entity $(bone_right_arm) { transformation: [-0.861000399786446f,0.5607066774588059f,-0.4111670122404211f,-1f,0.6730054514038715f,0.8364722834505409f,-0.26860707349907426f,1.4375f,0.17468243323894733f,-0.45901429106964897f,-0.9917479047850699f,-0.30617375000000013f,0f,0f,0f,1f], start_interpolation: 0, interpolation_duration: 1 }