# This file was generated by Animated Java via MC-Build. It is not recommended to edit this file directly.
$data merge entity $(bone_barrel1) { transformation: [0.38647887483311294f,-1.2751564302370366f,-0.048866507043632365f,1.8407411122763653f,-1.2178841975348147f,-0.38382420425441144f,0.3836858603092185f,-0.23994279338332036f,-0.3810117301087832f,-0.06657954964838861f,-1.2759996092734147f,1.4146017563912872f,0f,0f,0f,1f], start_interpolation: 0, interpolation_duration: 1 }
$data merge entity $(bone_barrel2) { transformation: [0.38647887483311294f,-1.2751564302370366f,-0.048866507043632365f,1.4821033662721985f,-1.2178841975348147f,-0.38382420425441144f,0.3836858603092185f,-0.3478933508298736f,-0.3810117301087832f,-0.06657954964838861f,-1.2759996092734147f,1.3958762580526778f,0f,0f,0f,1f], start_interpolation: 0, interpolation_duration: 1 }
$data merge entity $(bone_blaster_left) { transformation: [0.28985915612483476f,-0.9563673226777777f,-0.036649880282724284f,1.634103617626174f,-0.9134131481511113f,-0.28786815319080866f,0.28776439523191394f,-0.1697986253428483f,-0.28575879758158745f,-0.04993466223629147f,-0.9569997069550612f,1.2145593581829814f,0f,0f,0f,1f], start_interpolation: 0, interpolation_duration: 1 }
$data merge entity $(bone_sword_left) { transformation: [-2.547808772034196f,-0.09763705248405857f,0.7721988017757726f,1.1734868377895058f,-0.7668946737277187f,0.7666182575102555f,-2.433376774976721f,1.2862576984635672f,-0.13302835370615468f,-2.549493474314119f,-0.7612752484325661f,1.5562877462945381f,0f,0f,0f,1f], start_interpolation: 0, interpolation_duration: 1 }
$data merge entity $(bone_rocket_left) { transformation: [-2.2037528382961744f,-0.08445215115686425f,0.6679211249373245f,1.6021756212943685f,-0.6633332660018784f,0.6630941770127549f,-2.1047737308076764f,0.3661191854852848f,-0.11506421332388403f,-2.2052100384878903f,-0.6584726875394302f,0.5278364174614711f,0f,0f,0f,1f], start_interpolation: 0, interpolation_duration: 1 }
$data merge entity $(bone_drillhead_left1) { transformation: [0.28985915612483454f,-0.03664988028272456f,0.9563673226777778f,1.6016726060250501f,-0.9134131481511113f,0.2877643952319141f,0.2878681531908085f,-0.19912152582194562f,-0.2857587975815877f,-0.9569997069550611f,0.04993466223629119f,1.885152438103278f,0f,0f,0f,1f], start_interpolation: 0, interpolation_duration: 1 }
$data merge entity $(bone_drillhead_left2) { transformation: [-0.9944924917529165f,-0.03664988028272456f,-0.09819098798941522f,1.322071568510267f,0.08359258390705793f,0.2877643952319141f,-0.9540460852351696f,0.055253676222434656f,0.06322154508406919f,-0.9569997069550611f,-0.28311587225924f,1.972349403915994f,0f,0f,0f,1f], start_interpolation: 0, interpolation_duration: 1 }
$data merge entity $(bone_drillhead_left3) { transformation: [0.7726438982163162f,-0.03664988028272456f,-0.6337808712988717f,1.6849238810325937f,0.6155035734966813f,0.2877643952319141f,0.7337213393718535f,0.1646029111543721f,0.15548876989001661f,-0.9569997069550611f,0.2448975363820893f,1.9913340728902567f,0f,0f,0f,1f], start_interpolation: 0, interpolation_duration: 1 }
$data merge entity $(bone_drill_left) { transformation: [0.4431382479540761f,-0.05603053549641417f,1.4620995432327846f,1.5047167607905225f,-1.3964309685479714f,0.4399357661543578f,0.44009439188393784f,0.19521001040490796f,-0.4368695976028848f,-1.46306633574131f,0.07634038210626243f,1.4673922487001838f,0f,0f,0f,1f], start_interpolation: 0, interpolation_duration: 1 }
$data merge entity $(bone_left_hand) { transformation: [-0.9563673226777777f,-0.03664988028272456f,0.28985915612483476f,1.6023843641779287f,-0.2878681531908087f,0.2877643952319141f,-0.9134131481511112f,0.2793253096287722f,-0.049934662236291255f,-0.9569997069550611f,-0.2857587975815877f,1.024196195787851f,0f,0f,0f,1f], start_interpolation: 0, interpolation_duration: 1 }
$data merge entity $(bone_left_arm_low) { transformation: [-0.8578358494376246f,-0.03664988028272456f,0.512615296001681f,1.5281389713054052f,-0.5002918790383825f,0.2877643952319141f,-0.8166392646726309f,0.5103014853997677f,-0.11758269935612821f,-0.9569997069550611f,-0.26519025189484935f,0.05156037475131775f,0f,0f,0f,1f], start_interpolation: 0, interpolation_duration: 1 }
$data merge entity $(bone_left_arm) { transformation: [-0.9493619305301642f,-0.49317400747018514f,0.28330778624998204f,1f,-0.5536701041624835f,0.9274910028490249f,-0.2407941733614891f,1.4375f,-0.13012808747834753f,-0.3482984589743916f,-1.0423659831648957f,-0.3061737499999999f,0f,0f,0f,1f], start_interpolation: 0, interpolation_duration: 1 }
$data merge entity $(bone_drillhead_right1) { transformation: [-0.31990603245919025f,0.0461458367055505f,0.9463248343729357f,-1.638628754765815f,-0.9033283124096935f,0.2863950464702071f,-0.31933655812697553f,-0.12080607534855786f,-0.28575879758158795f,-0.9569997069550611f,-0.049934662236291026f,1.9031790198873402f,0f,0f,0f,1f], start_interpolation: 0, interpolation_duration: 1 }
$data merge entity $(bone_drillhead_right2) { transformation: [-0.751867407048508f,0.0461458367055505f,-0.6576974714660975f,-1.730026843643127f,0.6407172891816192f,0.2863950464702071f,-0.7123617288295923f,0.18895926528675683f,0.1554887698900166f,-0.9569997069550611f,-0.24489753638208964f,1.99147331844092f,0f,0f,0f,1f], start_interpolation: 0, interpolation_duration: 1 }
$data merge entity $(bone_drillhead_right3) { transformation: [0.9967128841200695f,0.0461458367055505f,-0.06658820003422289f,-1.3709058461742256f,0.05066026910939214f,0.2863950464702071f,0.9567713491169623f,0.06790563849818226f,0.06322154508406945f,-0.9569997069550611f,0.2831158722592402f,1.9725629467540284f,0f,0f,0f,1f], start_interpolation: 0, interpolation_duration: 1 }
$data merge entity $(bone_drill_right) { transformation: [-0.48907407524795254f,0.0705480051120611f,1.4467465327155302f,-1.5479883492565194f,-1.3810132170402982f,0.4378422983501543f,-0.48820345980421004f,0.23429414875124188f,-0.43686959760288524f,-1.46306633574131f,-0.07634038210626216f,1.3069755954566231f,0f,0f,0f,1f], start_interpolation: 0, interpolation_duration: 1 }
$data merge entity $(bone_barrel3) { transformation: [-0.42654137661225333f,-1.261766445830581f,0.06152778227406752f,-1.4998138086706698f,-1.2044377498795915f,0.4257820775026338f,0.3818600619602757f,-0.3470369177788952f,-0.38101173010878364f,0.06657954964838766f,-1.275999609273415f,1.3911536167081473f,0f,0f,0f,1f], start_interpolation: 0, interpolation_duration: 1 }
$data merge entity $(bone_barrel4) { transformation: [-0.42654137661225333f,-1.261766445830581f,0.06152778227406752f,-1.8546856215605207f,-1.2044377498795915f,0.4257820775026338f,0.3818600619602757f,-0.22728570848127938f,-0.38101173010878364f,0.06657954964838766f,-1.275999609273415f,1.4098791150467562f,0f,0f,0f,1f], start_interpolation: 0, interpolation_duration: 1 }
$data merge entity $(bone_blaster_right) { transformation: [-0.5512858014977503f,-1.6307771403499922f,0.07952192829389386f,-2.2698079836384797f,-1.5566823447942213f,0.550304441092465f,0.4935371850434069f,-1.9120654174338476f,-0.4924407537700793f,0.08605111345302541f,-1.6491728725032273f,0.5605548144605578f,0f,0f,0f,1f], start_interpolation: 0, interpolation_duration: 1 }
$data merge entity $(bone_rocket_right) { transformation: [-2.1806119785233986f,0.10633364001884846f,-0.7371580043597294f,-1.400694265929105f,0.7358457672660978f,0.6599387929373352f,-2.081535290030892f,0.3067841838919625f,0.11506421332388335f,-2.2052100384878903f,-0.6584726875394309f,0.5153527519023977f,0f,0f,0f,1f], start_interpolation: 0, interpolation_duration: 1 }
$data merge entity $(bone_sword_right) { transformation: [-2.5210550978031625f,0.12293473936569399f,-0.8522451325961845f,-1.1783933441267895f,0.8507280254505718f,0.7629702462238778f,-2.4065102851278573f,1.29207740398583f,0.1330283537061539f,-2.549493474314119f,-0.7612752484325668f,1.556287746294538f,0f,0f,0f,1f], start_interpolation: 0, interpolation_duration: 1 }
$data merge entity $(bone_right_hand) { transformation: [-0.9463248343729358f,0.0461458367055505f,-0.31990603245919f,-1.640354265846415f,0.3193365581269753f,0.2863950464702071f,-0.9033283124096936f,0.2998788197142086f,0.049934662236290964f,-0.9569997069550611f,-0.28575879758158795f,1.0241961957878503f,0f,0f,0f,1f], start_interpolation: 0, interpolation_duration: 1 }
$data merge entity $(bone_right_arm_low) { transformation: [-0.8408226686746038f,0.0461458367055505f,-0.5393401538896044f,-1.5585113921577518f,0.5283857952812924f,0.2863950464702071f,-0.7992410954788826f,0.5282734697456198f,0.117582699356128f,-0.9569997069550611f,-0.2651902518948497f,0.05156037475131725f,0f,0f,0f,1f], start_interpolation: 0, interpolation_duration: 1 }
$data merge entity $(bone_right_arm) { transformation: [-0.9305335426232835f,0.5235752235652313f,-0.29111559534935233f,-1f,0.5847614773873339f,0.910675105226178f,-0.23129385166731165f,1.4375f,0.13012808747834728f,-0.3482984589743913f,-1.0423659831648957f,-0.30617375000000013f,0f,0f,0f,1f], start_interpolation: 0, interpolation_duration: 1 }