# This file was generated by Animated Java via MC-Build. It is not recommended to edit this file directly.
$data merge entity $(bone_barrel1) { transformation: [0.386478874833113f,-1.2751564302370368f,-0.04886650704363238f,1.8407411122763653f,-1.217884197534815f,-0.38382420425441155f,0.3836858603092186f,-0.23994279338332036f,-0.38101173010878325f,-0.06657954964838862f,-1.275999609273415f,1.5396017563912872f,0f,0f,0f,1f], start_interpolation: 0, interpolation_duration: 1 }
$data merge entity $(bone_barrel2) { transformation: [0.386478874833113f,-1.2751564302370368f,-0.04886650704363238f,1.4821033662721985f,-1.217884197534815f,-0.38382420425441155f,0.3836858603092186f,-0.3478933508298736f,-0.38101173010878325f,-0.06657954964838862f,-1.275999609273415f,1.520876258052678f,0f,0f,0f,1f], start_interpolation: 0, interpolation_duration: 1 }
$data merge entity $(bone_blaster_left) { transformation: [0.28985915612483476f,-0.9563673226777777f,-0.036649880282724284f,1.634103617626174f,-0.9134131481511113f,-0.28786815319080866f,0.28776439523191394f,-0.1697986253428483f,-0.28575879758158745f,-0.04993466223629147f,-0.9569997069550612f,1.3395593581829814f,0f,0f,0f,1f], start_interpolation: 0, interpolation_duration: 1 }
$data merge entity $(bone_sword_left) { transformation: [-2.547808772034196f,-0.09763705248405857f,0.7721988017757726f,1.1734868377895058f,-0.7668946737277187f,0.7666182575102555f,-2.433376774976721f,1.286257698463567f,-0.13302835370615468f,-2.549493474314119f,-0.7612752484325661f,1.6812877462945381f,0f,0f,0f,1f], start_interpolation: 0, interpolation_duration: 1 }
$data merge entity $(bone_rocket_left) { transformation: [-2.2037528382961744f,-0.08445215115686425f,0.6679211249373245f,1.6021756212943685f,-0.6633332660018784f,0.6630941770127549f,-2.1047737308076764f,0.3661191854852848f,-0.11506421332388403f,-2.2052100384878903f,-0.6584726875394302f,0.6528364174614711f,0f,0f,0f,1f], start_interpolation: 0, interpolation_duration: 1 }
$data merge entity $(bone_drillhead_left1) { transformation: [0.28985915612483454f,-0.03664988028272456f,0.9563673226777778f,1.6016726060250501f,-0.9134131481511113f,0.2877643952319141f,0.2878681531908085f,-0.19912152582194564f,-0.2857587975815877f,-0.9569997069550611f,0.04993466223629119f,2.0101524381032783f,0f,0f,0f,1f], start_interpolation: 0, interpolation_duration: 1 }
$data merge entity $(bone_drillhead_left2) { transformation: [-0.9944924917529165f,-0.03664988028272456f,-0.09819098798941522f,1.322071568510267f,0.08359258390705793f,0.2877643952319141f,-0.9540460852351696f,0.05525367622243463f,0.06322154508406919f,-0.9569997069550611f,-0.28311587225924f,2.097349403915994f,0f,0f,0f,1f], start_interpolation: 0, interpolation_duration: 1 }
$data merge entity $(bone_drillhead_left3) { transformation: [0.7726438982163162f,-0.03664988028272456f,-0.6337808712988717f,1.6849238810325937f,0.6155035734966813f,0.2877643952319141f,0.7337213393718535f,0.16460291115437203f,0.15548876989001661f,-0.9569997069550611f,0.2448975363820893f,2.1163340728902567f,0f,0f,0f,1f], start_interpolation: 0, interpolation_duration: 1 }
$data merge entity $(bone_drill_left) { transformation: [0.4431382479540761f,-0.05603053549641417f,1.4620995432327846f,1.5047167607905225f,-1.3964309685479714f,0.4399357661543578f,0.44009439188393784f,0.19521001040490793f,-0.4368695976028848f,-1.46306633574131f,0.07634038210626243f,1.5923922487001838f,0f,0f,0f,1f], start_interpolation: 0, interpolation_duration: 1 }
$data merge entity $(bone_left_hand) { transformation: [-0.9563673226777777f,-0.03664988028272456f,0.28985915612483476f,1.6023843641779287f,-0.2878681531908087f,0.2877643952319141f,-0.9134131481511112f,0.2793253096287722f,-0.049934662236291255f,-0.9569997069550611f,-0.2857587975815877f,1.149196195787851f,0f,0f,0f,1f], start_interpolation: 0, interpolation_duration: 1 }
$data merge entity $(bone_left_arm_low) { transformation: [-0.8578358494376246f,-0.03664988028272456f,0.512615296001681f,1.5281389713054052f,-0.5002918790383825f,0.2877643952319141f,-0.8166392646726309f,0.5103014853997677f,-0.11758269935612821f,-0.9569997069550611f,-0.26519025189484935f,0.17656037475131778f,0f,0f,0f,1f], start_interpolation: 0, interpolation_duration: 1 }
$data merge entity $(bone_left_arm) { transformation: [-0.9493619305301642f,-0.49317400747018514f,0.28330778624998204f,1f,-0.5536701041624835f,0.9274910028490249f,-0.2407941733614891f,1.4375f,-0.13012808747834753f,-0.3482984589743916f,-1.0423659831648957f,-0.18117374999999988f,0f,0f,0f,1f], start_interpolation: 0, interpolation_duration: 1 }
$data merge entity $(bone_drillhead_right1) { transformation: [-0.31990603245919025f,0.0461458367055505f,0.9463248343729357f,-1.638628754765815f,-0.9033283124096935f,0.2863950464702071f,-0.31933655812697553f,-0.12080607534855789f,-0.28575879758158795f,-0.9569997069550611f,-0.049934662236291026f,2.0281790198873404f,0f,0f,0f,1f], start_interpolation: 0, interpolation_duration: 1 }
$data merge entity $(bone_drillhead_right2) { transformation: [-0.751867407048508f,0.0461458367055505f,-0.6576974714660975f,-1.730026843643127f,0.6407172891816192f,0.2863950464702071f,-0.7123617288295923f,0.1889592652867568f,0.1554887698900166f,-0.9569997069550611f,-0.24489753638208964f,2.1164733184409203f,0f,0f,0f,1f], start_interpolation: 0, interpolation_duration: 1 }
$data merge entity $(bone_drillhead_right3) { transformation: [0.9967128841200695f,0.0461458367055505f,-0.06658820003422289f,-1.3709058461742256f,0.05066026910939214f,0.2863950464702071f,0.9567713491169623f,0.06790563849818224f,0.06322154508406945f,-0.9569997069550611f,0.2831158722592402f,2.097562946754029f,0f,0f,0f,1f], start_interpolation: 0, interpolation_duration: 1 }
$data merge entity $(bone_drill_right) { transformation: [-0.48907407524795254f,0.0705480051120611f,1.4467465327155302f,-1.5479883492565194f,-1.3810132170402982f,0.4378422983501543f,-0.48820345980421004f,0.23429414875124185f,-0.43686959760288524f,-1.46306633574131f,-0.07634038210626216f,1.4319755954566236f,0f,0f,0f,1f], start_interpolation: 0, interpolation_duration: 1 }
$data merge entity $(bone_barrel3) { transformation: [0.42654137661225333f,1.261766445830581f,0.06152778227406697f,-1.8698260861227411f,1.2044377498795915f,-0.42578207750263364f,0.3818600619602759f,-0.21279785568682708f,0.38101173010878364f,-0.06657954964838823f,-1.275999609273415f,1.5060304435891074f,0f,0f,0f,1f], start_interpolation: 0, interpolation_duration: 1 }
$data merge entity $(bone_barrel4) { transformation: [0.42654137661225333f,1.261766445830581f,0.06152778227406697f,-1.5144647524288881f,1.2044377498795915f,-0.42578207750263364f,0.3818600619602759f,-0.32951095053210605f,0.38101173010878364f,-0.06657954964838823f,-1.275999609273415f,1.4771529727341557f,0f,0f,0f,1f], start_interpolation: 0, interpolation_duration: 1 }
$data merge entity $(bone_blaster_right) { transformation: [0.31990603245919f,0.9463248343729358f,0.046145836705550225f,-1.6834429417391892f,0.9033283124096937f,-0.31933655812697526f,0.2863950464702069f,-0.18540441508510536f,0.28575879758158773f,-0.04993466223629118f,-0.9569997069550612f,1.110013370223068f,0f,0f,0f,1f], start_interpolation: 0, interpolation_duration: 1 }
$data merge entity $(bone_rocket_right) { transformation: [-2.1806119785233986f,0.10633364001884846f,-0.7371580043597294f,-1.400694265929105f,0.7358457672660978f,0.6599387929373352f,-2.081535290030892f,0.3067841838919625f,0.11506421332388335f,-2.2052100384878903f,-0.6584726875394309f,0.6403527519023979f,0f,0f,0f,1f], start_interpolation: 0, interpolation_duration: 1 }
$data merge entity $(bone_sword_right) { transformation: [-2.5210550978031625f,0.12293473936569399f,-0.8522451325961845f,-1.1783933441267898f,0.8507280254505718f,0.7629702462238778f,-2.4065102851278573f,1.2920774039858296f,0.1330283537061539f,-2.549493474314119f,-0.7612752484325668f,1.681287746294538f,0f,0f,0f,1f], start_interpolation: 0, interpolation_duration: 1 }
$data merge entity $(bone_right_hand) { transformation: [-0.9463248343729358f,0.0461458367055505f,-0.31990603245919f,-1.640354265846415f,0.3193365581269753f,0.2863950464702071f,-0.9033283124096936f,0.2998788197142086f,0.049934662236290964f,-0.9569997069550611f,-0.28575879758158795f,1.1491961957878505f,0f,0f,0f,1f], start_interpolation: 0, interpolation_duration: 1 }
$data merge entity $(bone_right_arm_low) { transformation: [-0.8408226686746038f,0.0461458367055505f,-0.5393401538896044f,-1.5585113921577518f,0.5283857952812924f,0.2863950464702071f,-0.7992410954788826f,0.5282734697456198f,0.117582699356128f,-0.9569997069550611f,-0.2651902518948497f,0.17656037475131728f,0f,0f,0f,1f], start_interpolation: 0, interpolation_duration: 1 }
$data merge entity $(bone_right_arm) { transformation: [-0.9305335426232835f,0.5235752235652313f,-0.29111559534935233f,-1f,0.5847614773873339f,0.910675105226178f,-0.23129385166731165f,1.4375f,0.13012808747834728f,-0.3482984589743913f,-1.0423659831648957f,-0.1811737500000001f,0f,0f,0f,1f], start_interpolation: 0, interpolation_duration: 1 }