# This file was generated by Animated Java via MC-Build. It is not recommended to edit this file directly.
$data merge entity $(bone_barrel1) { transformation: [0.21299779802318708f,-1.299329661870048f,-0.21012411950967713f,1.7903044402005637f,-1.0009800288801514f,-0.2981238421701997f,0.8288177931792649f,-0.8509370113603701f,-0.8546629146032619f,0.02534526172919422f,-1.023077073287987f,0.6748150837195938f,0f,0f,0f,1f], start_interpolation: 0, interpolation_duration: 1 }
$data merge entity $(bone_barrel2) { transformation: [0.21299779802318708f,-1.299329661870048f,-0.21012411950967713f,1.4248679727996125f,-1.0009800288801514f,-0.2981238421701997f,0.8288177931792649f,-0.9347843419707388f,-0.8546629146032619f,0.02534526172919422f,-1.023077073287987f,0.6819434385809295f,0f,0f,0f,1f], start_interpolation: 0, interpolation_duration: 1 }
$data merge entity $(bone_blaster_left) { transformation: [0.15974834851739034f,-0.9744972464025362f,-0.15759308963225788f,1.5624501961542754f,-0.7507350216601136f,-0.22359288162764984f,0.6216133448844487f,-0.7064345255319313f,-0.6409971859524466f,0.01900894629689567f,-0.7673078049659905f,0.5530050075935831f,0f,0f,0f,1f], start_interpolation: 0, interpolation_duration: 1 }
$data merge entity $(bone_sword_left) { transformation: [-2.5961077651165994f,-0.4198356077796679f,0.42557732162050615f,1.2917129758621844f,-0.5956622436453383f,1.656007995417175f,-1.9999943832285896f,0.5322729346866004f,0.05064075170066821f,-2.044145078973305f,-1.7076474849079728f,1.4702570518826898f,0f,0f,0f,1f], start_interpolation: 0, interpolation_duration: 1 }
$data merge entity $(bone_rocket_left) { transformation: [-2.2455295384396514f,-0.36314103413795157f,0.3681073873086918f,1.4732302829363233f,-0.5152240523338864f,1.4323807815560716f,-1.7299152695425504f,0.045798309789684855f,0.04380222782759989f,-1.7681038581556923f,-1.4770468776864543f,0.12172637054421004f,0f,0f,0f,1f], start_interpolation: 0, interpolation_duration: 1 }
$data merge entity $(bone_drillhead_left1) { transformation: [0.1597483485173901f,-0.15759308963225813f,0.9744972464025362f,1.631074976950826f,-0.7507350216601135f,0.621613344884449f,0.22359288162764981f,-0.9803896343083258f,-0.6409971859524468f,-0.7673078049659904f,-0.019008946296895982f,1.162796709471288f,0f,0f,0f,1f], start_interpolation: 0, interpolation_duration: 1 }
$data merge entity $(bone_drillhead_left2) { transformation: [-0.961451106765201f,-0.15759308963225813f,-0.22533572153595474f,1.3920505372628458f,0.08072096793456768f,0.621613344884449f,-0.7791540122448668f,-0.7688496020384388f,0.2628609796749545f,-0.7673078049659904f,-0.5849297716842572f,1.3832619593872524f,0f,0f,0f,1f], start_interpolation: 0, interpolation_duration: 1 }
$data merge entity $(bone_drillhead_left3) { transformation: [0.839185014114622f,-0.15759308963225813f,-0.5205121806313477f,1.761799095760307f,0.4938667418365769f,0.621613344884449f,0.6080234294575262f,-0.6839105260253173f,0.22773702683833766f,-0.7673078049659904f,0.5994785893133368f,1.3761324156326176f,0f,0f,0f,1f], start_interpolation: 0, interpolation_duration: 1 }
$data merge entity $(bone_drill_left) { transformation: [0.24422414051694044f,-0.24092916905903172f,1.4898166688269487f,1.5065998752586054f,-1.147727767595349f,0.9503258487316304f,0.34183000856045986f,-0.45725846558185085f,-0.9799599699521913f,-1.1730643284826163f,-0.029060980063820352f,0.938606831011388f,0f,0f,0f,1f], start_interpolation: 0, interpolation_duration: 1 }
$data merge entity $(bone_left_hand) { transformation: [-0.9744972464025362f,-0.15759308963225813f,0.1597483485173903f,1.5420425559701154f,-0.22359288162764998f,0.621613344884449f,-0.7507350216601135f,-0.21808742379878254f,0.01900894629689584f,-0.7673078049659904f,-0.6409971859524468f,0.5454425971492332f,0f,0f,0f,1f], start_interpolation: 0, interpolation_duration: 1 }
$data merge entity $(bone_left_arm_low) { transformation: [-0.962927209230568f,-0.15759308963225813f,0.21894201931924598f,1.3311084538646731f,-0.2690071124819979f,0.621613344884449f,-0.7356847306391952f,0.3637228287230667f,-0.020158451268085763f,-0.7673078049659904f,-0.6409620653991515f,-0.24315517556473604f,0f,0f,0f,1f], start_interpolation: 0, interpolation_duration: 1 }
$data merge entity $(bone_left_arm) { transformation: [-1.0656659253800824f,-0.29611887489593364f,0.037970066476198286f,1f,-0.2977086021756709f,1.0645745116177834f,-0.05312886163277264f,1.4375f,-0.022309240427424784f,-0.06137344440515436f,-1.10476584697728f,-0.3061737499999999f,0f,0f,0f,1f], start_interpolation: 0, interpolation_duration: 1 }
$data merge entity $(bone_drillhead_right1) { transformation: [-0.1909483365554105f,0.18340480538549286f,0.9643139582771947f,-1.722743178484281f,-0.7434119587199053f,0.6144928069552835f,-0.2640781131264962f,-0.9045933102883401f,-0.6409971859524468f,-0.7673078049659903f,0.01900894629689593f,1.2027955912350499f,0f,0f,0f,1f], start_interpolation: 0, interpolation_duration: 1 }
$data merge entity $(bone_drillhead_right2) { transformation: [-0.8178371641298143f,0.18340480538549286f,-0.5454402353417034f,-1.8531240380072034f,0.5284678037259579f,0.6144928069552835f,-0.5857647741417021f,-0.6494239915738882f,0.2277370268383377f,-0.7673078049659903f,-0.5994785893133368f,1.3759819368956494f,0f,0f,0f,1f], start_interpolation: 0, interpolation_duration: 1 }
$data merge entity $(bone_drillhead_right3) { transformation: [0.963982693804672f,0.18340480538549286f,-0.19261371552046236f,-1.4871938994325131f,0.040515076322417826f,0.6144928069552835f,0.7878814116291902f,-0.7495307977521792f,0.2628609796749545f,-0.7673078049659903f,0.5849297716842572f,1.383278139918632f,0f,0f,0f,1f], start_interpolation: 0, interpolation_duration: 1 }
$data merge entity $(bone_drill_right) { transformation: [-0.29192285122940126f,0.28039025991603733f,1.4742484027814493f,-1.562350293205069f,-1.1365322293057676f,0.9394399317759418f,-0.40372404977090015f,-0.35612185964374504f,-0.9799599699521913f,-1.173064328482616f,0.029060980063820272f,0.7987862277926236f,0f,0f,0f,1f], start_interpolation: 0, interpolation_duration: 1 }
$data merge entity $(bone_barrel3) { transformation: [-0.2545977820738804f,-1.2857519443695928f,0.2445397405139907f,-1.481065792138786f,-0.991215944959874f,0.3521041508353282f,0.8193237426070443f,-0.927568506675065f,-0.854662914603262f,-0.02534526172919499f,-1.023077073287987f,0.6796472584391257f,0f,0f,0f,1f], start_interpolation: 0, interpolation_duration: 1 }
$data merge entity $(bone_barrel4) { transformation: [-0.2545977820738804f,-1.2857519443695928f,0.2445397405139907f,-1.842683526492734f,-0.991215944959874f,0.3521041508353282f,0.8193237426070443f,-0.8285392142526289f,-0.854662914603262f,-0.02534526172919499f,-1.023077073287987f,0.6725189035777895f,0f,0f,0f,1f], start_interpolation: 0, interpolation_duration: 1 }
$data merge entity $(bone_blaster_right) { transformation: [-0.3290563355539109f,-1.6617773328551675f,0.3160567631633477f,-1.9670396885638357f,-1.2811026236530796f,0.4550789903329684f,1.0589395798285266f,-2.097443860285016f,-1.1046138914578807f,-0.03275762608899529f,-1.3222817181795963f,-0.7788864688092939f,0f,0f,0f,1f], start_interpolation: 0, interpolation_duration: 1 }
$data merge entity $(bone_rocket_right) { transformation: [-2.2220642342858308f,0.4226188524444332f,-0.44000137674475603f,-1.2898355096470795f,0.6085139857193663f,1.4159729586416947f,-1.7130407691734673f,0.0007467920204151102f,-0.043802227827600425f,-1.768103858155692f,-1.4770468776864543f,0.12647860711843378f,0f,0f,0f,1f], start_interpolation: 0, interpolation_duration: 1 }
$data merge entity $(bone_sword_right) { transformation: [-2.56897899335843f,0.48859926611254667f,-0.5086955977532132f,-1.3292471618481532f,0.7035168571444533f,1.637038538214545f,-1.980485389607833f,0.5452394962920205f,-0.050640751700668826f,-2.044145078973305f,-1.7076474849079728f,1.4702570518826894f,0f,0f,0f,1f], start_interpolation: 0, interpolation_duration: 1 }
$data merge entity $(bone_right_hand) { transformation: [-0.9643139582771947f,0.18340480538549286f,-0.19094833655541027f,-1.6106821308744115f,0.26407811312649604f,0.6144928069552835f,-0.7434119587199054f,-0.19401683575560857f,-0.019008946296896072f,-0.7673078049659903f,-0.6409971859524468f,0.5454425971492328f,0f,0f,0f,1f], start_interpolation: 0, interpolation_duration: 1 }
$data merge entity $(bone_right_arm_low) { transformation: [-0.9508582012870823f,0.18340480538549286f,-0.24946213822262495f,-1.375644379727933f,0.3089697685657397f,0.6144928069552835f,-0.7259037624318048f,0.37848086808832226f,0.02015845126808553f,-0.7673078049659903f,-0.6409620653991515f,-0.24315517556473631f,0f,0f,0f,1f], start_interpolation: 0, interpolation_duration: 1 }
$data merge entity $(bone_right_arm) { transformation: [-1.0523092246915733f,0.3403011382350313f,-0.04015481887632225f,-1f,0.3419350405480542f,1.0512851250597135f,-0.051497499042292824f,1.4375f,0.022309240427424527f,-0.06137344440515428f,-1.10476584697728f,-0.30617375000000013f,0f,0f,0f,1f], start_interpolation: 0, interpolation_duration: 1 }