# This file was generated by Animated Java via MC-Build. It is not recommended to edit this file directly.
$data merge entity $(bone_barrel1) { transformation: [0.8070798716007872f,-1.0373905233223337f,-0.22409989012859427f,2.5762342383615904f,-0.9823782948175087f,-0.8367541915791336f,0.33548932400893433f,0.3064596770733824f,-0.4016624758501568f,-0.0379618594584346f,-1.2708280491467592f,0.9577063676244819f,0f,0f,0f,1f], start_interpolation: 0, interpolation_duration: 1 }
$data merge entity $(bone_barrel2) { transformation: [0.8070798716007872f,-1.0373905233223337f,-0.22409989012859427f,2.2844681536771843f,-0.9823782948175087f,-0.8367541915791336f,0.33548932400893433f,0.07112256069175105f,-0.4016624758501568f,-0.0379618594584346f,-1.2708280491467592f,0.9470295946517971f,0f,0f,0f,1f], start_interpolation: 0, interpolation_duration: 1 }
$data merge entity $(bone_blaster_left) { transformation: [0.6053099037005906f,-0.7780428924917505f,-0.16807491759644574f,2.3531368715957575f,-0.7367837211131317f,-0.6275656436843503f,0.2516169930067008f,0.293215625695131f,-0.30124685688761765f,-0.02847139459382596f,-0.9531210368600695f,0.7635714155123758f,0f,0f,0f,1f], start_interpolation: 0, interpolation_duration: 1 }
$data merge entity $(bone_sword_left) { transformation: [-2.072743871004494f,-0.44775970409794946f,1.612574840103719f,1.3865169327953573f,-1.6718652071145543f,0.6703198308578464f,-1.96282744425857f,1.468131323447354f,-0.07584917131535718f,-2.5391605097120067f,-0.8025361870133637f,1.1299934731098902f,0f,0f,0f,1f], start_interpolation: 0, interpolation_duration: 1 }
$data merge entity $(bone_rocket_left) { transformation: [-1.7928406711388167f,-0.38729426227411834f,1.3948128367602122f,2.1030306914183132f,-1.446096636399315f,0.5797998837407894f,-1.6977673516356009f,0.7767097721856665f,-0.06560650406866078f,-2.196272436765239f,-0.6941617516113772f,0.08276600779867543f,0f,0f,0f,1f], start_interpolation: 0, interpolation_duration: 1 }
$data merge entity $(bone_drillhead_left1) { transformation: [0.6053099037005903f,-0.16807491759644605f,0.7780428924917506f,2.352100914157498f,-0.7367837211131317f,0.2516169930067008f,0.6275656436843503f,0.2545475350126369f,-0.3012468568876179f,-0.9531210368600694f,0.028471394593825684f,1.4344740816258184f,0f,0f,0f,1f], start_interpolation: 0, interpolation_duration: 1 }
$data merge entity $(bone_drillhead_left2) { transformation: [-0.9504599753817319f,-0.16807491759644605f,0.2614893062293478f,1.9996287975508897f,-0.297840130200946f,0.2516169930067008f,-0.9208583743834606f,0.38468531445920695f,0.08897804245566056f,-0.9531210368600694f,-0.289211336319213f,1.5309850127009033f,0f,0f,0f,1f], start_interpolation: 0, interpolation_duration: 1 }
$data merge entity $(bone_drillhead_left3) { transformation: [0.48717583219628413f,-0.16807491759644605f,-0.8569775554813592f,2.294775565158557f,0.8617499768135387f,0.2516169930067008f,0.4405404252643923f,0.6229085264678145f,0.14158631991023668f,-0.9531210368600694f,0.2674202743044409f,1.5418275387031963f,0f,0f,0f,1f], start_interpolation: 0, interpolation_duration: 1 }
$data merge entity $(bone_drill_left) { transformation: [0.925401059539441f,-0.2569538444272504f,1.1894761884403893f,2.102405351159371f,-1.1263989437495785f,0.384673421834023f,0.959425755378538f,0.5826753607429542f,-0.4605478265635984f,-1.457136603890624f,0.04352722227509476f,1.0228849320618094f,0f,0f,0f,1f], start_interpolation: 0, interpolation_duration: 1 }
$data merge entity $(bone_left_hand) { transformation: [-0.7780428924917505f,-0.16807491759644605f,0.6053099037005906f,2.1492362812352495f,-0.6275656436843504f,0.2516169930067008f,-0.7367837211131316f,0.6969502582518868f,-0.02847139459382575f,-0.9531210368600694f,-0.3012468568876179f,0.5781544547841863f,0f,0f,0f,1f], start_interpolation: 0, interpolation_duration: 1 }
$data merge entity $(bone_left_arm_low) { transformation: [-0.5240929847092991f,-0.16807491759644605f,0.8349115913996201f,1.9744965393257106f,-0.8417136783240755f,0.2516169930067008f,-0.47771013444600546f,0.8810317046618953f,-0.12978685257241213f,-0.9531210368600694f,-0.27334165799258114f,-0.3916201871739271f,0f,0f,0f,1f], start_interpolation: 0, interpolation_duration: 1 }
$data merge entity $(bone_left_arm) { transformation: [-0.5800106489687039f,-0.9425282690918629f,0.0002959385539245064f,1f,-0.9315196178047975f,0.5732890706151327f,0.16847202050212726f,1.4375f,-0.14363435265191518f,0.08804590853618438f,-1.0937957164216412f,-0.3061737499999999f,0f,0f,0f,1f], start_interpolation: 0, interpolation_duration: 1 }
$data merge entity $(bone_drillhead_right1) { transformation: [-0.610183089803562f,0.16973999593392378f,0.7738636383098315f,-2.3243630841185734f,-0.7327529789315833f,0.2504967522247301f,-0.6327119794912632f,0.3114496965639757f,-0.30124685688761804f,-0.9531210368600694f,-0.028471394593825635f,1.4533970334607509f,0f,0f,0f,1f], start_interpolation: 0, interpolation_duration: 1 }
$data merge entity $(bone_drillhead_right2) { transformation: [-0.48144981721200786f,0.16973999593392378f,-0.8598804610449502f,-2.302962621515306f,0.8649620728799619f,0.2504967522247301f,-0.43484708761133706f,0.63365345298695f,0.14158631991023668f,-0.9531210368600694f,-0.26742027430444104f,1.541888951813203f,0f,0f,0f,1f], start_interpolation: 0, interpolation_duration: 1 }
$data merge entity $(bone_drillhead_right3) { transformation: [0.9484637355663337f,0.16973999593392378f,0.2675908744630647f,-2.0092436421456092f,-0.3041372227733965f,0.2504967522247301f,0.919103871631791f,0.3936685229261744f,0.08897804245566067f,-0.9531210368600694f,0.28921133631921314f,1.531124749993701f,0f,0f,0f,1f], start_interpolation: 0, interpolation_duration: 1 }
$data merge entity $(bone_drill_right) { transformation: [-0.9328512128500887f,0.2594994252087606f,1.1830869220094447f,-2.0984132730917313f,-1.1202367232692405f,0.3829607916585753f,-0.9672935014361321f,0.6109919346775683f,-0.4605478265635986f,-1.457136603890624f,-0.04352722227509468f,0.8626420029681063f,0f,0f,0f,1f], start_interpolation: 0, interpolation_duration: 1 }
$data merge entity $(bone_barrel3) { transformation: [-0.8135774530714156f,-1.0318181844131087f,0.22631999457856505f,-2.260628811934428f,-0.977003971908778f,0.8436159726550176f,0.333995669632973f,0.05014822874004499f,-0.4016624758501571f,0.037961859458433805f,-1.2708280491467594f,0.9432211007775541f,0f,0f,0f,1f], start_interpolation: 0, interpolation_duration: 1 }
$data merge entity $(bone_barrel4) { transformation: [-0.8135774530714156f,-1.0318181844131087f,0.22631999457856505f,-2.550827676300615f,-0.977003971908778f,0.8436159726550176f,0.333995669632973f,0.28741522104926864f,-0.4016624758501571f,0.037961859458433805f,-1.2708280491467594f,0.9538978737502385f,0f,0f,0f,1f], start_interpolation: 0, interpolation_duration: 1 }
$data merge entity $(bone_blaster_right) { transformation: [-1.0515127555953248f,-1.33357921642201f,0.29250855004303594f,-3.5106211956377695f,-1.2627342791408422f,1.0903362091978237f,0.4316745819427777f,-1.1436656736514925f,-0.5191309262639622f,0.04906401879251223f,-1.6424888605275056f,0.08041926277994815f,0f,0f,0f,1f], start_interpolation: 0, interpolation_duration: 1 }
$data merge entity $(bone_rocket_right) { transformation: [-1.783210434882336f,0.3911310946555592f,-1.4060420971618524f,-1.9139230171837123f,1.4579553144118116f,0.5772185180413313f,-1.6884793309008943f,0.6258618332173543f,0.06560650406866037f,-2.196272436765239f,-0.6941617516113775f,0.07564815915021861f,0f,0f,0f,1f], start_interpolation: 0, interpolation_duration: 1 }
$data merge entity $(bone_sword_right) { transformation: [-2.0616101358665766f,0.45219555326777644f,-1.6255572434193624f,-1.3863052788725811f,1.6855752944437339f,0.6673354552697053f,-1.95208935226772f,1.470694108345379f,0.07584917131535669f,-2.5391605097120067f,-0.8025361870133642f,1.1299934731098902f,0f,0f,0f,1f], start_interpolation: 0, interpolation_duration: 1 }
$data merge entity $(bone_right_hand) { transformation: [-0.7738636383098316f,0.16973999593392378f,-0.6101830898035617f,-2.1541224816154094f,0.6327119794912631f,0.2504967522247301f,-0.7327529789315834f,0.704588513161029f,0.02847139459382557f,-0.9531210368600694f,-0.30124685688761804f,0.5781544547841858f,0f,0f,0f,1f], start_interpolation: 0, interpolation_duration: 1 }
$data merge entity $(bone_right_arm_low) { transformation: [-0.5184990425847704f,0.16973999593392378f,-0.8380614993060043f,-1.9781657173732503f,0.8451710570872758f,0.2504967522247301f,-0.4721623252514317f,0.8875070016536971f,0.12978685257241201f,-0.9531210368600694f,-0.27334165799258137f,-0.39162018717392755f,0f,0f,0f,1f], start_interpolation: 0, interpolation_duration: 1 }
$data merge entity $(bone_right_arm) { transformation: [-0.573819865850817f,0.9463097090155143f,0.000821408516328705f,-1f,0.9353458787139886f,0.5670254237219334f,0.16847027797135664f,1.4375f,0.14363435265191504f,0.08804590853618459f,-1.0937957164216412f,-0.30617375000000013f,0f,0f,0f,1f], start_interpolation: 0, interpolation_duration: 1 }