# This file was generated by Animated Java via MC-Build. It is not recommended to edit this file directly.
$data merge entity $(bone_barrel1) { transformation: [0.8701420547442502f,-0.8343074200593272f,0.5697031781350541f,1.6660654223749498f,-0.9821711300297992f,-0.8746852968864143f,0.21918777457807742f,0.6794729377524351f,0.23658075509055954f,-0.5627028860974963f,-1.1853998422794338f,1.7298942416526706f,0f,0f,0f,1f], start_interpolation: 0, interpolation_duration: 1 }
$data merge entity $(bone_barrel2) { transformation: [0.8701420547442502f,-0.8343074200593272f,0.5697031781350541f,1.431416460483264f,-0.9821711300297992f,-0.8746852968864143f,0.21918777457807742f,0.4334676980031311f,0.23658075509055954f,-0.5627028860974963f,-1.1853998422794338f,1.5716340549377497f,0f,0f,0f,1f], start_interpolation: 0, interpolation_duration: 1 }
$data merge entity $(bone_blaster_left) { transformation: [0.6526065410581877f,-0.6257305650444954f,0.42727738360129064f,1.5988550930487537f,-0.7366283475223494f,-0.6560139726648108f,0.16439083093355808f,0.6417669088592541f,0.17743556631791965f,-0.4220271645731223f,-0.8890498817095754f,1.4440669395919699f,0f,0f,0f,1f], start_interpolation: 0, interpolation_duration: 1 }
$data merge entity $(bone_sword_left) { transformation: [-1.6669764689225135f,1.1382876016540449f,1.738575368028497f,0.6238568342233717f,-1.7476529305210682f,0.4379451191638273f,-1.9624135215030025f,1.8068231879713725f,-1.1243007644024183f,-2.368471855618592f,0.4726969247233095f,1.0684762195335835f,0f,0f,0f,1f], start_interpolation: 0, interpolation_duration: 1 }
$data merge entity $(bone_rocket_left) { transformation: [-1.4418680731002746f,0.9845733166777785f,1.503798261447069f,1.8045887047738038f,-1.5116499904808154f,0.37880503826222284f,-1.6974093249824902f,1.0568802834660764f,-0.9724752610346742f,-2.048633567611417f,0.4088639622200362f,0.705710479977182f,0f,0f,0f,1f], start_interpolation: 0, interpolation_duration: 1 }
$data merge entity $(bone_drillhead_left1) { transformation: [0.6526065410581877f,0.4272773836012903f,0.6257305650444956f,1.2040997210553863f,-0.7366283475223495f,0.1643908309335581f,0.6560139726648107f,0.659512251983452f,0.17743556631791937f,-0.8890498817095756f,0.4220271645731221f,1.9876292459771268f,0f,0f,0f,1f], start_interpolation: 0, interpolation_duration: 1 }
$data merge entity $(bone_drillhead_left2) { transformation: [-0.8278413730273881f,0.4272773836012903f,0.3634731056996717f,0.864538611574377f,-0.3241824179791604f,0.1643908309335581f,-0.9316015320823379f,0.7841973871119226f,-0.4578039110550649f,-0.8890498817095756f,0.0024262841705257887f,1.8474912266981767f,0f,0f,0f,1f], start_interpolation: 0, interpolation_duration: 1 }
$data merge entity $(bone_drillhead_left3) { transformation: [0.3283579507952758f,0.4272773836012903f,-0.8423865464336211f,1.1018848891405544f,0.8879733467937143f,0.1643908309335581f,0.42951017460468205f,1.0332151906723652f,0.3220006079706951f,-0.8890498817095756f,-0.3254318919508238f,2.0076047850699594f,0f,0f,0f,1f], start_interpolation: 0, interpolation_duration: 1 }
$data merge entity $(bone_drill_left) { transformation: [0.9977084149218548f,0.6532239784688139f,0.956620277213919f,1.2493888390932921f,-1.1261614077623836f,0.25132159278155786f,1.0029177148189812f,0.9425156799527032f,0.2712644548961527f,-1.3591842748444585f,0.6451974151798638f,1.4804021491227861f,0f,0f,0f,1f], start_interpolation: 0, interpolation_duration: 1 }
$data merge entity $(bone_left_hand) { transformation: [-0.6257305650444955f,0.4272773836012903f,0.6526065410581878f,1.550162104157022f,-0.6560139726648108f,0.1643908309335581f,-0.7366283475223494f,1.0207241397194442f,-0.42202716457312206f,-0.8890498817095756f,0.17743556631791946f,1.1391456979370997f,0f,0f,0f,1f], start_interpolation: 0, interpolation_duration: 1 }
$data merge entity $(bone_left_arm_low) { transformation: [-0.21559529472383018f,0.4272773836012903f,0.8780391257545307f,1.991403504517902f,-0.9364389393264512f,0.1643908309335581f,-0.3099318757697009f,1.116902165827296f,-0.27676846244848f,-0.8890498817095756f,0.3646772902527578f,0.24419395264489277f,0f,0f,0f,1f], start_interpolation: 0, interpolation_duration: 1 }
$data merge entity $(bone_left_arm) { transformation: [-0.23859805503164366f,-0.968643809816101f,0.4791368451435287f,1f,-1.0363515115921043f,0.34416865569969074f,0.17970937479345997f,1.4375f,-0.30629804290903523f,-0.409937903435197f,-0.9812769246096018f,-0.18117374999999988f,0f,0f,0f,1f], start_interpolation: 0, interpolation_duration: 1 }
$data merge entity $(bone_drillhead_right1) { transformation: [-0.6502222865023168f,-0.4278064770792653f,0.627847590028605f,-1.1630406804447289f,-0.738733780154352f,0.16300897521675853f,-0.653988131434848f,0.7072101944537842f,0.17743556631791935f,-0.8890498817095756f,-0.422027164573122f,1.9779480387440191f,0f,0f,0f,1f], start_interpolation: 0, interpolation_duration: 1 }
$data merge entity $(bone_drillhead_right2) { transformation: [-0.33122624156498226f,-0.4278064770792653f,-0.8409939328364768f,-1.1028800743817113f,0.8869074277314625f,0.16300897521675853f,-0.4322305965957793f,1.0351021793355388f,0.32200060797069496f,-0.8890498817095756f,0.3254318919508238f,2.0091186626524347f,0f,0f,0f,1f], start_interpolation: 0, interpolation_duration: 1 }
$data merge entity $(bone_drillhead_right3) { transformation: [0.8288848343629491f,-0.4278064770792653f,0.3604601913278842f,-0.8645611318765742f,-0.3215050705444523f,0.16300897521675853f,0.9327714423228175f,0.7870448707094988f,-0.4578039110550648f,-0.8890498817095756f,-0.0024262841705257887f,1.8489589710334093f,0f,0f,0f,1f], start_interpolation: 0, interpolation_duration: 1 }
$data merge entity $(bone_drill_right) { transformation: [-0.9940633536421272f,-0.6540328594438649f,0.9598567964768441f,-1.3344310383775633f,-1.1293802045746157f,0.24920900427666287f,-0.9998205977733076f,0.9485986906486f,0.27126445489615264f,-1.3591842748444585f,-0.6451974151798637f,1.3438129469205249f,0f,0f,0f,1f], start_interpolation: 0, interpolation_duration: 1 }
$data merge entity $(bone_barrel3) { transformation: [0.8669630486697555f,0.83713012003814f,-0.5704086361056875f,-1.6626729310681068f,0.9849783735391361f,-0.8719841752464639f,0.21734530028901133f,0.6632015145984664f,-0.23658075509055926f,-0.5627028860974963f,-1.1853998422794338f,1.689877423024452f,0f,0f,0f,1f], start_interpolation: 0, interpolation_duration: 1 }
$data merge entity $(bone_barrel4) { transformation: [0.8669630486697555f,0.83713012003814f,-0.5704086361056875f,-1.4317683093920464f,0.9849783735391361f,-0.8719841752464639f,0.21734530028901133f,0.41968518489561973f,-0.23658075509055926f,-0.5627028860974963f,-1.1853998422794338f,1.522186084033121f,0f,0f,0f,1f], start_interpolation: 0, interpolation_duration: 1 }
$data merge entity $(bone_blaster_right) { transformation: [0.6502222865023166f,0.627847590028605f,-0.4278064770792656f,-1.7329029062739338f,0.7387337801543521f,-0.6539881314348479f,0.1630089752167585f,0.5838275643764393f,-0.17743556631791946f,-0.4220271645731223f,-0.8890498817095754f,1.264335267528145f,0f,0f,0f,1f], start_interpolation: 0, interpolation_duration: 1 }
$data merge entity $(bone_rocket_right) { transformation: [-1.446746324068127f,-0.9857925043540644f,-1.4983042346018087f,-1.6463924092398146f,1.5069818538197177f,0.37562083446750694f,-1.7022608637465144f,0.8907847391105048f,0.9724752610346742f,-2.048633567611417f,0.40886396222003574f,0.600203688833901f,0f,0f,0f,1f], start_interpolation: 0, interpolation_duration: 1 }
$data merge entity $(bone_sword_right) { transformation: [-1.6726163258030555f,-1.1396971322522216f,-1.7322235986526862f,-0.6250524830454388f,1.7422559915687876f,0.4342637887445802f,-1.968022495797235f,1.8080369858238325f,1.1243007644024183f,-2.368471855618592f,0.472696924723309f,1.0684762195335833f,0f,0f,0f,1f], start_interpolation: 0, interpolation_duration: 1 }
$data merge entity $(bone_right_hand) { transformation: [-0.6278475900286051f,-0.4278064770792653f,-0.6502222865023167f,-1.5488121753009385f,0.6539881314348479f,0.16300897521675853f,-0.7387337801543521f,1.0189481456204845f,0.42202716457312206f,-0.8890498817095756f,0.17743556631791926f,1.1391456979370993f,0f,0f,0f,1f], start_interpolation: 0, interpolation_duration: 1 }
$data merge entity $(bone_right_arm_low) { transformation: [-0.21862081941845093f,-0.4278064770792653f,-0.8770328132321124f,-1.9903621265800542f,0.9357372256732708f,0.16300897521675853f,-0.31276815452995343f,1.1136995394036027f,0.2767684624484801f,-0.8890498817095756f,0.36467729025275764f,0.24419395264489233f,0f,0f,0f,1f], start_interpolation: 0, interpolation_duration: 1 }
$data merge entity $(bone_right_arm) { transformation: [-0.2419463855622864f,0.967526367844373f,-0.47971517859376583f,-1f,1.035574929185459f,0.3472975977271632f,0.17815982484696505f,1.4375f,0.30629804290903534f,-0.40993790343519676f,-0.9812769246096018f,-0.1811737500000001f,0f,0f,0f,1f], start_interpolation: 0, interpolation_duration: 1 }