# This file was generated by Animated Java via MC-Build. It is not recommended to edit this file directly.
$data merge entity $(bone_barrel1) { transformation: [0.21549809951103416f,-0.3068345685852272f,1.2795276059569902f,-0.07946924734773636f,-1.1719220325912256f,-0.6342926496529455f,0.045269878520637505f,0.6472947348449024f,0.598278443880573f,-1.1319466241369955f,-0.3722062888647595f,1.4990530147092822f,0f,0f,0f,1f], start_interpolation: 0, interpolation_duration: 1 }
$data merge entity $(bone_barrel2) { transformation: [0.21549809951103416f,-0.3068345685852272f,1.2795276059569902f,-0.1657664697623315f,-1.1719220325912256f,-0.6342926496529455f,0.045269878520637505f,0.46889992713001144f,0.598278443880573f,-1.1319466241369955f,-0.3722062888647595f,1.1806930266707523f,0f,0f,0f,1f], start_interpolation: 0, interpolation_duration: 1 }
$data merge entity $(bone_blaster_left) { transformation: [0.16162357463327562f,-0.23012592643892038f,0.9596457044677428f,0.07695726302295253f,-0.8789415244434193f,-0.4757194872397092f,0.03395240889047813f,0.624294097295388f,0.4487088329104298f,-0.8489599681027468f,-0.2791547166485696f,1.248777292530936f,0f,0f,0f,1f], start_interpolation: 0, interpolation_duration: 1 }
$data merge entity $(bone_sword_left) { transformation: [-0.6130665907863958f,2.5565425395777828f,0.43057301462915415f,-0.07189475686643543f,-1.2673397071151353f,0.09045085831733037f,-2.341542703290951f,1.9980998056613366f,-2.261670388090842f,-0.7436816576297616f,1.1953820184669757f,0.5142386080213582f,0f,0f,0f,1f], start_interpolation: 0, interpolation_duration: 1 }
$data merge entity $(bone_rocket_left) { transformation: [-0.5302781175493753f,2.2113071984288744f,0.37242846225274046f,0.8284358746221848f,-1.0961982340654788f,0.07823638019112156f,-2.025340926292984f,0.9603429556124793f,-1.9562545634326387f,-0.6432549341141817f,1.0339577070933523f,0.9621298516589636f,0f,0f,0f,1f], start_interpolation: 0, interpolation_duration: 1 }
$data merge entity $(bone_drillhead_left1) { transformation: [0.16162357463327578f,0.9596457044677428f,0.23012592643892063f,-0.57539553492632f,-0.8789415244434194f,0.03395240889047822f,0.47571948723970897f,0.7525687271026671f,0.44870883291042957f,-0.2791547166485699f,0.8489599681027468f,1.3466962804675437f,0f,0f,0f,1f], start_interpolation: 0, interpolation_duration: 1 }
$data merge entity $(bone_drillhead_left2) { transformation: [-0.274459297628894f,0.9596457044677428f,0.06125533316915159f,-0.673757356690046f,-0.10315113805531917f,0.03395240889047822f,-0.9940860509273965f,0.9596237118599575f,-0.9560501747622595f,-0.2791547166485699f,0.08966999224885647f,1.0337426421313112f,0f,0f,0f,1f], start_interpolation: 0, interpolation_duration: 1 }
$data merge entity $(bone_drillhead_left3) { transformation: [0.15075796904533953f,0.9596457044677428f,-0.2373860919808362f,-0.5864579479397241f,0.7758638568997437f,0.03395240889047822f,0.6299861184876918f,1.1402479497431657f,0.6126233021408659f,-0.2791547166485699f,-0.7394358213170891f,1.3558189862797398f,0f,0f,0f,1f], start_interpolation: 0, interpolation_duration: 1 }
$data merge entity $(bone_drill_left) { transformation: [0.2470909963603813f,1.4671115510711843f,0.35181776285525673f,-0.12290609565046984f,-1.343730563502357f,0.051906626620644596f,0.7272825289059563f,1.0064409246103376f,0.685988494259643f,-0.42677324290038215f,1.2978945977686398f,1.0816989466795714f,0f,0f,0f,1f], start_interpolation: 0, interpolation_duration: 1 }
$data merge entity $(bone_left_hand) { transformation: [-0.2301259264389206f,0.9596457044677428f,0.16162357463327584f,0.3385115489737337f,-0.4757194872397092f,0.03395240889047822f,-0.8789415244434193f,0.9983005964449538f,-0.8489599681027467f,-0.2791547166485699f,0.44870883291042973f,1.0736629079263467f,0f,0f,0f,1f], start_interpolation: 0, interpolation_duration: 1 }
$data merge entity $(bone_left_arm_low) { transformation: [-0.09580464911786829f,0.9596457044677428f,0.2643890903649614f,1.3004316219455148f,-0.893826737831731f,0.03395240889047822f,-0.4471252583646105f,0.9624161698970548f,-0.43805848005088094f,-0.2791547166485699f,0.8545041908781773f,0.7938327922395397f,0f,0f,0f,1f], start_interpolation: 0, interpolation_duration: 1 }
$data merge entity $(bone_left_arm) { transformation: [-0.10602644631829165f,-0.2925978640372088f,1.062034303201175f,1f,-0.9891928367690728f,0.4948309152014407f,0.037574932863373614f,1.4375f,-0.4847967645311763f,-0.9456748034370989f,-0.30893889651245837f,-0.18117374999999988f,0f,0f,0f,1f], start_interpolation: 0, interpolation_duration: 1 }
$data merge entity $(bone_drillhead_right1) { transformation: [-0.16162357463327598f,-0.9596457044677428f,0.2301259264389208f,0.5847289630614096f,-0.8789415244434192f,0.03395240889047822f,-0.4757194872397094f,0.8090902861690433f,0.4487088329104299f,-0.2791547166485701f,-0.8489599681027465f,1.3214853823041852f,0f,0f,0f,1f], start_interpolation: 0, interpolation_duration: 1 }
$data merge entity $(bone_drillhead_right2) { transformation: [-0.1507579690453396f,-0.9596457044677428f,-0.2373860919808365f,0.5856240170398761f,0.775863856899744f,0.03395240889047822f,-0.6299861184876914f,1.1418141664336623f,0.6126233021408656f,-0.2791547166485701f,0.7394358213170893f,1.3588762695153411f,0f,0f,0f,1f], start_interpolation: 0, interpolation_duration: 1 }
$data merge entity $(bone_drillhead_right3) { transformation: [0.27445929762889426f,-0.9596457044677428f,0.061255333169151716f,0.6729654479196028f,-0.10315113805531967f,0.03395240889047822f,0.9940860509273965f,0.9614184533468094f,-0.9560501747622594f,-0.2791547166485701f,-0.08966999224885686f,1.036683261070356f,0f,0f,0f,1f], start_interpolation: 0, interpolation_duration: 1 }
$data merge entity $(bone_drill_right) { transformation: [-0.2470909963603816f,-1.4671115510711843f,0.351817762855257f,-0.034931837403247956f,-1.3437305635023566f,0.051906626620644596f,-0.727282528905957f,0.9887149940744664f,0.6859884942596435f,-0.4267732429003825f,-1.2978945977686396f,1.0503289104158633f,0f,0f,0f,1f], start_interpolation: 0, interpolation_duration: 1 }
$data merge entity $(bone_barrel3) { transformation: [0.21549809951103427f,0.30683456858522745f,-1.2795276059569902f,0.05363030144925768f,1.1719220325912256f,-0.6342926496529455f,0.045269878520637505f,0.633310236212316f,-0.598278443880573f,-1.1319466241369955f,-0.37220628886475976f,1.4684187518212277f,0f,0f,0f,1f], start_interpolation: 0, interpolation_duration: 1 }
$data merge entity $(bone_barrel4) { transformation: [0.21549809951103427f,0.30683456858522745f,-1.2795276059569902f,0.12974748227514604f,1.1719220325912256f,-0.6342926496529455f,0.045269878520637505f,0.4552755998949863f,-0.598278443880573f,-1.1319466241369955f,-0.37220628886475976f,1.14709745565415f,0f,0f,0f,1f], start_interpolation: 0, interpolation_duration: 1 }
$data merge entity $(bone_blaster_right) { transformation: [0.1616235746332757f,0.2301259264389206f,-0.9596457044677428f,-0.2873735118482501f,0.8789415244434193f,-0.4757194872397092f,0.03395240889047813f,0.5322742594498017f,-0.4487088329104298f,-0.8489599681027468f,-0.27915471664856983f,1.2118515477363987f,0f,0f,0f,1f], start_interpolation: 0, interpolation_duration: 1 }
$data merge entity $(bone_rocket_right) { transformation: [-0.5302781175493757f,-2.2113071984288744f,-0.3724284622527406f,-0.7709043930124548f,1.0961982340654788f,0.07823638019112156f,-2.025340926292984f,0.841413083802552f,1.9562545634326387f,-0.6432549341141821f,1.0339577070933523f,0.7498898596332768f,0f,0f,0f,1f], start_interpolation: 0, interpolation_duration: 1 }
$data merge entity $(bone_sword_right) { transformation: [-0.6130665907863964f,-2.5565425395777828f,-0.43057301462915437f,0.07189475686643537f,1.2673397071151353f,0.09045085831733037f,-2.341542703290951f,1.9980998056613366f,2.261670388090842f,-0.7436816576297622f,1.1953820184669757f,0.5142386080213583f,0f,0f,0f,1f], start_interpolation: 0, interpolation_duration: 1 }
$data merge entity $(bone_right_hand) { transformation: [-0.23012592643892082f,-0.9596457044677428f,-0.16162357463327592f,-0.3385115489737339f,0.4757194872397092f,0.03395240889047822f,-0.8789415244434193f,0.9983005964449538f,0.8489599681027467f,-0.2791547166485701f,0.44870883291042973f,1.0736629079263467f,0f,0f,0f,1f], start_interpolation: 0, interpolation_duration: 1 }
$data merge entity $(bone_right_arm_low) { transformation: [-0.0958046491178684f,-0.9596457044677428f,-0.2643890903649616f,-1.300431621945515f,0.893826737831731f,0.03395240889047822f,-0.4471252583646105f,0.9624161698970548f,0.43805848005088094f,-0.2791547166485701f,0.8545041908781773f,0.7938327922395395f,0f,0f,0f,1f], start_interpolation: 0, interpolation_duration: 1 }
$data merge entity $(bone_right_arm) { transformation: [-0.10602644631829178f,0.292597864037209f,-1.062034303201175f,-1f,0.9891928367690728f,0.4948309152014407f,0.037574932863373614f,1.4375f,0.4847967645311763f,-0.9456748034370989f,-0.3089388965124586f,-0.1811737500000001f,0f,0f,0f,1f], start_interpolation: 0, interpolation_duration: 1 }